34 142 54
34 143 54
34 144 54
34 145 75
34 146 75
34 147 54
34 148 54
34 149 54
35 139 54
35 140 54
35 141 54
35 142 75
35 143 90
35 144 90
35 145 90
35 146 90
35 147 90
35 148 75
35 149 75
35 150 54
35 151 54
36 138 54
36 139 54
36 140 54
36 141 90
36 142 99
36 143 100
36 144 90
36 145 90
36 146 90
36 147 90
36 148 90
36 149 75
36 150 75
36 151 75
36 152 54
37 137 54
37 138 54
37 139 76
37 140 110
37 141 109
37 142 108
37 143 108
37 144 108
37 145 108
37 146 90
37 147 90
37 148 90
37 149 75
37 150 75
37 151 75
37 152 54
38 137 54
38 138 76
38 139 101
38 140 108
38 141 108
38 142 107
38 143 108
38 144 108
38 145 108
38 146 108
38 147 90
38 148 90
38 149 75
38 150 75
38 151 76
38 152 75
38 153 55
39 136 54
39 137 76
39 138 101
39 139 103
39 140 101
39 141 98
39 142 94
39 143 93
39 144 107
39 145 101
39 146 103
39 147 104
39 148 98
39 149 108
39 150 105
39 151 111
39 152 92
39 153 79
39 154 71
39 155 45
39 156 45
39 157 54
40 136 75
40 137 76
40 138 84
40 139 87
40 140 87
40 141 87
40 142 97
40 143 87
40 144 88
40 145 94
40 146 90
40 147 100
40 148 91
40 149 97
40 150 102
40 151 94
40 152 96
40 153 93
40 154 81
40 155 84
40 156 30
40 157 30
40 158 30
40 159 55
41 135 54
41 136 76
41 137 53
41 138 53
41 139 72
41 140 72
41 141 80
41 142 81
41 143 88
41 144 92
41 145 87
41 146 96
41 147 91
41 148 85
41 149 84
41 150 86
41 151 86
41 152 95
41 153 94
41 154 82
41 155 66
41 156 76
41 157 79
41 158 30
41 159 30
41 160 55
42 135 76
42 136 66
42 137 53
42 138 53
42 139 72
42 140 72
42 141 71
42 142 75
42 143 84
42 144 80
42 145 68
42 146 72
42 147 74
42 148 71
42 149 67
42 150 77
42 151 72
42 152 72
42 153 82
42 154 67
42 155 49
42 156 57
42 157 57
42 158 79
42 159 30
42 160 30
43 134 75
43 135 76
43 136 69
43 137 53
43 138 72
43 139 71
43 140 62
43 141 63
43 142 67
43 143 53
43 144 52
43 145 48
43 146 71
43 147 70
43 148 64
43 149 58
43 150 58
43 151 60
43 152 60
43 153 75
43 154 85
43 155 41
43 156 51
43 157 41
43 158 48
43 159 62
43 160 30
43 161 55
44 134 76
44 135 66
44 136 53
44 137 71
44 138 63
44 139 63
44 140 63
44 141 62
44 142 53
44 143 54
44 144 52
44 145 44
44 146 65
44 147 62
44 148 58
44 149 58
44 150 54
44 151 60
44 152 60
44 153 60
44 154 73
44 155 41
44 156 41
44 157 41
44 158 67
44 159 48
44 160 52
44 161 30
45 133 54
45 134 76
45 135 56
45 136 53
45 137 62
45 138 63
45 139 63
45 140 63
45 141 60
45 142 54
45 143 46
45 144 45
45 145 69
45 146 61
45 147 49
45 148 53
45 149 54
45 150 54
45 151 60
45 152 60
45 153 60
45 154 71
45 155 81
45 156 41
45 157 41
45 158 60
45 159 48
45 160 56
45 161 61
46 133 75
46 134 68
46 135 53
46 136 71
46 137 63
46 138 62
46 139 63
46 140 60
46 141 54
46 142 46
46 143 45
46 144 69
46 145 50
46 146 49
46 147 46
46 148 53
46 149 53
46 150 54
46 151 60
46 152 60
46 153 60
46 154 74
46 155 75
46 156 41
46 157 41
46 158 45
46 159 48
46 160 48
46 161 62
47 133 75
47 134 56
47 135 53
47 136 71
47 137 63
47 138 63
47 139 60
47 140 60
47 141 46
47 142 45
47 143 67
47 144 48
47 145 50
47 146 50
47 147 44
47 148 46
47 149 45
47 150 54
47 151 54
47 152 60
47 153 73
47 154 74
47 155 75
47 156 65
47 157 41
47 158 41
47 159 48
47 160 48
47 161 52
47 162 54
48 133 68
48 134 53
48 135 71
48 136 71
48 137 63
48 138 63
48 139 60
48 140 54
48 141 45
48 142 66
48 143 48
48 144 48
48 145 48
48 146 50
48 147 44
48 148 45
48 149 45
48 150 53
48 151 54
48 152 60
48 153 73
48 154 71
48 155 74
48 156 81
48 157 41
48 158 40
48 159 67
48 160 48
48 161 52
48 162 56
49 132 54
49 133 69
49 134 53
49 135 71
49 136 63
49 137 63
49 138 60
49 139 60
49 140 54
49 141 45
49 142 54
49 143 48
49 144 48
49 145 48
49 146 46
49 147 33
49 148 45
49 149 45
49 150 53
49 151 54
49 152 60
49 153 73
49 154 71
49 155 74
49 156 82
49 157 41
49 158 40
49 159 67
49 160 48
49 161 52
49 162 56
50 132 56
50 133 57
50 134 72
50 135 71
50 136 63
50 137 63
50 138 60
50 139 54
50 140 54
50 141 67
50 142 49
50 143 49
50 144 48
50 145 48
50 146 41
50 147 26
50 148 45
50 149 45
50 150 53
50 151 54
50 152 60
50 153 60
50 154 71
50 155 74
50 156 82
50 157 41
50 158 41
50 159 67
50 160 48
50 161 52
50 162 67
51 131 55
51 132 77
51 133 57
51 134 72
51 135 71
51 136 63
51 137 60
51 138 60
51 139 54
51 140 53
51 141 70
51 142 49
51 143 48
51 144 48
51 145 48
51 146 26
51 147 26
51 148 25
51 149 45
51 150 53
51 151 54
51 152 60
51 153 60
51 154 63
51 155 74
51 156 82
51 157 41
51 158 41
51 159 53
51 160 48
51 161 48
51 162 68
52 131 55
52 132 77
52 133 57
52 134 74
52 135 71
52 136 63
52 137 60
52 138 60
52 139 54
52 140 53
52 141 75
52 142 48
52 143 48
52 144 48
52 145 48
52 148 25
52 149 45
52 150 54
52 151 54
52 152 60
52 153 63
52 154 63
52 155 66
52 156 74
52 157 41
52 158 41
52 159 53
52 160 48
52 161 48
52 162 65
53 131 76
53 132 77
53 133 57
53 134 57
53 135 71
53 136 63
53 137 60
53 138 60
53 139 54
53 140 53
53 141 75
53 142 48
53 143 48
53 144 48
53 145 25
53 148 26
53 149 45
53 150 54
53 151 54
53 152 60
53 153 63
53 154 66
53 155 66
53 156 74
53 157 41
53 158 41
53 159 57
53 160 48
53 161 48
53 162 65
54 131 76
54 132 77
54 133 69
54 134 57
54 135 71
54 136 63
54 137 60
54 138 60
54 139 53
54 140 45
54 141 83
54 142 48
54 143 48
54 144 48
54 145 25
54 148 26
54 149 41
54 150 54
54 151 54
54 152 57
54 153 63
54 154 66
54 155 66
54 156 82
54 157 66
54 158 41
54 159 61
54 160 48
54 161 52
54 162 45
55 131 54
55 132 76
55 133 69
55 134 56
55 135 71
55 136 63
55 137 61
55 138 60
55 139 53
55 140 41
55 141 66
55 142 48
55 143 48
55 144 48
55 145 25
55 148 26
55 149 45
55 150 54
55 151 53
55 152 57
55 153 66
55 154 66
55 155 74
55 156 82
55 157 66
55 158 41
55 159 57
55 160 48
55 161 56
55 162 56
56 131 54
56 132 76
56 133 69
56 134 68
56 135 72
56 136 63
56 137 64
56 138 61
56 139 53
56 140 41
56 141 41
56 142 48
56 143 48
56 144 48
56 145 30
56 148 25
56 149 54
56 150 54
56 151 54
56 152 57
56 153 66
56 154 66
56 155 74
56 156 82
56 157 67
56 158 64
56 159 48
56 160 48
56 161 45
56 162 54
57 131 54
57 132 76
57 133 76
57 134 68
57 135 72
57 136 64
57 137 64
57 138 61
57 139 54
57 140 41
57 141 41
57 142 48
57 143 48
57 144 48
57 145 37
57 147 25
57 148 41
57 149 54
57 150 54
57 151 54
57 152 57
57 153 66
57 154 74
57 155 74
57 156 67
57 157 67
57 158 48
57 159 48
57 160 56
57 161 45
57 162 54
58 132 75
58 133 76
58 134 54
58 135 73
58 136 64
58 137 64
58 138 61
58 139 54
58 140 41
58 141 41
58 142 48
58 143 57
58 144 48
58 145 37
58 146 25
58 147 25
58 148 45
58 149 54
58 150 55
58 151 54
58 152 57
58 153 66
58 154 74
58 155 75
58 156 67
58 157 72
58 158 48
58 159 48
58 160 69
58 161 57
58 162 54
59 132 54
59 133 83
59 134 56
59 135 73
59 136 73
59 137 61
59 138 61
59 139 61
59 140 45
59 141 41
59 142 48
59 143 48
59 144 48
59 145 48
59 146 25
59 147 41
59 148 45
59 149 55
59 150 55
59 151 55
59 152 61
59 153 66
59 154 74
59 155 75
59 156 67
59 157 70
59 158 49
59 159 56
59 160 45
59 161 57
60 129 57
60 130 57
60 131 79
60 132 94
60 133 66
60 134 56
60 135 74
60 136 73
60 137 64
60 138 61
60 139 61
60 140 45
60 141 57
60 142 48
60 143 49
60 144 48
60 145 48
60 146 25
60 147 45
60 148 45
60 149 46
60 150 55
60 151 56
60 152 62
60 153 72
60 154 75
60 155 57
60 156 85
60 157 48
60 158 48
60 159 69
60 160 57
60 161 57
61 125 56
61 126 79
61 127 79
61 128 79
61 129 80
61 130 94
61 131 94
61 132 94
61 133 69
61 134 56
61 135 74
61 136 73
61 137 64
61 138 61
61 139 61
61 140 45
61 141 49
61 142 49
61 143 49
61 144 49
61 145 41
61 147 46
61 148 46
61 149 56
61 150 56
61 151 62
61 152 62
61 153 70
61 154 73
61 155 69
61 156 70
61 157 49
61 158 48
61 159 77
61 160 57
62 122 56
62 123 79
62 124 79
62 125 94
62 126 94
62 127 94
62 128 94
62 129 94
62 130 94
62 131 93
62 132 102
62 133 69
62 134 75
62 135 75
62 136 65
62 137 64
62 138 61
62 139 54
62 140 62
62 141 49
62 142 50
62 143 49
62 144 41
62 145 41
62 147 26
62 148 46
62 149 56
62 150 56
62 151 62
62 152 62
62 153 62
62 154 73
62 155 94
62 156 71
62 157 49
62 158 52
62 159 77
62 160 54
63 121 56
63 122 79
63 123 94
63 124 94
63 125 94
63 126 94
63 127 94
63 128 94
63 129 93
63 130 93
63 131 104
63 132 102
63 133 75
63 134 75
63 135 75
63 136 64
63 137 64
63 138 55
63 139 74
63 140 51
63 141 50
63 142 50
63 143 42
63 144 42
63 145 26
63 147 26
63 148 46
63 149 46
63 150 62
63 151 62
63 152 62
63 153 62
63 154 86
63 155 110
63 156 71
63 157 72
63 158 71
63 159 93
64 120 56
64 121 94
64 122 94
64 123 94
64 124 93
64 125 93
64 126 93
64 127 104
64 128 104
64 129 113
64 130 113
64 131 102
64 132 84
64 133 75
64 134 75
64 135 74
64 136 64
64 137 63
64 138 74
64 139 59
64 140 52
64 141 59
64 142 43
64 143 43
64 144 42
64 148 34
64 149 46
64 150 56
64 151 62
64 152 62
64 153 62
64 154 82
64 155 109
64 156 107
64 157 87
64 158 71
64 159 86
64 160 57
65 119 56
65 120 94
65 121 94
65 122 93
65 123 93
65 124 93
65 125 104
65 126 113
65 127 108
65 128 108
65 129 102
65 130 102
65 131 84
65 132 75
65 133 74
65 134 88
65 135 87
65 136 68
65 137 59
65 138 59
65 139 52
65 140 47
65 141 43
65 142 43
65 143 43
65 144 27
65 148 26
65 149 46
65 150 56
65 151 62
65 152 62
65 153 62
65 154 84
65 155 93
65 156 103
65 157 107
65 158 107
65 159 116
65 160 87
65 161 79
65 162 57
66 118 56
66 119 56
66 120 94
66 121 93
66 122 93
66 123 108
66 124 108
66 125 108
66 126 108
66 127 102
66 128 86
66 129 86
66 130 88
66 131 84
66 132 84
66 133 98
66 134 94
66 135 67
66 136 59
66 137 48
66 138 47
66 139 47
66 140 43
66 141 43
66 142 42
66 143 27
66 149 34
66 150 48
66 151 55
66 152 62
66 153 62
66 154 67
66 155 84
66 156 104
66 157 104
66 158 104
66 159 110
66 160 111
66 161 107
66 162 107
66 163 94
66 164 79
67 117 56
67 118 56
67 119 94
67 120 87
67 121 98
67 122 107
67 123 97
67 124 91
67 125 91
67 126 85
67 127 85
67 128 85
67 129 94
67 130 88
67 131 81
67 132 68
67 133 65
67 134 58
67 135 47
67 136 47
67 137 47
67 138 47
67 139 47
67 140 43
67 141 27
67 142 27
67 149 26
67 150 46
67 151 55
67 152 55
67 153 62
67 154 62
67 155 75
67 156 85
67 157 104
67 158 104
67 159 104
67 160 111
67 161 108
67 162 107
67 163 107
67 164 107
67 165 94
68 116 56
68 117 56
68 118 94
68 119 87
68 120 92
68 121 91
68 122 91
68 123 89
68 124 83
68 125 83
68 126 84
68 127 83
68 128 84
68 129 81
68 130 68
68 131 67
68 132 67
68 133 48
68 134 47
68 135 47
68 136 47
68 137 47
68 138 43
68 139 27
68 140 27
68 150 26
68 151 37
68 152 48
68 153 55
68 154 62
68 155 69
68 156 74
68 157 91
68 158 97
68 159 111
68 160 107
68 161 111
68 162 116
68 163 105
68 164 106
68 165 107
68 166 95
69 116 56
69 117 79
69 118 87
69 119 83
69 120 91
69 121 84
69 122 83
69 123 83
69 124 84
69 125 95
69 126 83
69 127 76
69 128 67
69 129 67
69 130 62
69 131 52
69 132 46
69 133 34
69 134 34
69 135 34
69 136 34
69 137 27
69 151 26
69 152 38
69 153 48
69 154 48
69 155 56
69 156 62
69 157 69
69 158 81
69 159 78
69 160 90
69 161 109
69 162 103
69 163 113
69 164 113
69 165 115
69 166 117
69 167 107
70 116 58
70 117 94
70 118 83
70 119 69
70 120 74
70 121 74
70 122 74
70 123 84
70 124 85
70 125 76
70 126 78
70 127 56
70 128 56
70 129 47
70 130 34
70 131 27
70 152 26
70 153 34
70 154 34
70 155 38
70 156 56
70 157 62
70 158 62
70 159 69
70 160 79
70 161 73
70 162 90
70 163 93
70 164 97
70 165 109
70 166 127
70 167 116
70 168 107
71 115 56
71 116 58
71 117 79
71 118 55
71 119 55
71 120 74
71 121 74
71 122 84
71 123 85
71 124 65
71 125 52
71 126 52
71 127 52
71 128 52
71 129 27
71 154 26
71 155 34
71 156 34
71 157 47
71 158 52
71 159 54
71 160 62
71 161 81
71 162 75
71 163 85
71 164 88
71 165 88
71 166 97
71 167 111
71 168 124
71 169 95
72 115 58
72 116 82
72 117 55
72 118 55
72 119 74
72 120 74
72 121 84
72 122 81
72 123 59
72 124 52
72 125 52
72 126 52
72 127 50
72 128 27
72 159 43
72 160 44
72 161 62
72 162 69
72 163 77
72 164 77
72 165 85
72 166 85
72 167 90
72 168 109
72 169 107
72 170 79
73 114 56
73 115 58
73 116 68
73 117 55
73 118 55
73 119 74
73 120 74
73 121 56
73 122 59
73 123 52
73 124 52
73 125 50
73 126 50
73 127 39
73 161 34
73 162 44
73 163 57
73 164 69
73 165 66
73 166 76
73 167 88
73 168 88
73 169 99
73 170 96
73 171 70
74 114 58
74 115 79
74 116 55
74 117 55
74 118 55
74 119 74
74 120 66
74 121 58
74 122 52
74 123 52
74 124 50
74 125 50
74 126 50
74 162 26
74 163 34
74 164 57
74 165 70
74 166 70
74 167 77
74 168 79
74 169 92
74 170 88
74 171 96
74 172 63
75 113 56
75 114 58
75 115 71
75 116 55
75 117 55
75 118 75
75 119 74
75 120 56
75 121 59
75 122 52
75 123 52
75 124 50
75 125 50
75 126 39
75 162 26
75 163 27
75 164 46
75 165 62
75 166 70
75 167 70
75 168 82
75 169 83
75 170 98
75 171 96
75 172 63
75 173 70
76 113 58
76 114 79
76 115 84
76 116 55
76 117 75
76 118 74
76 119 71
76 120 65
76 121 59
76 122 52
76 123 50
76 124 50
76 125 50
76 126 31
76 163 27
76 164 26
76 165 47
76 166 62
76 167 70
76 168 70
76 169 83
76 170 91
76 171 93
76 172 97
76 173 63
77 112 56
77 113 59
77 114 71
77 115 55
77 116 55
77 117 75
77 118 65
77 119 56
77 120 65
77 121 52
77 122 52
77 123 50
77 124 50
77 125 38
77 164 27
77 165 42
77 166 48
77 167 67
77 168 70
77 169 76
77 170 94
77 171 98
77 172 86
77 173 54
77 174 63
78 112 59
78 113 79
78 114 87
78 115 55
78 116 56
78 117 75
78 118 65
78 119 56
78 120 59
78 121 52
78 122 50
78 123 50
78 124 50
78 125 39
78 164 27
78 165 26
78 166 42
78 167 57
78 168 68
78 169 76
78 170 82
78 171 98
78 172 87
78 173 88
78 174 64
79 112 59
79 113 94
79 114 55
79 115 56
79 116 75
79 117 66
79 118 63
79 119 56
79 120 60
79 121 52
79 122 50
79 123 50
79 124 50
79 125 19
79 165 27
79 166 27
79 167 47
79 168 63
79 169 68
79 170 76
79 171 98
79 172 87
79 173 87
79 174 54
79 175 63
80 111 57
80 112 94
80 113 59
80 114 56
80 115 56
80 116 75
80 117 66
80 118 56
80 119 56
80 120 65
80 121 52
80 122 50
80 123 50
80 124 50
80 165 27
80 166 27
80 167 47
80 168 57
80 169 64
80 170 73
80 171 99
80 172 87
80 173 87
80 174 88
80 175 65
81 111 57
81 112 85
81 113 56
81 114 56
81 115 56
81 116 75
81 117 63
81 118 57
81 119 57
81 120 78
81 121 53
81 122 50
81 123 50
81 124 50
81 166 27
81 167 43
81 168 56
81 169 57
81 170 64
81 171 89
81 172 87
81 173 87
81 174 88
81 175 72
81 176 68
82 111 95
82 112 59
82 113 56
82 114 56
82 115 57
82 116 66
82 117 63
82 118 57
82 119 66
82 120 69
82 121 53
82 122 51
82 123 50
82 124 39
82 166 27
82 167 27
82 168 47
82 169 57
82 170 64
82 171 74
82 172 89
82 173 87
82 174 88
82 175 72
82 176 54
83 110 57
83 111 95
83 112 60
83 113 56
83 114 57
83 115 75
83 116 64
83 117 64
83 118 58
83 119 61
83 120 53
83 121 51
83 122 51
83 123 50
83 124 27
83 166 27
83 167 27
83 168 43
83 169 57
83 170 64
83 171 64
83 172 89
83 173 87
83 174 87
83 175 88
83 176 50
83 177 43
84 109 57
84 110 81
84 111 60
84 112 60
84 113 56
84 114 57
84 115 89
84 116 64
84 117 58
84 118 66
84 119 61
84 120 53
84 121 51
84 122 51
84 123 51
84 167 27
84 168 43
84 169 47
84 170 64
84 171 64
84 172 63
84 173 77
84 174 87
84 175 88
84 176 72
84 177 64
85 109 80
85 110 95
85 111 60
85 112 60
85 113 56
85 114 89
85 115 64
85 116 64
85 117 58
85 118 60
85 119 61
85 120 51
85 121 51
85 122 50
85 123 51
85 167 27
85 168 43
85 169 48
85 170 58
85 171 64
85 172 63
85 173 90
85 174 87
85 175 88
85 176 72
85 177 54
85 178 58
86 108 80
86 109 80
86 110 86
86 111 60
86 112 60
86 113 75
86 114 79
86 115 65
86 116 65
86 117 58
86 118 61
86 119 53
86 120 51
86 121 51
86 122 51
86 123 51
86 167 27
86 168 43
86 169 43
86 170 58
86 171 65
86 172 64
86 173 78
86 174 80
86 175 89
86 176 73
86 177 75
86 178 44
87 107 58
87 108 80
87 109 81
87 110 78
87 111 60
87 112 76
87 113 75
87 114 64
87 115 65
87 116 65
87 117 58
87 118 61
87 119 53
87 120 51
87 121 51
87 122 51
87 123 51
87 168 27
87 169 43
87 170 57
87 171 65
87 172 64
87 173 72
87 174 77
87 175 89
87 176 89
87 177 76
87 178 32
88 107 80
88 108 81
88 109 82
88 110 79
88 111 60
88 112 76
88 113 78
88 114 65
88 115 65
88 116 65
88 117 58
88 118 61
88 119 54
88 120 51
88 121 51
88 122 51
88 123 40
88 168 27
88 169 43
88 170 48
88 171 65
88 172 65
88 173 73
88 174 73
88 175 80
88 176 89
88 177 73
88 178 84
89 107 81
89 108 81
89 109 82
89 110 60
89 111 60
89 112 78
89 113 78
89 114 65
89 115 65
89 116 65
89 117 58
89 118 62
89 119 51
89 120 51
89 121 51
89 122 51
89 123 32
89 168 27
89 169 43
89 170 43
89 171 65
89 172 65
89 173 73
89 174 74
89 175 80
89 176 89
89 177 73
89 178 76
90 106 58
90 107 81
90 108 81
90 109 82
90 110 60
90 111 76
90 112 78
90 113 64
90 114 65
90 115 65
90 116 59
90 117 58
90 118 62
90 119 52
90 120 51
90 121 51
90 122 51
90 123 32
90 168 27
90 169 44
90 170 44
90 171 50
90 172 65
90 173 64
90 174 73
90 175 80
90 176 80
90 177 89
90 178 76
90 179 29
91 106 58
91 107 81
91 108 82
91 109 73
91 110 60
91 111 76
91 112 78
91 113 65
91 114 65
91 115 65
91 116 58
91 117 58
91 118 62
91 119 51
91 120 51
91 121 52
91 122 45
91 169 27
91 170 44
91 171 47
91 172 65
91 173 65
91 174 66
91 175 69
91 176 81
91 177 89
91 178 76
91 179 64
92 106 80
92 107 81
92 108 82
92 109 73
92 110 60
92 111 76
92 112 65
92 113 65
92 114 65
92 115 65
92 116 58
92 117 62
92 118 54
92 119 51
92 120 51
92 121 51
92 122 46
92 169 27
92 170 44
92 171 43
92 172 65
92 173 65
92 174 67
92 175 69
92 176 81
92 177 89
92 178 91
92 179 64
93 105 58
93 106 81
93 107 82
93 108 82
93 109 73
93 110 60
93 111 76
93 112 65
93 113 65
93 114 65
93 115 59
93 116 58
93 117 62
93 118 52
93 119 51
93 120 51
93 121 51
93 122 26
93 169 28
93 170 44
93 171 43
93 172 58
93 173 65
93 174 67
93 175 74
93 176 72
93 177 81
93 178 91
93 179 58
94 105 59
94 106 81
94 107 82
94 108 73
94 109 73
94 110 60
94 111 67
94 112 67
94 113 65
94 114 65
94 115 58
94 116 58
94 117 64
94 118 51
94 119 51
94 120 52
94 121 46
94 169 27
94 170 44
94 171 43
94 172 58
94 173 65
94 174 67
94 175 71
94 176 72
94 177 81
94 178 92
94 179 59
95 105 81
95 106 82
95 107 82
95 108 73
95 109 73
95 110 60
95 111 67
95 112 67
95 113 65
95 114 58
95 115 58
95 116 58
95 117 54
95 118 51
95 119 51
95 120 52
95 121 46
95 170 44
95 171 43
95 172 57
95 173 65
95 174 67
95 175 67
95 176 69
95 177 81
95 178 90
95 179 85
96 105 81
96 106 82
96 107 82
96 108 73
96 109 73
96 110 78
96 111 67
96 112 67
96 113 65
96 114 58
96 115 58
96 116 49
96 117 54
96 118 51
96 119 51
96 120 51
96 121 43
96 170 28
96 171 43
96 172 47
96 173 65
96 174 67
96 175 66
96 176 69
96 177 72
96 178 81
96 179 98
96 180 59
97 104 57
97 105 81
97 106 82
97 107 73
97 108 73
97 109 73
97 110 86
97 111 81
97 112 67
97 113 64
97 114 58
97 115 58
97 116 48
97 117 51
97 118 52
97 119 52
97 120 51
97 121 27
97 170 28
97 171 43
97 172 48
97 173 65
97 174 67
97 175 66
97 176 66
97 177 72
97 178 81
97 179 97
97 180 59
98 104 57
98 105 81
98 106 82
98 107 73
98 108 73
98 109 73
98 110 85
98 111 80
98 112 67
98 113 61
98 114 58
98 115 58
98 116 70
98 117 51
98 118 52
98 119 52
98 120 51
98 121 27
98 170 28
98 171 43
98 172 47
98 173 65
98 174 67
98 175 67
98 176 66
98 177 72
98 178 82
98 179 84
98 180 82
99 103 57
99 104 57
99 105 80
99 106 81
99 107 72
99 108 72
99 109 69
99 110 85
99 111 81
99 112 72
99 113 60
99 114 58
99 115 57
99 116 70
99 117 51
99 118 52
99 119 51
99 120 51
99 121 27
99 171 44
99 172 47
99 173 47
99 174 64
99 175 81
99 176 66
99 177 72
99 178 80
99 179 82
99 180 82
99 181 59
100 103 57
100 104 57
100 105 80
100 106 80
100 107 72
100 108 72
100 109 69
100 110 85
100 111 75
100 112 80
100 113 66
100 114 57
100 115 58
100 116 56
100 117 52
100 118 52
100 119 52
100 120 52
100 121 27
100 171 44
100 172 43
100 173 48
100 174 58
100 175 72
100 176 66
100 177 80
100 178 80
100 179 82
100 180 96
100 181 59
101 103 57
101 104 57
101 105 80
101 106 80
101 107 72
101 108 69
101 109 69
101 110 85
101 111 75
101 112 80
101 113 60
101 114 56
101 115 57
101 116 56
101 117 60
101 118 52
101 119 52
101 120 52
101 165 28
101 171 44
101 172 43
101 173 43
101 174 48
101 175 72
101 176 66
101 177 77
101 178 80
101 179 82
101 180 96
101 181 82
102 103 57
102 104 57
102 105 80
102 106 80
102 107 72
102 108 69
102 109 69
102 110 69
102 111 75
102 112 72
102 113 60
102 114 60
102 115 58
102 116 57
102 117 60
102 118 51
102 119 52
102 120 52
102 172 44
102 173 43
102 174 48
102 175 72
102 176 66
102 177 77
102 178 80
102 179 80
102 180 95
102 181 82
103 103 57
103 104 59
103 105 80
103 106 80
103 107 72
103 108 69
103 109 69
103 110 68
103 111 77
103 112 75
103 113 60
103 114 57
103 115 75
103 116 53
103 117 63
103 118 52
103 119 52
103 120 32
103 172 44
103 173 43
103 174 54
103 175 59
103 176 66
103 177 78
103 178 78
103 179 80
103 180 89
103 181 96
103 182 59
104 103 57
104 104 58
104 105 79
104 106 80
104 107 72
104 108 68
104 109 68
104 110 68
104 111 77
104 112 78
104 113 65
104 114 57
104 115 66
104 116 53
104 117 63
104 118 53
104 119 53
104 120 27
104 172 28
104 173 54
104 174 54
104 175 56
104 176 71
104 177 69
104 178 78
104 179 80
104 180 88
104 181 97
104 182 59
105 103 56
105 104 58
105 105 58
105 106 79
105 107 71
105 108 68
105 109 68
105 110 68
105 111 78
105 112 78
105 113 66
105 114 61
105 115 75
105 116 58
105 117 59
105 118 59
105 119 51
105 120 24
105 172 26
105 173 54
105 174 69
105 175 56
105 176 67
105 177 69
105 178 78
105 179 80
105 180 88
105 181 81
105 182 59
106 104 58
106 105 58
106 106 78
106 107 71
106 108 70
106 109 68
106 110 68
106 111 83
106 112 78
106 113 66
106 114 61
106 115 67
106 116 64
106 117 59
106 118 59
106 119 44
106 120 39
106 121 24
106 169 25
106 170 25
106 171 33
106 172 45
106 173 59
106 174 74
106 175 56
106 176 78
106 177 69
106 178 69
106 179 80
106 180 88
106 181 81
106 182 59
107 104 57
107 105 58
107 106 57
107 107 70
107 108 70
107 109 68
107 110 68
107 111 77
107 112 78
107 113 75
107 114 63
107 115 67
107 116 67
107 117 59
107 118 59
107 119 44
107 120 39
107 121 24
107 165 39
107 166 39
107 167 43
107 168 43
107 169 44
107 170 44
107 171 44
107 172 44
107 173 65
107 174 55
107 175 63
107 176 61
107 177 63
107 178 69
107 179 80
107 180 88
107 181 73
108 104 55
108 105 57
108 106 57
108 107 70
108 108 70
108 109 70
108 110 67
108 111 77
108 112 78
108 113 75
108 114 63
108 115 62
108 116 56
108 117 59
108 118 59
108 119 44
108 120 39
108 121 25
108 163 24
108 164 39
108 165 39
108 166 43
108 167 43
108 168 43
108 169 44
108 170 44
108 171 44
108 172 53
108 173 54
108 174 54
108 175 63
108 176 60
108 177 60
108 178 68
108 179 80
108 180 88
108 181 91
109 104 55
109 105 55
109 106 57
109 107 45
109 108 70
109 109 70
109 110 67
109 111 77
109 112 90
109 113 77
109 114 62
109 115 62
109 116 58
109 117 58
109 118 60
109 119 40
109 120 40
109 121 25
109 163 25
109 164 39
109 165 43
109 166 43
109 167 43
109 168 43
109 169 44
109 170 44
109 171 53
109 172 53
109 173 53
109 174 54
109 175 62
109 176 65
109 177 59
109 178 72
109 179 78
109 180 88
109 181 88
109 182 56
110 104 54
110 105 54
110 106 57
110 107 57
110 108 69
110 109 69
110 110 69
110 111 83
110 112 77
110 113 83
110 114 62
110 115 59
110 116 59
110 117 58
110 118 59
110 119 40
110 120 40
110 121 25
110 162 25
110 163 25
110 164 39
110 165 43
110 166 43
110 167 43
110 168 43
110 169 43
110 170 53
110 171 53
110 172 53
110 173 54
110 174 54
110 175 62
110 176 66
110 177 59
110 178 63
110 179 78
110 180 87
110 181 88
110 182 47
111 105 54
111 106 54
111 107 57
111 108 45
111 109 69
111 110 69
111 111 84
111 112 83
111 113 82
111 114 68
111 115 65
111 116 59
111 117 58
111 118 51
111 119 43
111 120 26
111 121 26
111 162 25
111 163 25
111 164 39
111 165 43
111 166 43
111 167 43
111 168 52
111 169 52
111 170 52
111 171 53
111 172 54
111 173 54
111 174 54
111 175 62
111 176 66
111 177 63
111 178 63
111 179 90
111 180 88
111 181 88
111 182 47
112 105 54
112 106 54
112 107 57
112 108 45
112 109 69
112 110 69
112 111 84
112 112 83
112 113 88
112 114 89
112 115 63
112 116 59
112 117 59
112 118 51
112 119 43
112 120 32
112 121 26
112 162 34
112 163 44
112 164 39
112 165 43
112 166 52
112 167 52
112 168 52
112 169 52
112 170 52
112 171 54
112 172 54
112 173 54
112 174 54
112 175 54
112 176 66
112 177 63
112 178 63
112 179 90
112 180 88
112 181 88
112 182 72
112 183 58
113 105 54
113 106 54
113 107 54
113 108 57
113 109 45
113 110 69
113 111 85
113 112 87
113 113 87
113 114 78
113 115 78
113 116 63
113 117 59
113 118 51
113 119 45
113 120 32
113 121 24
113 162 25
113 163 44
113 164 39
113 165 52
113 166 52
113 167 52
113 168 52
113 169 52
113 170 53
113 171 54
113 172 54
113 173 54
113 174 54
113 175 54
113 176 63
113 177 78
113 178 72
113 179 89
113 180 87
113 181 88
113 182 72
113 183 58
114 106 54
114 107 54
114 108 54
114 109 56
114 110 45
114 111 69
114 112 97
114 113 87
114 114 90
114 115 77
114 116 64
114 117 57
114 118 52
114 119 47
114 120 33
114 121 24
114 162 25
114 163 25
114 164 40
114 165 44
114 166 52
114 167 52
114 168 53
114 169 53
114 170 54
114 171 54
114 172 54
114 173 54
114 174 54
114 175 63
114 176 69
114 177 72
114 178 73
114 179 89
114 180 87
114 181 73
114 182 71
114 183 58
115 106 54
115 107 54
115 108 54
115 109 54
115 110 56
115 111 77
115 112 91
115 113 88
115 114 99
115 115 89
115 116 82
115 117 58
115 118 57
115 119 51
115 120 45
115 121 24
115 122 24
115 162 25
115 163 25
115 164 44
115 165 44
115 166 53
115 167 53
115 168 53
115 169 53
115 170 54
115 171 54
115 172 54
115 173 62
115 174 62
115 175 63
115 176 86
115 177 88
115 178 80
115 179 89
115 180 87
115 181 73
115 182 53
115 183 47
116 107 54
116 108 54
116 109 54
116 110 54
116 111 77
116 112 85
116 113 104
116 114 96
116 115 89
116 116 82
116 117 72
116 118 57
116 119 53
116 120 32
116 121 32
116 122 24
116 163 25
116 164 45
116 165 45
116 166 53
116 167 53
116 168 53
116 169 53
116 170 54
116 171 54
116 172 62
116 173 62
116 174 62
116 175 69
116 176 69
116 177 80
116 178 80
116 179 82
116 180 88
116 181 73
116 182 53
116 183 59
117 108 54
117 109 54
117 110 54
117 111 76
117 112 84
117 113 95
117 114 91
117 115 98
117 116 89
117 117 72
117 118 66
117 119 53
117 120 43
117 121 32
117 122 24
117 163 26
117 164 41
117 165 45
117 166 53
117 167 53
117 168 53
117 169 53
117 170 53
117 171 68
117 172 68
117 173 68
117 174 69
117 175 85
117 176 69
117 177 78
117 178 80
117 179 80
117 180 87
117 181 72
117 182 54
117 183 59
118 109 53
118 110 76
118 111 76
118 112 84
118 113 97
118 114 91
118 115 89
118 116 88
118 117 75
118 118 63
118 119 53
118 120 43
118 121 33
118 122 33
118 163 43
118 164 42
118 165 46
118 166 46
118 167 53
118 168 54
118 169 53
118 170 54
118 171 68
118 172 68
118 173 68
118 174 85
118 175 87
118 176 69
118 177 78
118 178 80
118 179 81
118 180 72
118 181 50
118 182 54
118 183 59
118 184 59
119 110 56
119 111 56
119 112 79
119 113 86
119 114 89
119 115 94
119 116 86
119 117 91
119 118 63
119 119 53
119 120 52
119 121 33
119 122 33
119 163 43
119 164 42
119 165 46
119 166 46
119 167 54
119 168 54
119 169 54
119 170 67
119 171 68
119 172 68
119 173 85
119 174 86
119 175 87
119 176 77
119 177 78
119 178 80
119 179 88
119 180 72
119 181 50
119 182 54
119 183 59
119 184 58
120 110 55
120 111 56
120 112 77
120 113 93
120 114 95
120 115 85
120 116 88
120 117 86
120 118 80
120 119 53
120 120 53
120 121 33
120 122 33
120 162 27
120 163 43
120 164 42
120 165 42
120 166 46
120 167 54
120 168 54
120 169 53
120 170 67
120 171 68
120 172 85
120 173 86
120 174 86
120 175 92
120 176 92
120 177 78
120 178 85
120 179 88
120 180 72
120 181 50
120 182 54
120 183 58
120 184 58
121 111 56
121 112 56
121 113 93
121 114 93
121 115 84
121 116 86
121 117 87
121 118 81
121 119 73
121 120 52
121 121 42
121 122 33
121 162 27
121 163 43
121 164 42
121 165 42
121 166 45
121 167 54
121 168 53
121 169 53
121 170 68
121 171 84
121 172 85
121 173 86
121 174 92
121 175 92
121 176 77
121 177 78
121 178 79
121 179 89
121 180 50
121 181 50
121 182 54
121 183 58
121 184 58
122 111 55
122 112 56
122 113 93
122 114 98
122 115 86
122 116 83
122 117 88
122 118 88
122 119 73
122 120 49
122 121 42
122 122 32
122 162 27
122 163 27
122 164 42
122 165 47
122 166 45
122 167 54
122 168 53
122 169 67
122 170 84
122 171 84
122 172 85
122 173 86
122 174 92
122 175 93
122 176 76
122 177 77
122 178 84
122 179 75
122 180 50
122 181 49
122 182 63
122 183 58
122 184 58
123 112 55
123 113 93
123 114 96
123 115 86
123 116 67
123 117 85
123 118 95
123 119 81
123 120 50
123 121 33
123 122 33
123 162 27
123 163 27
123 164 42
123 165 47
123 166 47
123 167 54
123 168 53
123 169 67
123 170 83
123 171 85
123 172 85
123 173 91
123 174 91
123 175 76
123 176 77
123 177 85
123 178 85
123 179 88
123 180 74
123 181 50
123 182 53
123 183 58
123 184 57
124 113 76
124 114 86
124 115 86
124 116 70
124 117 82
124 118 94
124 119 81
124 120 81
124 121 59
124 122 33
124 162 27
124 163 27
124 164 42
124 165 47
124 166 55
124 167 67
124 168 66
124 169 74
124 170 85
124 171 85
124 172 85
124 173 90
124 174 76
124 175 85
124 176 85
124 177 85
124 178 98
124 179 74
124 180 74
124 181 50
124 182 46
124 183 58
124 184 56
125 113 56
125 114 85
125 115 71
125 116 71
125 117 82
125 118 85
125 119 80
125 120 81
125 121 59
125 122 42
125 162 27
125 163 43
125 164 47
125 165 47
125 166 62
125 167 67
125 168 73
125 169 74
125 170 85
125 171 85
125 172 84
125 173 83
125 174 84
125 175 85
125 176 85
125 177 88
125 178 71
125 179 71
125 180 74
125 181 49
125 182 46
125 183 58
125 184 56
126 113 58
126 114 71
126 115 71
126 116 71
126 117 83
126 118 85
126 119 75
126 120 79
126 121 59
126 122 58
126 123 42
126 162 27
126 163 46
126 164 46
126 165 62
126 166 61
126 167 74
126 168 73
126 169 84
126 170 85
126 171 88
126 172 73
126 173 83
126 174 84
126 175 84
126 176 88
126 177 86
126 178 71
126 179 70
126 180 80
126 181 49
126 182 46
126 183 46
126 184 56
127 113 59
127 114 71
127 115 76
127 116 70
127 117 83
127 118 84
127 119 75
127 120 75
127 121 65
127 122 58
127 123 42
127 162 42
127 163 46
127 164 55
127 165 62
127 166 69
127 167 73
127 168 73
127 169 84
127 170 88
127 171 88
127 172 83
127 173 83
127 174 83
127 175 86
127 176 70
127 177 70
127 178 70
127 179 70
127 180 49
127 181 50
127 182 42
127 183 59
127 184 56
128 113 59
128 114 54
128 115 67
128 116 76
128 117 82
128 118 74
128 119 75
128 120 75
128 121 65
128 122 42
128 123 46
128 124 27
128 162 41
128 163 55
128 164 62
128 165 69
128 166 69
128 167 73
128 168 84
128 169 87
128 170 74
128 171 44
128 172 46
128 173 54
128 174 59
128 175 70
128 176 70
128 177 70
128 178 70
128 179 70
128 180 49
128 181 50
128 182 42
128 183 59
128 184 56
129 114 54
129 115 44
129 116 76
129 117 82
129 118 74
129 119 82
129 120 74
129 121 65
129 122 46
129 123 46
129 124 34
129 125 27
129 162 41
129 163 55
129 164 69
129 165 69
129 166 69
129 167 85
129 168 84
129 169 74
129 170 70
129 171 53
129 172 53
129 173 58
129 174 70
129 175 70
129 176 70
129 177 70
129 178 70
129 179 42
129 180 49
129 181 58
129 182 47
129 183 59
129 184 58
130 114 67
130 115 51
130 116 67
130 117 89
130 118 74
130 119 86
130 120 74
130 121 64
130 122 55
130 123 46
130 124 46
130 125 27
130 162 41
130 163 55
130 164 69
130 165 78
130 166 78
130 167 85
130 168 85
130 169 85
130 170 74
130 171 53
130 172 53
130 173 58
130 174 69
130 175 70
130 176 70
130 177 70
130 178 70
130 179 41
130 180 49
130 181 49
130 182 47
130 183 58
130 184 57
131 114 69
131 115 50
131 116 41
131 117 83
131 118 75
131 119 89
131 120 74
131 121 64
131 122 55
131 123 46
131 124 46
131 125 27
131 126 19
131 127 19
131 162 41
131 163 45
131 164 77
131 165 78
131 166 77
131 167 87
131 168 85
131 169 85
131 170 73
131 171 53
131 172 58
131 173 58
131 174 69
131 175 69
131 176 70
131 177 69
131 178 41
131 179 42
131 180 55
131 181 49
131 182 47
131 183 58
131 184 57
132 114 57
132 115 54
132 116 50
132 117 41
132 118 83
132 119 81
132 120 87
132 121 64
132 122 57
132 123 48
132 124 35
132 125 35
132 126 19
132 127 19
132 128 19
132 161 26
132 162 41
132 163 51
132 164 77
132 165 77
132 166 88
132 167 87
132 168 85
132 169 88
132 170 77
132 171 58
132 172 58
132 173 68
132 174 69
132 175 69
132 176 69
132 177 41
132 178 41
132 179 50
132 180 72
132 181 42
132 182 58
132 183 57
132 184 57
133 115 62
133 116 50
133 117 41
133 118 67
133 119 76
133 120 84
133 121 84
133 122 73
133 123 48
133 124 35
133 125 26
133 126 19
133 127 19
133 161 25
133 162 25
133 163 51
133 164 51
133 165 77
133 166 87
133 167 86
133 168 92
133 169 91
133 170 57
133 171 58
133 172 68
133 173 68
133 174 68
133 175 68
133 176 40
133 177 41
133 178 41
133 179 49
133 180 72
133 181 42
133 182 57
133 183 57
134 115 60
134 116 50
134 117 49
134 118 41
134 119 83
134 120 84
134 121 73
134 122 84
134 123 55
134 124 34
134 125 26
134 161 25
134 162 25
134 163 41
134 164 51
134 165 85
134 166 89
134 167 90
134 168 92
134 169 77
134 170 57
134 171 68
134 172 68
134 173 68
134 174 68
134 175 68
134 176 41
134 177 41
134 178 49
134 179 59
134 180 49
134 181 57
134 182 57
134 183 57
135 115 60
135 116 51
135 117 50
135 118 41
135 119 58
135 120 75
135 121 73
135 122 76
135 123 41
135 124 41
135 161 25
135 162 25
135 163 41
135 164 51
135 165 89
135 166 92
135 167 91
135 168 85
135 169 67
135 170 68
135 171 68
135 172 68
135 173 68
135 174 68
135 175 69
135 176 41
135 177 41
135 178 50
135 179 50
135 180 71
135 181 57
135 182 57
136 114 57
136 115 60
136 116 62
136 117 50
136 118 42
136 119 58
136 120 59
136 121 56
136 122 77
136 123 41
136 124 36
136 162 25
136 163 41
136 164 51
136 165 85
136 166 81
136 167 78
136 168 85
136 169 67
136 170 67
136 171 68
136 172 68
136 173 68
136 174 68
136 175 41
136 176 41
136 177 58
136 178 49
136 179 49
136 180 57
136 181 57
137 114 57
137 115 60
137 116 68
137 117 50
137 118 42
137 119 59
137 120 60
137 121 56
137 122 73
137 123 52
137 124 36
137 162 41
137 163 41
137 164 41
137 165 85
137 166 66
137 167 78
137 168 69
137 169 67
137 170 67
137 171 67
137 172 68
137 173 68
137 174 68
137 175 41
137 176 41
137 177 49
137 178 49
137 179 71
137 180 57
138 114 57
138 115 60
138 116 68
138 117 49
138 118 42
138 119 77
138 120 65
138 121 56
138 122 71
138 123 56
138 124 47
138 162 26
138 163 41
138 164 42
138 165 59
138 166 59
138 167 77
138 168 69
138 169 69
138 170 67
138 171 68
138 172 68
138 173 68
138 174 68
138 175 41
138 176 49
138 177 49
138 178 65
138 179 57
139 114 57
139 115 60
139 116 67
139 117 49
139 118 42
139 119 74
139 120 65
139 121 74
139 122 72
139 123 56
139 124 47
139 163 41
139 164 50
139 165 59
139 166 59
139 167 69
139 168 69
139 169 69
139 170 67
139 171 68
139 172 68
139 173 68
139 174 68
139 175 40
139 176 49
139 177 62
139 178 71
139 179 56
140 115 60
140 116 42
140 117 49
140 118 41
140 119 55
140 120 62
140 121 78
140 122 57
140 123 56
140 124 35
140 125 35
140 163 26
140 164 50
140 165 59
140 166 78
140 167 69
140 168 85
140 169 69
140 170 67
140 171 68
140 172 68
140 173 68
140 174 68
140 175 62
140 176 62
140 177 64
140 178 59
141 115 57
141 116 60
141 117 49
141 118 49
141 119 55
141 120 62
141 121 74
141 122 60
141 123 56
141 124 35
141 125 27
141 163 37
141 164 59
141 165 59
141 166 68
141 167 69
141 168 85
141 169 69
141 170 69
141 171 68
141 172 68
141 173 68
141 174 40
141 175 48
141 176 71
141 177 64
141 178 56
142 116 60
142 117 51
142 118 72
142 119 75
142 120 62
142 121 74
142 122 60
142 123 56
142 124 47
142 125 27
142 163 37
142 164 59
142 165 68
142 166 83
142 167 78
142 168 86
142 169 69
142 170 69
142 171 68
142 172 40
142 173 40
142 174 40
142 175 54
142 176 75
142 177 58
143 116 57
143 117 72
143 118 59
143 119 77
143 120 62
143 121 74
143 122 60
143 123 56
143 124 47
143 125 43
143 163 42
143 164 59
143 165 68
143 166 91
143 167 60
143 168 69
143 169 69
143 170 42
143 171 40
143 172 40
143 173 40
143 174 40
143 175 74
143 176 63
143 177 56
144 117 57
144 118 63
144 119 80
144 120 65
144 121 78
144 122 60
144 123 56
144 124 43
144 125 43
144 163 42
144 164 59
144 165 68
144 166 77
144 167 60
144 168 69
144 169 69
144 170 40
144 171 40
144 172 40
144 173 40
144 174 49
144 175 74
144 176 58
144 177 55
145 118 72
145 119 63
145 120 70
145 121 61
145 122 60
145 123 56
145 124 43
145 125 42
145 126 26
145 163 42
145 164 59
145 165 65
145 166 77
145 167 59
145 168 69
145 169 43
145 170 40
145 171 40
145 172 40
145 173 40
145 174 65
145 175 82
145 176 58
146 118 42
146 119 59
146 120 78
146 121 76
146 122 59
146 123 56
146 124 42
146 125 42
146 162 42
146 163 42
146 164 55
146 165 65
146 166 59
146 167 59
146 168 70
146 169 43
146 170 40
146 171 40
146 172 40
146 173 41
146 174 62
146 175 64
146 176 55
147 117 54
147 118 42
147 119 72
147 120 69
147 121 77
147 122 77
147 123 60
147 124 42
147 125 42
147 162 42
147 163 42
147 164 55
147 165 59
147 166 59
147 167 59
147 168 69
147 169 43
147 170 54
147 171 40
147 172 41
147 173 50
147 174 74
147 175 63
147 176 55
148 117 54
148 118 42
148 119 69
148 120 62
148 121 79
148 122 59
148 123 65
148 124 50
148 125 42
148 162 42
148 163 42
148 164 42
148 165 59
148 166 59
148 167 59
148 168 69
148 169 43
148 170 43
148 171 41
148 172 50
148 173 68
148 174 74
148 175 46
148 176 55
149 118 42
149 119 69
149 120 59
149 121 75
149 122 59
149 123 51
149 124 49
149 125 50
149 162 42
149 163 42
149 164 42
149 165 59
149 166 55
149 167 59
149 168 69
149 169 42
149 170 43
149 171 50
149 172 68
149 173 86
149 174 74
149 175 46
150 118 68
150 119 59
150 120 55
150 121 69
150 122 59
150 123 59
150 124 49
150 125 49
150 162 26
150 163 42
150 164 42
150 165 59
150 166 74
150 167 59
150 168 69
150 169 42
150 170 53
150 171 68
150 172 68
150 173 74
150 174 47
150 175 58
151 118 68
151 119 59
151 120 55
151 121 69
151 122 55
151 123 49
151 124 49
151 125 49
151 163 41
151 164 42
151 165 65
151 166 74
151 167 59
151 168 59
151 169 42
151 170 41
151 171 40
151 172 77
151 173 47
151 174 47
152 118 68
152 119 59
152 120 55
152 121 59
152 122 54
152 123 41
152 124 58
152 125 26
152 163 41
152 164 42
152 165 59
152 166 74
152 167 59
152 168 59
152 169 42
152 170 40
152 171 77
152 172 46
152 173 47
152 174 46
153 118 68
153 119 58
153 120 55
153 121 55
153 122 45
153 123 41
153 124 58
153 163 41
153 164 42
153 165 58
153 166 74
153 167 59
153 168 69
153 169 72
153 170 68
153 171 46
153 172 46
153 173 46
153 174 58
154 117 56
154 118 68
154 119 58
154 120 46
154 121 55
154 122 41
154 123 41
154 124 49
154 163 36
154 164 42
154 165 55
154 166 65
154 167 59
154 168 88
154 169 49
154 170 46
154 171 46
154 172 46
154 173 58
155 117 56
155 118 68
155 119 55
155 120 69
155 121 55
155 122 42
155 123 42
155 124 49
155 163 36
155 164 42
155 165 55
155 166 65
155 167 62
155 168 72
155 169 43
155 170 42
155 171 46
155 172 55
156 117 46
156 118 68
156 119 55
156 120 69
156 121 55
156 122 42
156 123 42
156 124 50
156 163 41
156 164 42
156 165 55
156 166 65
156 167 77
156 168 72
156 169 42
156 170 58
157 117 46
157 118 55
157 119 55
157 120 55
157 121 55
157 122 41
157 123 42
157 124 50
157 163 42
157 164 42
157 165 55
157 166 65
157 167 77
157 168 72
157 169 57
157 170 57
158 117 46
158 118 55
158 119 46
158 120 55
158 121 42
158 122 41
158 123 49
158 144 27
158 145 27
158 163 41
158 164 42
158 165 55
158 166 65
158 167 77
158 168 63
158 169 49
158 170 59
159 117 42
159 118 55
159 119 68
159 120 55
159 121 42
159 122 42
159 123 49
159 143 27
159 144 27
159 145 27
159 146 27
159 164 42
159 165 55
159 166 65
159 167 76
159 168 63
159 169 75
159 170 47
160 117 69
160 118 59
160 119 69
160 120 68
160 121 42
160 122 42
160 123 49
160 143 26
160 144 27
160 145 27
160 146 27
160 164 42
160 165 46
160 166 59
160 167 81
160 168 63
160 169 78
160 170 47
161 117 69
161 118 58
161 119 69
161 120 55
161 121 42
161 122 42
161 142 34
161 143 34
161 144 27
161 145 27
161 146 27
161 164 42
161 165 46
161 166 58
161 167 75
161 168 63
161 169 77
161 170 47
162 116 46
162 117 69
162 118 68
162 119 69
162 120 55
162 121 42
162 122 42
162 141 42
162 142 46
162 143 34
162 144 34
162 145 27
162 146 27
162 164 42
162 165 46
162 166 58
162 167 75
162 168 79
162 169 72
162 170 47
163 116 46
163 117 71
163 118 85
163 119 69
163 120 50
163 121 42
163 122 42
163 123 26
163 140 26
163 141 42
163 142 46
163 143 56
163 144 47
163 145 27
163 146 27
163 164 42
163 165 46
163 166 58
163 167 75
163 168 78
163 169 78
163 170 59
164 116 46
164 117 72
164 118 85
164 119 69
164 120 50
164 121 42
164 122 42
164 123 45
164 140 42
164 141 42
164 142 55
164 143 59
164 144 52
164 145 47
164 146 27
164 164 42
164 165 46
164 166 58
164 167 75
164 168 76
164 169 78
164 170 59
165 116 46
165 117 86
165 118 85
165 119 69
165 120 46
165 121 42
165 122 42
165 123 45
165 139 26
165 140 42
165 141 59
165 142 68
165 143 68
165 144 52
165 145 46
165 146 42
165 147 26
165 165 46
165 166 58
165 167 75
165 168 75
165 169 78
165 170 59
166 115 56
166 116 46
166 117 86
166 118 85
166 119 84
166 120 46
166 121 42
166 122 42
166 123 26
166 139 26
166 140 58
166 141 59
166 142 67
166 143 80
166 144 77
166 145 55
166 146 47
166 147 46
166 165 46
166 166 58
166 167 75
166 168 79
166 169 78
166 170 59
167 115 56
167 116 58
167 117 87
167 118 72
167 119 84
167 120 46
167 121 42
167 122 42
167 139 42
167 140 58
167 141 59
167 142 90
167 143 89
167 144 77
167 145 65
167 146 48
167 147 47
167 148 42
167 165 46
167 166 58
167 167 75
167 168 79
167 169 85
167 170 72
168 115 56
168 116 58
168 117 87
168 118 72
168 119 84
168 120 46
168 121 52
168 122 42
168 139 42
168 140 59
168 141 79
168 142 90
168 143 87
168 144 71
168 145 63
168 146 48
168 147 47
168 148 42
168 165 58
168 166 50
168 167 79
168 168 87
168 169 69
168 170 72
169 115 56
169 116 58
169 117 86
169 118 72
169 119 76
169 120 46
169 121 42
169 122 42
169 139 58
169 140 59
169 141 89
169 142 97
169 143 97
169 144 88
169 145 69
169 146 56
169 147 47
169 148 42
169 165 59
169 166 50
169 167 81
169 168 88
169 169 69
169 170 72
170 115 56
170 116 56
170 117 86
170 118 72
170 119 76
170 120 45
170 121 42
170 122 42
170 138 26
170 139 58
170 140 59
170 141 90
170 142 85
170 143 68
170 144 60
170 145 68
170 146 56
170 147 47
170 148 46
170 165 59
170 166 64
170 167 91
170 168 88
170 169 69
170 170 72
171 115 56
171 116 56
171 117 99
171 118 72
171 119 76
171 120 45
171 121 42
171 122 42
171 138 39
171 139 58
171 140 71
171 141 60
171 142 68
171 143 69
171 144 60
171 145 69
171 146 66
171 147 47
171 148 34
171 165 55
171 166 64
171 167 90
171 168 97
171 169 69
171 170 72
172 115 56
172 116 56
172 117 99
172 118 85
172 119 76
172 120 51
172 121 42
172 122 68
172 138 40
172 139 77
172 140 66
172 141 69
172 142 42
172 143 46
172 144 63
172 145 74
172 146 71
172 147 56
172 148 34
172 164 26
172 165 55
172 166 74
172 167 90
172 168 97
172 169 69
172 170 72
173 115 56
173 116 56
173 117 99
173 118 85
173 119 76
173 120 58
173 121 42
173 122 65
173 138 40
173 139 81
173 140 66
173 141 69
173 142 42
173 143 46
173 144 67
173 145 74
173 146 82
173 147 65
173 148 47
173 164 33
173 165 61
173 166 74
173 167 90
173 168 85
173 169 72
173 170 71
174 115 56
174 116 56
174 117 99
174 118 85
174 119 76
174 120 58
174 121 42
174 122 65
174 138 40
174 139 74
174 140 67
174 141 69
174 142 42
174 143 55
174 144 66
174 145 102
174 146 88
174 147 84
174 148 53
174 164 50
174 165 61
174 166 73
174 167 90
174 168 90
174 169 72
174 170 71
175 116 56
175 117 99
175 118 97
175 119 84
175 120 62
175 121 42
175 122 65
175 123 26
175 138 40
175 139 75
175 140 67
175 141 69
175 142 42
175 143 55
175 144 77
175 145 70
175 146 59
175 147 66
175 148 75
175 164 50
175 165 76
175 166 76
175 167 90
175 168 82
175 169 72
175 170 71
176 116 56
176 117 86
176 118 97
176 119 84
176 120 55
176 121 42
176 122 65
176 123 40
176 137 26
176 138 40
176 139 74
176 140 67
176 141 69
176 142 58
176 143 74
176 144 86
176 145 46
176 146 68
176 147 55
176 148 81
176 149 59
176 164 50
176 165 83
176 166 72
176 167 90
176 168 82
176 169 72
176 170 71
177 116 56
177 117 78
177 118 97
177 119 84
177 120 55
177 121 42
177 122 68
177 123 58
177 137 26
177 138 65
177 139 69
177 140 69
177 141 43
177 142 57
177 143 83
177 144 86
177 145 46
177 146 67
177 147 55
177 148 81
177 149 59
177 163 26
177 164 55
177 165 84
177 166 77
177 167 100
177 168 75
177 169 72
177 170 71
178 116 56
178 117 78
178 118 102
178 119 84
178 120 55
178 121 42
178 122 68
178 123 65
178 136 26
178 137 26
178 138 65
178 139 69
178 140 75
178 141 43
178 142 67
178 143 91
178 144 42
178 145 59
178 146 42
178 147 58
178 148 85
178 149 60
178 163 34
178 164 55
178 165 90
178 166 80
178 167 100
178 168 75
178 169 72
178 170 59
179 116 56
179 117 78
179 118 93
179 119 84
179 120 55
179 121 42
179 122 68
179 123 65
179 136 26
179 137 26
179 138 69
179 139 48
179 140 86
179 141 43
179 142 50
179 143 88
179 144 42
179 145 59
179 146 58
179 147 59
179 148 49
179 149 70
179 163 50
179 164 83
179 165 90
179 166 86
179 167 90
179 168 75
179 169 72
179 170 59
180 116 56
180 117 78
180 118 93
180 119 84
180 120 55
180 121 46
180 122 68
180 123 65
180 124 27
180 136 26
180 137 58
180 138 69
180 139 64
180 140 86
180 141 46
180 142 50
180 143 58
180 144 47
180 145 59
180 146 72
180 147 68
180 148 50
180 149 76
180 163 50
180 164 84
180 165 88
180 166 101
180 167 90
180 168 69
180 169 72
180 170 57
181 116 56
181 117 78
181 118 102
181 119 84
181 120 55
181 121 46
181 122 68
181 123 65
181 124 37
181 136 26
181 137 68
181 138 69
181 139 70
181 140 86
181 141 46
181 142 84
181 143 58
181 144 47
181 145 59
181 146 77
181 147 77
181 148 63
181 149 84
181 150 26
181 162 26
181 163 55
181 164 89
181 165 91
181 166 100
181 167 101
181 168 69
181 169 80
181 170 57
182 116 56
182 117 78
182 118 102
182 119 86
182 120 62
182 121 46
182 122 68
182 123 65
182 124 45
182 136 44
182 137 68
182 138 78
182 139 86
182 140 69
182 141 75
182 142 70
182 143 56
182 144 59
182 145 69
182 146 77
182 147 78
182 148 55
182 149 72
182 150 35
182 162 26
182 163 55
182 164 88
182 165 91
182 166 89
182 167 101
182 168 69
182 169 80
183 116 77
183 117 86
183 118 102
183 119 97
183 120 62
183 121 55
183 122 42
183 123 65
183 124 72
183 136 57
183 137 68
183 138 77
183 139 86
183 140 43
183 141 83
183 143 57
183 144 59
183 145 68
183 146 89
183 147 85
183 148 84
183 149 72
183 150 49
183 162 26
183 163 55
183 164 94
183 165 85
183 166 78
183 167 89
183 168 72
183 169 80
184 116 77
184 117 93
184 118 102
184 119 97
184 120 64
184 121 55
184 122 42
184 123 64
184 124 31
184 136 68
184 137 68
184 138 96
184 139 85
184 140 47
184 141 87
184 143 56
184 144 59
184 145 46
184 146 84
184 147 88
184 148 84
184 149 55
184 150 64
184 161 26
184 162 26
184 163 55
184 164 91
184 165 85
184 166 78
184 167 85
184 168 72
184 169 80
185 116 77
185 117 78
185 118 102
185 119 102
185 120 64
185 121 55
185 122 42
185 123 64
185 124 32
185 136 68
185 137 77
185 138 85
185 139 43
185 140 78
185 141 55
185 144 56
185 145 58
185 146 68
185 147 89
185 148 73
185 149 55
185 150 71
185 161 26
185 162 39
185 163 67
185 164 88
185 165 84
185 166 74
185 167 72
185 168 72
185 169 80
186 116 77
186 117 77
186 118 102
186 119 102
186 120 77
186 121 55
186 122 55
186 123 68
186 124 32
186 136 67
186 137 92
186 138 43
186 139 43
186 140 92
186 144 56
186 145 58
186 146 42
186 147 76
186 148 73
186 149 55
186 150 85
186 162 39
186 163 67
186 164 77
186 165 88
186 166 74
186 167 72
186 168 72
187 116 77
187 117 77
187 118 104
187 119 102
187 120 86
187 121 55
187 122 55
187 123 68
187 124 32
187 135 26
187 136 61
187 137 77
187 138 42
187 139 53
187 140 98
187 145 56
187 146 46
187 147 84
187 148 68
187 149 65
187 150 49
187 151 35
187 162 39
187 163 84
187 164 76
187 165 88
187 166 84
187 167 72
187 168 71
188 116 56
188 117 77
188 118 93
188 119 102
188 120 96
188 121 55
188 122 46
188 123 68
188 124 34
188 125 32
188 135 26
188 136 70
188 137 74
188 138 43
188 139 53
188 140 102
188 145 56
188 146 58
188 147 68
188 148 67
188 149 59
188 150 48
188 151 48
188 162 39
188 163 84
188 164 76
188 165 88
188 166 87
188 167 72
188 168 80
189 116 56
189 117 77
189 118 77
189 119 99
189 120 101
189 121 55
189 122 46
189 123 68
189 124 35
189 125 32
189 134 26
189 135 36
189 136 47
189 137 70
189 138 43
189 139 53
189 140 82
189 146 58
189 147 42
189 148 72
189 149 68
189 150 50
189 151 73
189 162 39
189 163 68
189 164 77
189 165 74
189 166 72
189 167 72
190 117 56
190 118 77
190 119 99
190 120 100
190 121 55
190 122 46
190 123 68
190 124 45
190 125 32
190 134 26
190 135 51
190 136 47
190 137 70
190 138 70
190 139 77
190 146 58
190 147 68
190 148 72
190 149 68
190 150 50
190 151 49
190 162 39
190 163 68
190 164 76
190 165 74
190 166 72
190 167 72
191 117 56
191 118 77
191 119 86
191 120 92
191 121 62
191 122 46
191 123 68
191 124 51
191 125 32
191 133 26
191 134 51
191 135 59
191 136 64
191 137 60
191 138 43
191 139 88
191 147 72
191 148 52
191 149 68
191 150 51
191 151 49
191 162 55
191 163 68
191 164 76
191 165 78
191 166 69
191 167 80
192 118 77
192 119 87
192 120 92
192 121 54
192 122 55
192 123 58
192 124 51
192 125 34
192 133 26
192 134 51
192 135 44
192 136 66
192 137 71
192 138 57
192 139 75
192 147 47
192 148 52
192 149 68
192 150 51
192 151 49
192 162 55
192 163 68
192 164 69
192 165 80
192 166 66
192 167 80
193 118 77
193 119 87
193 120 97
193 121 62
193 122 46
193 123 58
193 124 43
193 125 34
193 132 26
193 133 43
193 134 59
193 135 47
193 136 61
193 137 76
193 138 74
193 139 60
193 147 58
193 148 70
193 149 68
193 150 51
193 151 49
193 162 54
193 163 69
193 164 74
193 165 75
193 166 59
193 167 80
194 118 78
194 119 87
194 120 97
194 121 62
194 122 46
194 123 58
194 124 43
194 125 34
194 126 27
194 132 26
194 133 43
194 134 54
194 135 49
194 136 49
194 137 65
194 138 60
194 147 56
194 148 70
194 149 68
194 150 51
194 151 50
194 162 54
194 163 68
194 164 74
194 165 75
194 166 65
194 167 80
195 118 78
195 119 98
195 120 97
195 121 62
195 122 65
195 123 43
195 124 34
195 125 34
195 126 44
195 133 43
195 134 59
195 135 49
195 136 49
195 137 74
195 138 69
195 148 70
195 149 68
195 150 55
195 151 59
195 152 27
195 161 42
195 162 54
195 163 71
195 164 79
195 165 75
195 166 76
195 167 79
196 117 57
196 118 78
196 119 98
196 120 83
196 121 62
196 122 55
196 123 43
196 124 34
196 125 34
196 126 53
196 133 26
196 134 43
196 135 49
196 136 49
196 137 74
196 138 65
196 148 47
196 149 68
196 150 65
196 151 52
196 152 43
196 161 42
196 162 55
196 163 84
196 164 73
196 165 74
196 166 68
196 167 57
197 117 57
197 118 92
197 119 98
197 120 83
197 121 80
197 122 55
197 123 43
197 124 34
197 125 34
197 126 31
197 134 42
197 135 55
197 136 70
197 137 87
197 138 58
197 148 47
197 149 60
197 150 65
197 151 52
197 152 44
197 161 42
197 162 46
197 163 61
197 164 73
197 165 74
197 166 65
197 167 57
198 117 57
198 118 77
198 119 98
198 120 83
198 121 80
198 122 55
198 123 43
198 124 43
198 125 34
198 126 19
198 134 42
198 135 59
198 136 73
198 137 87
198 138 58
198 148 47
198 149 51
198 150 63
198 151 78
198 152 44
198 161 42
198 162 45
198 163 55
198 164 71
198 165 55
198 166 77
198 167 78
199 117 57
199 118 57
199 119 98
199 120 98
199 121 80
199 122 65
199 123 47
199 124 43
199 125 34
199 126 23
199 135 59
199 136 89
199 137 78
199 138 81
199 148 72
199 149 42
199 150 64
199 151 75
199 152 55
199 161 26
199 162 45
199 163 55
199 164 71
199 165 75
199 166 77
199 167 56
200 117 55
200 118 57
200 119 86
200 120 98
200 121 80
200 122 59
200 123 47
200 124 43
200 125 47
200 126 14
200 135 52
200 136 74
200 137 79
200 138 79
200 148 73
200 149 54
200 150 64
200 151 55
200 152 56
200 162 46
200 163 55
200 164 88
200 165 73
200 166 77
200 167 56
201 118 57
201 119 92
201 120 98
201 121 80
201 122 66
201 123 56
201 124 43
201 125 23
201 126 14
201 135 51
201 136 60
201 137 82
201 138 76
201 148 60
201 149 54
201 150 64
201 151 55
201 152 61
201 162 46
201 163 55
201 164 77
201 165 59
201 166 69
201 167 56
202 118 55
202 119 78
202 120 99
202 121 81
202 122 66
202 123 73
202 124 47
202 125 24
202 126 14
202 135 43
202 136 44
202 137 95
202 138 87
202 147 81
202 148 57
202 149 54
202 150 54
202 151 55
202 152 64
202 162 46
202 163 55
202 164 77
202 165 59
202 166 85
202 167 57
203 119 55
203 120 93
203 121 96
203 122 79
203 123 67
203 124 48
203 125 35
203 126 14
203 135 60
203 136 43
203 137 89
203 138 88
203 147 81
203 148 57
203 149 57
203 150 56
203 151 39
203 152 44
203 162 46
203 163 67
203 164 75
203 165 82
203 166 85
203 167 57
204 120 78
204 121 97
204 122 74
204 123 80
204 124 56
204 125 52
204 126 14
204 135 60
204 136 43
204 137 80
204 138 88
204 147 85
204 148 57
204 149 47
204 150 56
204 151 39
204 152 44
204 162 46
204 163 72
204 164 75
204 165 55
204 166 87
204 167 57
205 120 78
205 121 87
205 122 84
205 123 74
205 124 62
205 125 75
205 126 14
205 135 71
205 136 57
205 137 48
205 138 88
205 147 97
205 148 57
205 149 69
205 150 64
205 151 40
205 152 58
205 162 55
205 163 72
205 164 82
205 165 55
205 166 94
205 167 57
206 120 78
206 121 87
206 122 85
206 123 74
206 124 75
206 125 56
206 126 14
206 135 71
206 136 57
206 137 48
206 138 68
206 147 97
206 148 61
206 149 73
206 150 75
206 151 68
206 152 36
206 162 55
206 163 70
206 164 89
206 165 55
206 166 94
206 167 57
207 120 78
207 121 87
207 122 95
207 123 74
207 124 74
207 125 56
207 126 29
207 135 61
207 136 48
207 137 48
207 138 68
207 139 60
207 147 82
207 148 72
207 149 66
207 150 65
207 151 68
207 162 62
207 163 70
207 164 66
207 165 91
207 166 94
207 167 57
208 120 56
208 121 71
208 122 96
208 123 98
208 124 74
208 125 59
208 126 56
208 127 26
208 135 48
208 136 48
208 137 76
208 138 69
208 139 72
208 147 59
208 148 65
208 149 64
208 150 65
208 151 58
208 161 26
208 162 62
208 163 70
208 164 66
208 165 91
208 166 95
208 167 57
209 121 71
209 122 97
209 123 86
209 124 81
209 125 66
209 126 74
209 127 29
209 128 26
209 135 44
209 136 48
209 137 81
209 138 54
209 139 73
209 147 61
209 148 71
209 149 32
209 150 51
209 151 48
209 161 26
209 162 62
209 163 86
209 164 59
209 165 95
209 166 79
209 167 57
210 121 78
210 122 71
210 123 86
210 124 101
210 125 75
210 126 60
210 127 42
210 128 26
210 135 44
210 136 48
210 137 77
210 138 52
210 139 68
210 147 61
210 148 88
210 149 32
210 150 85
210 151 58
210 161 26
210 162 62
210 163 72
210 164 84
210 165 95
210 166 57
210 167 57
211 121 57
211 122 71
211 123 86
211 124 101
211 125 75
211 126 60
211 127 51
211 128 26
211 134 28
211 135 44
211 136 48
211 137 70
211 138 68
211 139 68
211 147 59
211 148 88
211 149 40
211 150 68
211 151 65
211 152 27
211 153 27
211 154 27
211 161 34
211 162 61
211 163 77
211 164 97
211 165 79
211 166 57
212 121 57
212 122 79
212 123 69
212 124 101
212 125 92
212 126 63
212 127 74
212 128 26
212 134 44
212 135 44
212 136 49
212 137 58
212 138 86
212 139 84
212 147 59
212 148 85
212 149 40
212 150 40
212 151 84
212 152 49
212 153 27
212 154 27
212 155 27
212 156 27
212 160 26
212 161 34
212 162 64
212 163 89
212 164 83
212 165 58
212 166 57
213 121 57
213 122 80
213 123 69
213 124 96
213 125 92
213 126 80
213 127 67
213 133 35
213 134 48
213 135 44
213 136 58
213 137 59
213 138 86
213 139 84
213 147 59
213 148 80
213 149 40
213 150 40
213 151 89
213 152 49
213 153 46
213 154 27
213 155 27
213 156 27
213 160 26
213 161 34
213 162 64
213 163 97
213 164 58
213 165 58
213 166 58
214 122 79
214 123 69
214 124 51
214 125 86
214 126 89
214 127 67
214 132 28
214 133 48
214 134 48
214 135 48
214 136 62
214 137 70
214 138 59
214 139 84
214 147 59
214 148 81
214 149 57
214 150 68
214 151 80
214 152 48
214 153 46
214 154 27
214 155 27
214 160 34
214 161 61
214 162 81
214 163 69
214 164 58
214 165 58
214 166 58
215 123 80
215 124 69
215 125 86
215 126 89
215 127 67
215 128 20
215 131 28
215 132 28
215 133 48
215 134 48
215 135 48
215 136 62
215 137 68
215 138 76
215 139 61
215 147 62
215 148 81
215 149 58
215 150 69
215 151 75
215 152 27
215 160 34
215 161 76
215 162 91
215 163 80
215 164 58
215 165 58
216 123 80
216 124 69
216 125 56
216 126 90
216 127 79
216 128 20
216 131 53
216 132 45
216 133 45
216 134 44
216 135 44
216 136 63
216 137 77
216 138 85
216 147 62
216 148 78
216 149 58
216 150 69
216 151 80
216 152 27
216 160 35
216 161 72
216 162 113
216 163 60
216 164 58
216 165 58
217 123 60
217 124 69
217 125 69
217 126 76
217 127 87
217 128 31
217 132 45
217 133 44
217 134 45
217 135 44
217 136 45
217 137 96
217 138 63
217 147 60
217 148 57
217 149 58
217 150 69
217 151 74
217 152 27
217 160 35
217 161 77
217 162 100
217 163 60
217 164 58
217 165 58
218 123 60
218 124 79
218 125 69
218 126 66
218 127 103
218 128 43
218 132 27
218 133 45
218 134 45
218 135 44
218 136 45
218 137 119
218 138 63
218 147 60
218 148 56
218 149 58
218 150 76
218 151 109
218 152 27
218 160 38
218 161 71
218 162 92
218 163 60
218 164 58
219 123 60
219 124 79
219 125 73
219 126 66
219 127 83
219 128 43
219 133 28
219 134 45
219 135 44
219 136 44
219 137 105
219 138 84
219 147 60
219 148 65
219 149 41
219 150 76
219 151 87
219 152 57
219 153 27
219 159 27
219 160 39
219 161 69
219 162 95
219 163 60
219 164 58
220 122 57
220 123 48
220 124 79
220 125 64
220 126 37
220 127 71
220 128 27
220 133 28
220 134 45
220 135 44
220 136 48
220 137 93
220 138 84
220 147 60
220 148 65
220 149 40
220 150 66
220 151 87
220 152 99
220 153 46
220 154 28
220 155 27
220 159 27
220 160 39
220 161 88
220 162 85
220 163 74
221 122 58
221 123 48
221 124 48
221 125 79
221 126 42
221 127 65
221 128 38
221 133 28
221 134 28
221 135 44
221 136 62
221 137 92
221 138 60
221 148 62
221 149 40
221 150 67
221 151 87
221 152 80
221 153 62
221 154 28
221 155 27
221 156 27
221 159 27
221 160 56
221 161 88
221 162 65
221 163 77
222 122 58
222 123 61
222 124 49
222 125 73
222 126 70
222 127 71
222 128 38
222 133 28
222 134 44
222 135 44
222 136 76
222 137 100
222 138 60
222 147 60
222 148 53
222 149 32
222 150 67
222 151 68
222 152 52
222 153 70
222 154 28
222 155 28
222 156 27
222 159 55
222 160 57
222 161 90
222 162 56
222 163 100
222 164 59
223 123 59
223 124 61
223 125 44
223 126 81
223 127 82
223 132 28
223 133 28
223 134 44
223 135 44
223 136 74
223 137 92
223 138 63
223 147 84
223 148 57
223 149 40
223 150 67
223 151 68
223 152 65
223 153 60
223 159 58
223 160 94
223 161 88
223 162 56
223 163 104
223 164 62
224 123 59
224 124 62
224 125 44
224 126 105
224 127 82
224 128 28
224 132 28
224 133 44
224 134 44
224 135 58
224 136 88
224 137 93
224 138 60
224 147 99
224 148 56
224 149 52
224 150 69
224 151 68
224 152 65
224 153 58
224 154 20
224 158 42
224 159 54
224 160 99
224 161 104
224 162 57
224 163 72
224 164 67
225 123 59
225 124 59
225 125 50
225 126 112
225 127 85
225 128 50
225 132 28
225 133 44
225 134 44
225 135 58
225 136 91
225 137 75
225 147 100
225 148 57
225 149 57
225 150 75
225 151 69
225 152 57
225 153 80
225 154 20
225 158 58
225 159 62
225 160 101
225 161 94
225 162 57
225 163 45
225 164 60
226 124 49
226 125 92
226 126 110
226 127 86
226 128 59
226 132 28
226 133 44
226 134 44
226 135 63
226 136 91
226 137 84
226 147 62
226 148 57
226 149 56
226 150 76
226 151 75
226 152 57
226 153 102
226 154 20
226 158 58
226 159 61
226 160 101
226 161 57
226 162 82
226 163 45
226 164 60
227 124 49
227 125 92
227 126 102
227 127 85
227 128 59
227 132 27
227 133 44
227 134 49
227 135 74
227 136 103
227 137 60
227 147 60
227 148 83
227 149 56
227 150 75
227 151 75
227 152 58
227 153 102
227 154 20
227 158 61
227 159 71
227 160 89
227 161 65
227 162 82
227 163 45
228 124 61
228 125 75
228 126 103
228 127 84
228 128 60
228 129 46
228 131 28
228 132 44
228 133 44
228 134 48
228 135 86
228 136 101
228 137 60
228 147 59
228 148 62
228 149 57
228 150 75
228 151 75
228 152 58
228 153 92
228 156 28
228 157 28
228 158 42
228 159 62
228 160 72
228 161 61
228 162 73
228 163 60
229 123 59
229 124 61
229 125 91
229 126 101
229 127 67
229 128 66
229 129 50
229 131 27
229 132 44
229 133 44
229 134 54
229 135 95
229 136 62
229 148 59
229 149 74
229 150 75
229 151 65
229 152 58
229 153 88
229 154 28
229 155 28
229 156 28
229 157 28
229 158 42
229 159 61
229 160 69
229 161 65
229 162 79
229 163 62
230 123 61
230 124 61
230 125 99
230 126 106
230 127 81
230 128 58
230 129 50
230 130 36
230 131 27
230 132 44
230 133 48
230 134 60
230 135 85
230 136 58
230 148 59
230 149 83
230 150 84
230 151 65
230 152 58
230 153 65
230 154 50
230 155 28
230 156 28
230 157 28
230 158 42
230 159 61
230 160 75
230 161 68
230 162 97
230 163 99
231 123 61
231 124 61
231 125 83
231 126 103
231 127 83
231 128 64
231 129 63
231 130 37
231 131 44
231 132 43
231 133 47
231 134 68
231 135 58
231 136 75
231 148 59
231 149 61
231 150 87
231 151 65
231 152 65
231 153 58
231 154 69
231 155 36
231 156 28
231 157 28
231 158 61
231 159 67
231 160 78
231 161 99
231 162 99
231 163 59
232 123 61
232 124 61
232 125 98
232 126 109
232 127 93
232 128 61
232 129 60
232 130 51
232 131 58
232 132 47
232 133 58
232 134 105
232 135 62
232 149 59
232 150 80
232 151 67
232 152 65
232 153 54
232 154 54
232 155 65
232 156 39
232 157 49
232 158 74
232 159 61
232 160 101
232 161 98
232 162 82
232 163 59
233 122 58
233 123 59
233 124 61
233 125 97
233 126 106
233 127 86
233 128 60
233 129 48
233 130 50
233 131 62
233 132 82
233 133 90
233 134 107
233 135 98
233 149 59
233 150 70
233 151 64
233 152 65
233 153 54
233 154 60
233 155 78
233 156 59
233 157 74
233 158 67
233 159 92
233 160 119
233 161 81
233 162 81
233 163 59
233 164 59
234 122 58
234 123 58
234 124 58
234 125 82
234 126 95
234 127 94
234 128 76
234 129 54
234 130 71
234 131 79
234 132 94
234 133 101
234 134 120
234 135 58
234 150 44
234 151 64
234 152 65
234 153 61
234 154 54
234 155 101
234 156 53
234 157 81
234 158 65
234 159 95
234 160 97
234 161 81
234 162 81
234 163 81
234 164 59
235 123 58
235 124 58
235 125 97
235 126 84
235 127 89
235 128 72
235 129 75
235 130 79
235 131 92
235 132 100
235 133 116
235 134 109
235 135 58
235 150 43
235 151 74
235 152 65
235 153 61
235 154 53
235 155 77
235 156 53
235 157 80
235 158 76
235 159 89
235 160 74
235 161 81
235 162 81
235 163 81
235 164 59
236 123 58
236 124 58
236 125 97
236 126 85
236 127 100
236 128 93
236 129 97
236 130 98
236 131 99
236 132 108
236 133 127
236 134 108
236 135 58
236 151 78
236 152 64
236 153 61
236 154 53
236 155 60
236 156 48
236 157 59
236 158 90
236 159 90
236 160 93
236 161 81
236 162 81
236 163 81
236 164 58
237 124 58
237 125 80
237 126 100
237 127 78
237 128 98
237 129 96
237 130 100
237 131 105
237 132 116
237 133 124
237 134 109
237 135 58
237 151 60
237 152 64
237 153 61
237 154 61
237 155 53
237 156 88
237 157 48
237 158 66
237 159 89
237 160 100
237 161 109
237 162 81
237 163 81
238 126 80
238 127 97
238 128 83
238 129 101
238 130 104
238 131 109
238 132 129
238 133 102
238 134 58
238 152 78
238 153 64
238 154 60
238 155 61
238 156 60
238 157 65
238 158 58
238 159 99
238 160 99
238 161 96
238 162 58
239 127 58
239 128 96
239 129 104
239 130 114
239 131 129
239 132 108
239 133 58
239 153 78
239 154 63
239 155 60
239 156 75
239 157 75
239 158 110
239 159 92
239 160 95
239 161 96
