39 144 55
39 145 45
39 146 55
39 147 41
39 148 41
39 149 41
39 150 60
39 151 52
39 152 46
39 153 55
39 154 55
40 143 57
40 144 41
40 145 41
40 146 66
40 147 66
40 148 66
40 149 66
40 150 66
40 151 41
40 152 41
40 153 46
40 154 57
40 155 57
40 156 55
40 157 55
41 142 57
41 143 41
41 144 56
41 145 42
41 146 30
41 147 30
41 148 33
41 149 41
41 150 42
41 151 41
41 152 41
41 153 41
41 154 41
41 155 57
41 156 57
41 157 55
41 158 58
41 159 56
41 160 56
42 141 57
42 142 41
42 143 48
42 144 48
42 145 30
42 146 62
42 147 82
42 148 65
42 149 55
42 150 65
42 151 68
42 152 55
42 153 59
42 154 74
42 155 57
42 156 57
42 157 46
42 158 58
42 159 78
42 160 56
42 161 56
42 162 55
42 163 55
42 164 55
43 141 47
43 142 47
43 143 48
43 144 48
43 145 82
43 146 59
43 147 55
43 148 51
43 149 42
43 150 42
43 151 49
43 152 49
43 153 71
43 154 75
43 155 98
43 156 71
43 157 61
43 158 61
43 159 79
43 160 78
43 161 78
43 162 78
43 163 78
43 164 78
43 165 46
43 166 58
44 140 62
44 141 48
44 142 48
44 143 48
44 144 77
44 145 59
44 146 55
44 147 46
44 148 42
44 149 42
44 150 42
44 151 43
44 152 49
44 153 50
44 154 63
44 155 85
44 156 75
44 157 61
44 158 61
44 159 79
44 160 61
44 161 61
44 162 58
44 163 58
44 164 61
44 165 49
44 166 41
44 167 41
44 168 58
44 169 55
45 139 28
45 140 52
45 141 48
45 142 49
45 143 71
45 144 61
45 145 55
45 146 46
45 147 42
45 148 42
45 149 42
45 150 42
45 151 42
45 152 43
45 153 49
45 154 54
45 155 66
45 156 75
45 157 79
45 158 61
45 159 58
45 160 58
45 161 54
45 162 54
45 163 58
45 164 42
45 165 42
45 166 42
45 167 42
45 168 42
45 169 46
45 170 55
46 138 42
46 139 28
46 140 48
46 141 49
46 142 49
46 143 78
46 144 55
46 145 46
46 146 46
46 147 42
46 148 42
46 149 42
46 150 41
46 151 42
46 152 43
46 153 49
46 154 51
46 155 61
46 156 75
46 157 77
46 158 58
46 159 54
46 160 58
46 161 54
46 162 55
46 163 42
46 164 42
46 165 42
46 166 42
46 167 42
46 168 41
46 169 41
46 170 46
47 137 41
47 138 28
47 139 28
47 140 48
47 141 49
47 142 71
47 143 62
47 144 46
47 145 46
47 146 42
47 147 42
47 148 42
47 149 42
47 150 42
47 151 42
47 152 43
47 153 49
47 154 51
47 155 58
47 156 82
47 157 68
47 158 54
47 159 54
47 160 54
47 161 54
47 162 46
47 163 42
47 164 42
47 165 42
47 166 42
47 167 42
47 168 41
47 169 42
47 170 46
47 171 58
48 137 41
48 138 28
48 139 61
48 140 49
48 141 71
48 142 54
48 143 59
48 144 67
48 145 67
48 146 68
48 147 68
48 148 58
48 149 42
48 150 67
48 151 67
48 152 67
48 153 70
48 154 49
48 155 51
48 156 82
48 157 68
48 158 54
48 159 54
48 160 54
48 161 46
48 162 42
48 163 42
48 164 42
48 165 42
48 166 42
48 167 42
48 168 42
48 169 42
48 170 46
48 171 46
49 137 41
49 138 61
49 139 61
49 140 86
49 141 72
49 142 79
49 143 46
49 144 55
49 145 55
49 146 68
49 147 58
49 148 55
49 149 42
49 150 41
49 151 42
49 152 50
49 153 49
49 154 38
49 155 42
49 156 79
49 157 71
49 158 54
49 159 51
49 160 46
49 161 42
49 162 42
49 163 42
49 164 42
49 165 42
49 166 42
49 167 42
49 168 42
49 169 42
49 170 46
49 171 46
50 137 68
50 138 82
50 139 86
50 140 59
50 141 50
50 142 51
50 143 42
50 144 42
50 145 42
50 146 42
50 147 42
50 148 42
50 149 42
50 150 41
50 151 42
50 152 42
50 153 38
50 154 31
50 155 39
50 156 79
50 157 91
50 158 42
50 159 42
50 160 42
50 161 42
50 162 42
50 163 42
50 164 42
50 165 42
50 166 42
50 167 42
50 168 42
50 169 42
50 170 46
50 171 58
50 220 60
50 221 60
50 222 60
50 223 60
51 137 87
51 138 71
51 139 86
51 140 51
51 141 66
51 142 43
51 143 42
51 144 42
51 145 42
51 146 42
51 147 42
51 148 42
51 149 42
51 150 41
51 151 43
51 152 43
51 153 31
51 154 31
51 155 39
51 156 76
51 157 78
51 158 42
51 159 42
51 160 42
51 161 43
51 162 42
51 163 42
51 164 42
51 165 42
51 166 42
51 167 42
51 168 42
51 169 47
51 170 58
51 171 57
51 218 60
51 219 60
51 220 60
51 221 60
51 222 60
51 223 60
51 224 60
51 225 60
52 136 60
52 137 61
52 138 71
52 139 86
52 140 59
52 141 71
52 142 43
52 143 41
52 144 42
52 145 42
52 146 42
52 147 42
52 148 42
52 149 42
52 150 42
52 151 43
52 152 43
52 153 14
52 154 31
52 155 39
52 156 76
52 157 64
52 158 68
52 159 42
52 160 42
52 161 43
52 162 43
52 163 42
52 164 42
52 165 42
52 166 42
52 167 42
52 168 42
52 169 42
52 170 58
52 217 60
52 218 60
52 219 60
52 220 60
52 221 60
52 222 60
52 223 60
52 224 62
52 225 62
52 226 60
52 227 60
52 228 60
52 229 60
52 230 60
53 136 60
53 137 53
53 138 49
53 139 71
53 140 63
53 141 71
53 142 43
53 143 41
53 144 42
53 145 42
53 146 42
53 147 42
53 148 42
53 149 42
53 150 42
53 151 43
53 152 43
53 153 14
53 154 31
53 155 31
53 156 59
53 157 59
53 158 63
53 159 42
53 160 42
53 161 43
53 162 43
53 163 42
53 164 43
53 165 42
53 166 42
53 167 41
53 168 42
53 169 42
53 170 58
53 205 60
53 206 60
53 207 60
53 215 60
53 216 60
53 217 60
53 218 60
53 219 60
53 220 60
53 221 60
53 222 62
53 223 62
53 224 62
53 225 62
53 226 60
53 227 61
53 228 62
53 229 62
53 230 62
53 231 62
53 232 59
54 136 58
54 137 64
54 138 49
54 139 71
54 140 63
54 141 65
54 142 46
54 143 42
54 144 42
54 145 42
54 146 42
54 147 42
54 148 42
54 149 42
54 150 42
54 151 43
54 152 43
54 153 14
54 154 31
54 155 38
54 156 59
54 157 59
54 158 63
54 159 42
54 160 42
54 161 43
54 162 43
54 163 42
54 164 42
54 165 42
54 166 42
54 167 42
54 168 42
54 169 42
54 170 57
54 204 60
54 205 60
54 206 60
54 207 60
54 208 60
54 214 60
54 215 60
54 216 60
54 217 60
54 218 60
54 219 62
54 220 62
54 221 62
54 222 62
54 223 62
54 224 49
54 225 49
54 226 62
54 227 62
54 228 62
54 229 62
54 230 62
54 231 62
54 232 62
54 233 61
54 234 59
55 137 60
55 138 53
55 139 71
55 140 62
55 141 66
55 142 47
55 143 42
55 144 42
55 145 42
55 146 42
55 147 42
55 148 42
55 149 42
55 150 42
55 151 42
55 152 43
55 153 14
55 154 31
55 155 49
55 156 59
55 157 59
55 158 72
55 159 42
55 160 42
55 161 42
55 162 42
55 163 42
55 164 42
55 165 42
55 166 42
55 167 42
55 168 42
55 169 42
55 203 60
55 204 60
55 205 60
55 206 60
55 207 60
55 208 60
55 209 60
55 211 60
55 212 60
55 213 60
55 214 63
55 215 63
55 216 63
55 217 63
55 218 63
55 219 63
55 220 63
55 221 63
55 222 50
55 223 50
55 224 50
55 225 62
55 226 62
55 227 62
55 228 62
55 229 62
55 230 49
55 231 49
55 232 49
55 233 49
55 234 62
55 235 59
55 236 58
56 137 59
56 138 64
56 139 49
56 140 62
56 141 71
56 142 43
56 143 42
56 144 42
56 145 42
56 146 42
56 147 42
56 148 42
56 149 42
56 150 42
56 151 42
56 152 29
56 153 14
56 154 38
56 155 59
56 156 59
56 157 71
56 158 72
56 159 42
56 160 42
56 161 42
56 162 42
56 163 42
56 164 42
56 165 42
56 166 42
56 167 42
56 168 42
56 169 42
56 202 60
56 203 60
56 204 60
56 205 60
56 206 62
56 207 62
56 208 62
56 209 50
56 210 62
56 211 62
56 212 62
56 213 63
56 214 63
56 215 63
56 216 63
56 217 63
56 218 50
56 219 50
56 220 50
56 221 50
56 222 50
56 223 50
56 224 62
56 225 62
56 226 62
56 227 62
56 228 49
56 229 49
56 230 49
56 231 49
56 232 49
56 233 49
56 234 62
56 235 62
56 236 59
56 237 58
57 138 64
57 139 50
57 140 90
57 141 52
57 142 44
57 143 42
57 144 42
57 145 42
57 146 42
57 147 42
57 148 42
57 149 42
57 150 42
57 151 42
57 152 14
57 153 31
57 154 38
57 155 59
57 156 59
57 157 76
57 158 68
57 159 42
57 160 42
57 161 42
57 162 42
57 163 42
57 164 42
57 165 42
57 166 42
57 167 42
57 168 42
57 169 42
57 200 59
57 201 62
57 202 62
57 203 62
57 204 62
57 205 62
57 206 62
57 207 50
57 208 50
57 209 62
57 210 62
57 211 62
57 212 62
57 213 63
57 214 63
57 215 50
57 216 50
57 217 50
57 218 50
57 219 50
57 220 50
57 221 50
57 222 62
57 223 62
57 224 49
57 225 49
57 226 49
57 227 49
57 228 49
57 229 49
57 230 49
57 231 49
57 232 49
57 233 61
57 234 61
57 235 59
57 236 59
57 237 59
58 138 57
58 139 49
58 140 59
58 141 71
58 142 45
58 143 42
58 144 42
58 145 43
58 146 42
58 147 42
58 148 43
58 149 42
58 150 42
58 151 26
58 152 14
58 153 31
58 154 51
58 155 59
58 156 59
58 157 59
58 158 42
58 159 42
58 160 42
58 161 42
58 162 42
58 163 42
58 164 42
58 165 42
58 166 42
58 167 42
58 168 42
58 169 47
58 199 59
58 200 62
58 201 62
58 202 62
58 203 62
58 204 62
58 205 50
58 206 50
58 207 50
58 208 50
58 209 62
58 210 62
58 211 62
58 212 49
58 213 50
58 214 50
58 215 50
58 216 50
58 217 50
58 218 50
58 219 49
58 220 49
58 221 49
58 222 49
58 223 49
58 224 49
58 225 49
58 226 49
58 227 49
58 228 49
58 229 49
58 230 49
58 231 49
58 232 61
58 233 61
58 234 61
58 235 59
58 236 59
58 237 59
59 137 56
59 138 58
59 139 71
59 140 59
59 141 77
59 142 50
59 143 42
59 144 43
59 145 42
59 146 43
59 147 43
59 148 42
59 149 26
59 150 26
59 151 14
59 152 14
59 153 38
59 154 59
59 155 59
59 156 50
59 157 69
59 158 42
59 159 42
59 160 42
59 161 42
59 162 42
59 163 42
59 164 42
59 165 42
59 166 42
59 167 42
59 168 42
59 169 58
59 192 61
59 197 59
59 198 59
59 199 62
59 200 62
59 201 63
59 202 68
59 203 45
59 204 45
59 205 45
59 206 45
59 207 45
59 208 49
59 209 49
59 210 49
59 211 49
59 212 49
59 213 50
59 214 50
59 215 50
59 216 44
59 217 49
59 218 49
59 219 49
59 220 49
59 221 49
59 222 49
59 223 49
59 224 49
59 225 49
59 226 49
59 227 49
59 228 49
59 229 49
59 230 49
59 231 61
59 232 49
59 233 61
59 234 61
59 235 61
59 236 61
59 237 60
60 136 56
60 137 43
60 138 54
60 139 59
60 140 59
60 141 59
60 142 50
60 143 45
60 144 43
60 145 43
60 146 43
60 147 42
60 148 26
60 149 26
60 151 14
60 152 31
60 153 49
60 154 59
60 155 59
60 156 59
60 157 68
60 158 42
60 159 42
60 160 42
60 161 42
60 162 42
60 163 42
60 164 42
60 165 42
60 166 42
60 167 42
60 168 47
60 191 61
60 192 61
60 193 61
60 194 61
60 195 59
60 196 59
60 197 59
60 198 62
60 199 62
60 200 68
60 201 45
60 202 45
60 203 45
60 204 45
60 205 45
60 206 45
60 207 45
60 208 49
60 209 49
60 210 49
60 211 49
60 212 49
60 213 45
60 214 45
60 215 44
60 216 49
60 217 49
60 218 49
60 219 49
60 220 49
60 221 49
60 222 49
60 223 49
60 224 59
60 225 59
60 226 59
60 227 59
60 228 59
60 229 61
60 230 49
60 231 61
60 232 61
60 233 61
60 234 61
60 235 61
60 236 61
60 237 59
60 238 58
61 135 42
61 136 43
61 137 53
61 138 68
61 139 55
61 140 59
61 141 59
61 142 50
61 143 45
61 144 43
61 145 43
61 146 42
61 151 14
61 152 49
61 153 59
61 154 59
61 155 71
61 156 69
61 157 42
61 158 42
61 159 42
61 160 42
61 161 42
61 162 42
61 163 42
61 164 42
61 165 42
61 166 42
61 167 47
61 190 61
61 191 61
61 192 84
61 193 84
61 194 84
61 195 83
61 196 59
61 197 62
61 198 45
61 199 45
61 200 45
61 201 45
61 202 45
61 203 45
61 204 45
61 205 45
61 206 45
61 207 45
61 208 45
61 209 45
61 210 45
61 211 45
61 212 45
61 213 45
61 214 45
61 215 49
61 216 49
61 217 49
61 218 49
61 219 49
61 220 49
61 221 49
61 222 61
61 223 59
61 224 59
61 225 61
61 226 61
61 227 61
61 228 61
61 229 61
61 230 61
61 231 61
61 232 61
61 233 61
61 234 61
61 235 61
61 236 59
61 237 59
61 238 59
61 239 58
62 134 43
62 135 43
62 136 43
62 137 68
62 138 55
62 139 55
62 140 59
62 141 76
62 142 50
62 143 45
62 144 43
62 145 42
62 151 14
62 152 49
62 153 59
62 154 59
62 155 90
62 156 42
62 157 42
62 158 42
62 159 42
62 160 42
62 161 42
62 162 42
62 163 42
62 164 42
62 165 42
62 166 47
62 167 58
62 189 61
62 190 61
62 191 84
62 192 84
62 193 84
62 194 84
62 195 68
62 196 45
62 197 45
62 198 45
62 199 45
62 200 45
62 201 45
62 202 45
62 203 45
62 204 45
62 205 45
62 206 45
62 207 45
62 208 45
62 209 45
62 210 45
62 211 45
62 212 45
62 213 45
62 214 49
62 215 49
62 216 49
62 217 49
62 218 49
62 219 44
62 220 44
62 221 49
62 222 61
62 223 61
62 224 61
62 225 61
62 226 61
62 227 61
62 228 61
62 229 61
62 230 59
62 231 59
62 232 59
62 233 61
62 234 61
62 235 59
62 236 59
62 237 59
62 238 59
62 239 58
63 131 55
63 132 46
63 133 42
63 134 43
63 135 43
63 136 59
63 137 55
63 138 55
63 139 59
63 140 59
63 141 59
63 142 50
63 143 44
63 151 28
63 152 59
63 153 59
63 154 59
63 155 87
63 156 42
63 157 42
63 158 42
63 159 42
63 160 42
63 161 42
63 162 42
63 163 42
63 164 42
63 165 42
63 166 47
63 188 84
63 189 84
63 190 84
63 191 84
63 192 84
63 193 84
63 194 73
63 195 45
63 196 45
63 197 45
63 198 45
63 199 45
63 200 45
63 201 45
63 202 45
63 203 45
63 204 45
63 205 45
63 206 45
63 207 45
63 208 45
63 209 45
63 210 45
63 211 45
63 212 45
63 213 49
63 214 49
63 215 49
63 216 44
63 217 44
63 218 44
63 219 44
63 220 49
63 221 49
63 222 61
63 223 61
63 224 61
63 225 61
63 226 59
63 227 59
63 228 61
63 229 61
63 230 61
63 231 62
63 232 62
63 233 62
63 234 59
63 235 59
63 236 59
63 237 59
63 238 59
64 127 55
64 128 45
64 129 41
64 130 41
64 131 42
64 132 42
64 133 66
64 134 58
64 135 55
64 136 55
64 137 56
64 138 56
64 139 60
64 140 59
64 141 31
64 142 32
64 151 35
64 152 56
64 153 59
64 154 68
64 155 59
64 156 70
64 157 42
64 158 42
64 159 42
64 160 43
64 161 42
64 162 42
64 163 43
64 164 43
64 165 73
64 166 81
64 167 59
64 183 59
64 184 59
64 185 59
64 186 59
64 187 84
64 188 84
64 189 84
64 190 84
64 191 84
64 192 85
64 193 45
64 194 45
64 195 45
64 196 45
64 197 45
64 198 45
64 199 45
64 200 45
64 201 45
64 202 45
64 203 45
64 204 45
64 205 45
64 206 45
64 207 45
64 208 45
64 209 45
64 210 45
64 211 45
64 212 45
64 213 44
64 214 44
64 215 44
64 216 44
64 217 44
64 218 49
64 219 49
64 220 49
64 221 61
64 222 49
64 223 49
64 224 49
64 225 61
64 226 61
64 227 61
64 228 61
64 229 61
64 230 62
64 231 62
64 232 62
64 233 62
64 234 62
64 235 61
64 236 59
64 237 59
65 125 57
65 126 41
65 127 41
65 128 41
65 129 66
65 130 66
65 131 57
65 132 54
65 133 55
65 134 55
65 135 56
65 136 56
65 137 43
65 138 51
65 139 51
65 140 32
65 141 32
65 142 14
65 150 26
65 151 43
65 152 55
65 153 77
65 154 77
65 155 60
65 156 60
65 157 69
65 158 42
65 159 42
65 160 43
65 161 43
65 162 43
65 163 43
65 164 43
65 165 43
65 166 80
65 167 59
65 168 59
65 169 59
65 170 59
65 171 59
65 180 84
65 181 84
65 182 59
65 183 59
65 184 59
65 185 59
65 186 59
65 187 84
65 188 84
65 189 84
65 190 84
65 191 85
65 192 45
65 193 45
65 194 46
65 195 45
65 196 46
65 197 46
65 198 46
65 199 45
65 200 45
65 201 45
65 202 45
65 203 45
65 204 45
65 205 45
65 206 45
65 207 45
65 208 45
65 209 45
65 210 45
65 211 45
65 212 44
65 213 44
65 214 44
65 215 45
65 216 44
65 217 44
65 218 44
65 219 44
65 220 49
65 221 49
65 222 49
65 223 49
65 224 61
65 225 61
65 226 61
65 227 61
65 228 61
65 229 61
65 230 62
65 231 62
65 232 62
65 233 62
65 234 62
65 235 62
65 236 61
66 123 46
66 124 41
66 125 42
66 126 66
66 127 66
66 128 58
66 129 58
66 130 55
66 131 55
66 132 56
66 133 43
66 134 43
66 135 43
66 136 50
66 137 51
66 138 32
66 139 32
66 140 32
66 141 14
66 150 42
66 151 59
66 152 55
66 153 56
66 154 69
66 155 60
66 156 60
66 157 60
66 158 43
66 159 43
66 160 42
66 161 43
66 162 43
66 163 44
66 164 43
66 165 43
66 166 43
66 167 58
66 168 49
66 169 49
66 170 49
66 171 49
66 172 49
66 173 61
66 174 59
66 175 59
66 176 59
66 177 59
66 178 84
66 179 85
66 180 85
66 181 85
66 182 85
66 183 59
66 184 59
66 185 59
66 186 84
66 187 85
66 188 85
66 189 85
66 190 85
66 191 45
66 192 46
66 193 46
66 194 46
66 195 46
66 196 46
66 197 46
66 198 46
66 199 45
66 200 45
66 201 45
66 202 45
66 203 45
66 204 45
66 205 45
66 206 45
66 207 45
66 208 45
66 209 45
66 210 45
66 211 45
66 212 45
66 213 44
66 214 44
66 215 44
66 216 44
66 217 49
66 218 49
66 219 49
66 220 49
66 221 49
66 222 49
66 223 61
66 224 61
66 225 61
66 226 61
66 227 59
66 228 59
66 229 61
66 230 62
66 231 62
66 232 62
66 233 62
66 234 62
66 235 62
66 236 59
66 237 59
67 121 57
67 122 42
67 123 42
67 124 42
67 125 67
67 126 58
67 127 58
67 128 55
67 129 55
67 130 55
67 131 47
67 132 43
67 133 43
67 134 43
67 135 40
67 136 32
67 137 32
67 138 32
67 139 32
67 140 14
67 149 43
67 150 43
67 151 43
67 152 43
67 153 57
67 154 57
67 155 60
67 156 60
67 157 56
67 158 70
67 159 43
67 160 44
67 161 44
67 162 43
67 163 44
67 164 44
67 165 44
67 166 44
67 167 44
67 168 58
67 169 49
67 170 49
67 171 49
67 172 44
67 173 44
67 174 44
67 175 44
67 176 49
67 177 76
67 178 76
67 179 76
67 180 85
67 181 85
67 182 85
67 183 85
67 184 61
67 185 85
67 186 85
67 187 85
67 188 76
67 189 57
67 190 45
67 191 45
67 192 45
67 193 45
67 194 46
67 195 46
67 196 46
67 197 46
67 198 46
67 199 46
67 200 45
67 201 45
67 202 45
67 203 45
67 204 45
67 205 45
67 206 45
67 207 45
67 208 45
67 209 45
67 210 44
67 211 44
67 212 44
67 213 44
67 214 44
67 215 49
67 216 49
67 217 49
67 218 49
67 219 49
67 220 49
67 221 49
67 222 61
67 223 61
67 224 61
67 225 59
67 226 59
67 227 59
67 228 59
67 229 59
67 230 60
67 231 60
67 232 62
67 233 62
67 234 62
67 235 60
67 236 59
68 120 46
68 121 42
68 122 42
68 123 42
68 124 67
68 125 58
68 126 54
68 127 54
68 128 55
68 129 55
68 130 47
68 131 43
68 132 43
68 133 32
68 134 32
68 135 32
68 136 32
68 137 32
68 138 32
68 148 27
68 149 43
68 150 43
68 151 44
68 152 44
68 153 43
68 154 57
68 155 57
68 156 57
68 157 60
68 158 57
68 159 71
68 160 44
68 161 44
68 162 44
68 163 44
68 164 44
68 165 45
68 166 45
68 167 45
68 168 45
68 169 45
68 170 45
68 171 45
68 172 45
68 173 45
68 174 56
68 175 44
68 176 74
68 177 74
68 178 73
68 179 76
68 180 76
68 181 76
68 182 76
68 183 76
68 184 76
68 185 76
68 186 57
68 187 57
68 188 57
68 189 45
68 190 45
68 191 45
68 192 46
68 193 46
68 194 46
68 195 46
68 196 46
68 197 46
68 198 46
68 199 46
68 200 46
68 201 45
68 202 45
68 203 45
68 204 45
68 205 45
68 206 45
68 207 45
68 208 56
68 209 44
68 210 44
68 211 44
68 212 44
68 213 49
68 214 49
68 215 49
68 216 49
68 217 49
68 218 49
68 219 49
68 220 44
68 221 49
68 222 49
68 223 49
68 224 49
68 225 61
68 226 61
68 227 61
68 228 61
68 229 61
68 230 61
68 231 62
68 232 61
68 233 61
68 234 61
68 235 61
69 118 46
69 119 46
69 120 42
69 121 42
69 122 42
69 123 67
69 124 54
69 125 54
69 126 55
69 127 55
69 128 55
69 129 66
69 130 32
69 131 32
69 132 15
69 133 15
69 134 32
69 135 32
69 136 32
69 148 44
69 149 43
69 150 43
69 151 44
69 152 44
69 153 44
69 154 48
69 155 57
69 156 57
69 157 57
69 158 52
69 159 58
69 160 58
69 161 45
69 162 44
69 163 71
69 164 70
69 165 45
69 166 45
69 167 45
69 168 45
69 169 45
69 170 45
69 171 45
69 172 45
69 173 45
69 174 45
69 175 74
69 176 74
69 177 74
69 178 74
69 179 74
69 180 74
69 181 74
69 182 74
69 183 63
69 184 63
69 185 57
69 186 57
69 187 46
69 188 46
69 189 46
69 190 46
69 191 46
69 192 46
69 193 46
69 194 46
69 195 46
69 196 46
69 197 46
69 198 46
69 199 46
69 200 46
69 201 45
69 202 45
69 203 45
69 204 45
69 205 45
69 206 57
69 207 44
69 208 44
69 209 44
69 210 44
69 211 49
69 212 49
69 213 49
69 214 44
69 215 44
69 216 44
69 217 44
69 218 49
69 219 49
69 220 49
69 221 49
69 222 49
69 223 49
69 224 62
69 225 62
69 226 61
69 227 61
69 228 61
69 229 59
69 230 59
69 231 59
69 232 61
69 233 61
69 234 59
69 235 59
69 236 59
70 117 46
70 118 46
70 119 42
70 120 41
70 121 42
70 122 67
70 123 58
70 124 54
70 125 62
70 126 59
70 127 60
70 128 58
70 129 14
70 130 15
70 148 27
70 149 43
70 150 44
70 151 44
70 152 45
70 153 45
70 154 44
70 155 64
70 156 64
70 157 57
70 158 58
70 159 53
70 160 53
70 161 53
70 162 90
70 163 88
70 164 71
70 165 71
70 166 71
70 167 45
70 168 45
70 169 45
70 170 45
70 171 45
70 172 45
70 173 45
70 174 74
70 175 74
70 176 74
70 177 74
70 178 74
70 179 74
70 180 74
70 181 74
70 182 63
70 183 63
70 184 63
70 185 57
70 186 46
70 187 46
70 188 46
70 189 46
70 190 46
70 191 46
70 192 46
70 193 46
70 194 46
70 195 46
70 196 46
70 197 46
70 198 46
70 199 46
70 200 45
70 201 45
70 202 45
70 203 45
70 204 57
70 205 57
70 206 44
70 207 44
70 208 44
70 209 44
70 210 44
70 211 44
70 212 44
70 213 44
70 214 44
70 215 44
70 216 49
70 217 49
70 218 49
70 219 49
70 220 49
70 221 49
70 222 49
70 223 49
70 224 62
70 225 62
70 226 61
70 227 59
70 228 59
70 229 59
70 230 59
70 231 59
70 232 59
70 233 59
70 234 59
70 235 59
70 236 59
71 116 46
71 117 46
71 118 42
71 119 41
71 120 42
71 121 67
71 122 58
71 123 54
71 124 55
71 125 59
71 126 50
71 127 50
71 128 14
71 149 43
71 150 44
71 151 44
71 152 44
71 153 45
71 154 45
71 155 48
71 156 72
71 157 65
71 158 65
71 159 58
71 160 58
71 161 53
71 162 53
71 163 58
71 164 58
71 165 58
71 166 72
71 167 72
71 168 45
71 169 45
71 170 45
71 171 45
71 172 45
71 173 45
71 174 74
71 175 75
71 176 75
71 177 74
71 178 74
71 179 74
71 180 74
71 181 63
71 182 63
71 183 63
71 184 58
71 185 46
71 186 46
71 187 46
71 188 46
71 189 46
71 190 46
71 191 46
71 192 46
71 193 46
71 194 46
71 195 46
71 196 46
71 197 46
71 198 46
71 199 47
71 200 46
71 201 46
71 202 57
71 203 57
71 204 57
71 205 44
71 206 44
71 207 44
71 208 44
71 209 44
71 210 44
71 211 44
71 212 44
71 213 44
71 214 49
71 215 49
71 216 49
71 217 49
71 218 49
71 219 49
71 220 49
71 221 49
71 222 49
71 223 62
71 224 62
71 225 61
71 226 60
71 227 59
71 228 59
71 229 59
71 230 59
71 231 59
71 232 59
71 233 59
71 234 59
71 235 59
71 236 59
72 116 46
72 117 42
72 118 42
72 119 41
72 120 67
72 121 58
72 122 55
72 123 59
72 124 59
72 125 50
72 126 50
72 149 44
72 150 44
72 151 44
72 152 44
72 153 44
72 154 56
72 155 45
72 156 58
72 157 59
72 158 59
72 159 83
72 160 78
72 161 79
72 162 66
72 163 53
72 164 58
72 165 59
72 166 59
72 167 59
72 168 75
72 169 45
72 170 45
72 171 45
72 172 45
72 173 75
72 174 75
72 175 75
72 176 75
72 177 75
72 178 74
72 179 74
72 180 63
72 181 64
72 182 64
72 183 58
72 184 58
72 185 46
72 186 46
72 187 46
72 188 46
72 189 46
72 190 46
72 191 46
72 192 46
72 193 46
72 194 46
72 195 46
72 196 46
72 197 46
72 198 46
72 199 46
72 200 46
72 201 57
72 202 57
72 203 57
72 204 44
72 205 44
72 206 44
72 207 44
72 208 44
72 209 44
72 210 44
72 211 44
72 212 44
72 213 49
72 214 49
72 215 49
72 216 49
72 217 49
72 218 49
72 219 49
72 220 49
72 221 62
72 222 62
72 223 62
72 224 60
72 225 60
72 226 60
72 227 59
72 228 59
72 229 59
72 230 59
72 231 59
72 232 59
72 233 59
72 234 59
72 235 59
73 115 46
73 116 42
73 117 42
73 118 42
73 119 42
73 120 58
73 121 58
73 122 59
73 123 59
73 124 59
73 125 50
73 150 44
73 151 44
73 152 45
73 153 45
73 154 45
73 155 46
73 156 45
73 157 59
73 158 59
73 159 59
73 160 59
73 161 59
73 162 59
73 163 70
73 164 66
73 165 58
73 166 59
73 167 59
73 168 59
73 169 72
73 170 45
73 171 45
73 172 75
73 173 75
73 174 75
73 175 75
73 176 75
73 177 75
73 178 75
73 179 63
73 180 64
73 181 64
73 182 58
73 183 58
73 184 46
73 185 46
73 186 46
73 187 46
73 188 46
73 189 46
73 190 46
73 191 46
73 192 46
73 193 46
73 194 46
73 195 46
73 196 46
73 197 46
73 198 47
73 199 58
73 200 58
73 201 57
73 202 57
73 203 44
73 204 44
73 205 44
73 206 44
73 207 44
73 208 44
73 209 44
73 210 44
73 211 49
73 212 49
73 213 49
73 214 49
73 215 49
73 216 49
73 217 49
73 218 49
73 219 62
73 220 62
73 221 62
73 222 62
73 223 59
73 224 60
73 225 60
73 226 59
73 227 59
73 228 59
73 229 59
73 230 59
73 231 59
73 232 59
73 233 59
73 234 59
74 114 46
74 115 41
74 116 42
74 117 42
74 118 42
74 119 67
74 120 58
74 121 55
74 122 59
74 123 60
74 124 50
74 125 15
74 150 44
74 151 44
74 152 45
74 153 45
74 154 45
74 155 45
74 156 45
74 157 50
74 158 59
74 159 59
74 160 59
74 161 59
74 162 59
74 163 59
74 164 59
74 165 59
74 166 70
74 167 59
74 168 59
74 169 59
74 170 71
74 171 63
74 172 75
74 173 75
74 174 75
74 175 75
74 176 75
74 177 75
74 178 75
74 179 64
74 180 64
74 181 58
74 182 58
74 183 46
74 184 46
74 185 46
74 186 46
74 187 46
74 188 46
74 189 46
74 190 46
74 191 46
74 192 46
74 193 46
74 194 46
74 195 46
74 196 63
74 197 63
74 198 58
74 199 58
74 200 58
74 201 57
74 202 44
74 203 44
74 204 44
74 205 44
74 206 44
74 207 44
74 208 44
74 209 44
74 210 49
74 211 49
74 212 49
74 213 49
74 214 49
74 215 49
74 216 49
74 217 62
74 218 62
74 219 62
74 220 62
74 221 62
74 222 59
74 223 59
74 224 59
74 225 59
75 113 57
75 114 41
75 115 42
75 116 42
75 117 42
75 118 43
75 119 68
75 120 58
75 121 59
75 122 59
75 123 66
75 124 32
75 150 44
75 151 44
75 152 44
75 153 44
75 154 45
75 155 45
75 156 46
75 157 46
75 158 50
75 159 59
75 160 59
75 161 60
75 162 59
75 163 59
75 164 59
75 165 60
75 166 79
75 167 63
75 168 59
75 169 59
75 170 62
75 171 63
75 172 64
75 173 64
75 174 75
75 175 75
75 176 75
75 177 75
75 178 55
75 179 64
75 180 58
75 181 58
75 182 46
75 183 46
75 184 46
75 185 46
75 186 46
75 187 46
75 188 46
75 189 46
75 190 46
75 191 46
75 192 46
75 193 46
75 194 46
75 195 63
75 196 63
75 197 63
75 198 58
75 199 57
75 200 73
75 201 44
75 202 44
75 203 44
75 204 44
75 205 44
75 206 44
75 207 44
75 208 49
75 209 49
75 210 49
75 211 49
75 212 49
75 213 49
75 214 49
75 215 62
75 216 62
75 217 62
75 218 62
75 219 59
75 220 59
75 221 59
75 222 59
75 223 59
75 224 59
76 112 57
76 113 41
76 114 42
76 115 41
76 116 41
76 117 42
76 118 67
76 119 58
76 120 66
76 121 59
76 122 59
76 123 32
76 124 15
76 150 44
76 151 44
76 152 44
76 153 44
76 154 45
76 155 45
76 156 45
76 157 45
76 158 46
76 159 50
76 160 60
76 161 60
76 162 60
76 163 59
76 164 59
76 165 59
76 166 59
76 167 59
76 168 63
76 169 59
76 170 71
76 171 82
76 172 64
76 173 64
76 174 64
76 175 64
76 176 64
76 177 46
76 178 46
76 179 46
76 180 46
76 181 46
76 182 46
76 183 46
76 184 46
76 185 46
76 186 46
76 187 46
76 188 46
76 189 46
76 190 46
76 191 46
76 192 46
76 193 63
76 194 63
76 195 63
76 196 63
76 197 57
76 198 73
76 199 44
76 200 44
76 201 44
76 202 44
76 203 44
76 204 44
76 205 44
76 206 49
76 207 49
76 208 49
76 209 49
76 210 49
76 211 49
76 212 61
76 213 61
76 214 62
76 215 62
76 216 60
76 217 60
76 218 60
76 219 59
76 220 59
76 221 59
76 222 59
76 223 59
77 112 41
77 113 42
77 114 42
77 115 42
77 116 42
77 117 43
77 118 58
77 119 58
77 120 59
77 121 59
77 122 43
77 123 15
77 150 44
77 151 44
77 152 45
77 153 45
77 154 45
77 155 45
77 156 45
77 157 46
77 158 46
77 159 50
77 160 60
77 161 60
77 162 60
77 163 60
77 164 60
77 165 60
77 166 59
77 167 59
77 168 63
77 169 73
77 170 71
77 171 71
77 172 64
77 173 64
77 174 64
77 175 64
77 176 46
77 177 46
77 178 46
77 179 46
77 180 46
77 181 46
77 182 46
77 183 47
77 184 47
77 185 46
77 186 46
77 187 46
77 188 46
77 189 46
77 190 46
77 191 46
77 192 63
77 193 63
77 194 63
77 195 63
77 196 57
77 197 73
77 198 44
77 199 44
77 200 44
77 201 44
77 202 44
77 203 44
77 204 44
77 205 49
77 206 49
77 207 49
77 208 49
77 209 49
77 210 61
77 211 61
77 212 61
77 213 60
77 214 60
77 215 60
77 216 60
77 217 60
77 218 60
77 219 60
77 220 59
77 221 59
77 222 58
78 111 46
78 112 42
78 113 42
78 114 42
78 115 42
78 116 43
78 117 68
78 118 59
78 119 63
78 120 59
78 121 74
78 122 32
78 123 15
78 150 44
78 151 45
78 152 45
78 153 46
78 154 46
78 155 46
78 156 45
78 157 46
78 158 46
78 159 46
78 160 50
78 161 60
78 162 60
78 163 60
78 164 60
78 165 60
78 166 60
78 167 60
78 168 87
78 169 73
78 170 71
78 171 71
78 172 74
78 173 64
78 174 64
78 175 45
78 176 45
78 177 58
78 178 47
78 179 47
78 180 47
78 181 46
78 182 46
78 183 47
78 184 47
78 185 47
78 186 47
78 187 46
78 188 46
78 189 46
78 190 46
78 191 63
78 192 63
78 193 63
78 194 63
78 195 74
78 196 44
78 197 44
78 198 44
78 199 44
78 200 44
78 201 44
78 202 44
78 203 44
78 204 44
78 205 44
78 206 49
78 207 61
78 208 61
78 209 61
78 210 61
78 211 59
78 212 60
78 213 60
78 214 60
78 215 60
78 216 60
78 217 60
78 218 60
78 219 59
78 220 59
78 221 58
78 226 59
78 227 59
79 110 55
79 111 41
79 112 42
79 113 42
79 114 42
79 115 43
79 116 67
79 117 59
79 118 76
79 119 60
79 120 60
79 121 40
79 122 14
79 123 15
79 151 45
79 152 45
79 153 46
79 154 46
79 155 46
79 156 46
79 157 45
79 158 46
79 159 46
79 160 50
79 161 50
79 162 60
79 163 60
79 164 60
79 165 60
79 166 60
79 167 68
79 168 59
79 169 63
79 170 63
79 171 71
79 172 71
79 173 55
79 174 46
79 175 46
79 176 46
79 177 58
79 178 75
79 179 75
79 180 46
79 181 46
79 182 46
79 183 46
79 184 46
79 185 46
79 186 47
79 187 46
79 188 46
79 189 46
79 190 63
79 191 63
79 192 63
79 193 63
79 194 74
79 195 45
79 196 44
79 197 45
79 198 45
79 199 44
79 200 44
79 201 45
79 202 45
79 203 44
79 204 44
79 205 44
79 206 49
79 207 49
79 208 49
79 209 49
79 210 62
79 211 62
79 212 62
79 213 62
79 214 62
79 215 62
79 216 62
79 217 62
79 218 62
79 219 60
79 220 60
79 221 60
79 222 60
79 223 59
79 224 59
79 225 60
79 226 60
79 227 60
79 228 60
79 229 60
79 230 59
79 231 59
79 232 59
79 233 59
80 109 55
80 110 46
80 111 42
80 112 42
80 113 42
80 114 43
80 115 66
80 116 67
80 117 55
80 118 56
80 119 60
80 120 59
80 121 32
80 122 14
80 123 15
80 151 45
80 152 45
80 153 46
80 154 46
80 155 47
80 156 47
80 157 45
80 158 46
80 159 46
80 160 46
80 161 50
80 162 60
80 163 60
80 164 60
80 165 60
80 166 68
80 167 59
80 168 60
80 169 60
80 170 63
80 171 63
80 172 59
80 173 73
80 174 46
80 175 46
80 176 58
80 177 58
80 178 75
80 179 75
80 180 46
80 181 46
80 182 46
80 183 46
80 184 46
80 185 47
80 186 47
80 187 47
80 188 47
80 189 64
80 190 63
80 191 63
80 192 63
80 193 74
80 194 74
80 195 45
80 196 45
80 197 44
80 198 45
80 199 44
80 200 45
80 201 45
80 202 45
80 203 44
80 204 49
80 205 49
80 206 49
80 207 49
80 208 62
80 209 62
80 210 62
80 211 62
80 212 62
80 213 62
80 214 60
80 215 60
80 216 60
80 217 60
80 218 60
80 219 60
80 220 60
80 221 60
80 222 60
80 223 60
80 224 60
80 225 60
80 226 60
80 227 60
80 228 60
80 229 60
80 230 60
80 231 59
80 232 59
80 233 59
80 234 59
81 109 55
81 110 46
81 111 42
81 112 42
81 113 66
81 114 43
81 115 67
81 116 59
81 117 55
81 118 56
81 119 60
81 120 40
81 121 14
81 122 14
81 152 45
81 153 45
81 154 46
81 155 47
81 156 47
81 157 46
81 158 46
81 159 46
81 160 46
81 161 50
81 162 60
81 163 60
81 164 60
81 165 60
81 166 59
81 167 59
81 168 60
81 169 60
81 170 63
81 171 63
81 172 59
81 173 63
81 174 46
81 175 46
81 176 58
81 177 58
81 178 75
81 179 75
81 180 46
81 181 46
81 182 46
81 183 46
81 184 47
81 185 47
81 186 46
81 187 47
81 188 64
81 189 64
81 190 63
81 191 74
81 192 74
81 193 74
81 194 45
81 195 45
81 196 45
81 197 44
81 198 45
81 199 45
81 200 45
81 201 45
81 202 44
81 203 49
81 204 49
81 205 49
81 206 62
81 207 62
81 208 62
81 209 62
81 210 62
81 211 62
81 212 60
81 213 60
81 214 60
81 215 60
81 216 60
81 217 60
81 218 60
81 219 60
81 220 60
81 221 60
81 222 60
81 223 60
81 224 60
81 225 60
81 226 60
81 227 60
81 228 60
81 229 60
81 230 60
81 231 60
81 232 59
81 233 59
81 234 59
82 109 46
82 110 42
82 111 42
82 112 42
82 113 43
82 114 43
82 115 67
82 116 55
82 117 56
82 118 60
82 119 60
82 120 40
82 121 14
82 122 14
82 152 28
82 153 45
82 154 46
82 155 47
82 156 47
82 157 47
82 158 46
82 159 46
82 160 46
82 161 50
82 162 51
82 163 60
82 164 60
82 165 60
82 166 60
82 167 59
82 168 59
82 169 60
82 170 59
82 171 63
82 172 59
82 173 59
82 174 72
82 175 58
82 176 58
82 177 75
82 178 75
82 179 75
82 180 46
82 181 46
82 182 47
82 183 47
82 184 46
82 185 47
82 186 46
82 187 64
82 188 64
82 189 64
82 190 75
82 191 74
82 192 74
82 193 45
82 194 45
82 195 45
82 196 44
82 197 45
82 198 45
82 199 45
82 200 45
82 201 44
82 202 44
82 203 44
82 204 49
82 205 49
82 206 49
82 207 49
82 208 49
82 209 62
82 210 60
82 211 60
82 212 60
82 213 60
82 214 60
82 215 60
82 216 60
82 217 60
82 218 60
82 219 60
82 220 60
82 221 60
82 222 60
82 223 60
82 224 60
82 225 60
82 226 60
82 227 60
82 228 60
82 229 60
82 230 60
82 231 60
82 232 59
82 233 59
83 108 55
83 109 46
83 110 42
83 111 42
83 112 42
83 113 43
83 114 67
83 115 59
83 116 55
83 117 56
83 118 60
83 119 67
83 120 40
83 121 14
83 153 28
83 154 46
83 155 46
83 156 47
83 157 47
83 158 46
83 159 47
83 160 47
83 161 46
83 162 50
83 163 68
83 164 60
83 165 60
83 166 60
83 167 59
83 168 59
83 169 60
83 170 60
83 171 63
83 172 63
83 173 59
83 174 73
83 175 58
83 176 58
83 177 75
83 178 75
83 179 47
83 180 47
83 181 47
83 182 46
83 183 46
83 184 47
83 185 55
83 186 55
83 187 64
83 188 64
83 189 75
83 190 74
83 191 74
83 192 45
83 193 45
83 194 45
83 195 45
83 196 45
83 197 45
83 198 45
83 199 45
83 200 45
83 201 45
83 202 49
83 203 49
83 204 49
83 205 49
83 206 62
83 207 62
83 208 62
83 209 62
83 210 62
83 211 62
83 212 62
83 213 62
83 214 60
83 215 60
83 216 60
83 217 61
83 218 61
83 219 61
83 220 60
83 221 60
83 222 60
83 223 60
83 224 60
83 225 61
83 226 61
83 227 61
83 228 61
83 229 60
83 230 60
83 231 60
83 232 59
84 108 58
84 109 42
84 110 42
84 111 42
84 112 42
84 113 43
84 114 67
84 115 59
84 116 56
84 117 56
84 118 60
84 119 61
84 120 15
84 153 28
84 154 45
84 155 46
84 156 47
84 157 47
84 158 47
84 159 47
84 160 47
84 161 48
84 162 50
84 163 60
84 164 60
84 165 60
84 166 59
84 167 59
84 168 59
84 169 60
84 170 60
84 171 63
84 172 63
84 173 59
84 174 71
84 175 58
84 176 75
84 177 75
84 178 47
84 179 47
84 180 47
84 181 46
84 182 46
84 183 55
84 184 55
84 185 55
84 186 55
84 187 64
84 188 75
84 189 74
84 190 74
84 191 74
84 192 45
84 193 45
84 194 45
84 195 45
84 196 45
84 197 45
84 198 45
84 199 45
84 200 50
84 201 49
84 202 49
84 203 49
84 204 49
84 205 62
84 206 62
84 207 62
84 208 62
84 209 62
84 210 62
84 211 62
84 212 62
84 213 62
84 214 62
84 215 62
84 216 62
84 217 62
84 218 62
84 219 62
84 220 62
84 221 62
84 222 62
84 223 62
84 224 61
84 225 61
84 226 61
84 227 62
84 228 62
84 229 61
84 230 60
84 231 60
84 232 59
85 108 58
85 109 42
85 110 42
85 111 42
85 112 42
85 113 57
85 114 68
85 115 59
85 116 56
85 117 60
85 118 61
85 119 41
85 154 29
85 155 46
85 156 47
85 157 48
85 158 48
85 159 47
85 160 48
85 161 47
85 162 51
85 163 60
85 164 60
85 165 60
85 166 60
85 167 60
85 168 59
85 169 59
85 170 60
85 171 63
85 172 63
85 173 59
85 174 68
85 175 80
85 176 75
85 177 47
85 178 47
85 179 46
85 180 46
85 181 55
85 182 55
85 183 55
85 184 55
85 185 55
85 186 64
85 187 75
85 188 74
85 189 74
85 190 74
85 191 45
85 192 45
85 193 45
85 194 45
85 195 45
85 196 45
85 197 45
85 198 50
85 199 50
85 200 49
85 201 49
85 202 49
85 203 62
85 204 62
85 205 62
85 206 62
85 207 62
85 208 62
85 209 62
85 210 62
85 211 62
85 212 62
85 213 62
85 214 62
85 215 62
85 216 62
85 217 62
85 218 62
85 219 62
85 220 62
85 221 62
85 222 62
85 223 59
85 224 59
85 225 59
85 226 59
85 227 61
85 228 61
85 229 61
85 230 61
85 231 59
86 108 46
86 109 42
86 110 42
86 111 42
86 112 42
86 113 57
86 114 68
86 115 59
86 116 56
86 117 60
86 118 60
86 119 33
86 154 28
86 155 29
86 156 47
86 157 48
86 158 48
86 159 47
86 160 47
86 161 47
86 162 51
86 163 60
86 164 59
86 165 59
86 166 60
86 167 60
86 168 59
86 169 59
86 170 60
86 171 63
86 172 63
86 173 71
86 174 68
86 175 71
86 176 47
86 177 47
86 178 46
86 179 46
86 180 55
86 181 55
86 182 55
86 183 64
86 184 64
86 185 75
86 186 74
86 187 74
86 188 74
86 189 74
86 190 45
86 191 45
86 192 45
86 193 45
86 194 45
86 195 45
86 196 50
86 197 50
86 198 50
86 199 50
86 200 50
86 201 49
86 202 62
86 203 62
86 204 62
86 205 62
86 206 62
86 207 62
86 208 62
86 209 62
86 210 62
86 211 62
86 212 62
86 213 62
86 214 62
86 215 62
86 216 62
86 217 62
86 218 62
86 219 62
86 220 62
86 221 62
86 222 60
86 223 60
86 224 59
86 225 59
86 226 59
86 227 59
86 228 59
86 229 59
86 230 59
87 108 46
87 109 42
87 110 42
87 111 42
87 112 42
87 113 42
87 114 68
87 115 56
87 116 56
87 117 60
87 118 60
87 119 15
87 155 29
87 156 47
87 157 48
87 158 48
87 159 48
87 160 48
87 161 48
87 162 60
87 163 60
87 164 60
87 165 59
87 166 60
87 167 60
87 168 59
87 169 59
87 170 60
87 171 63
87 172 63
87 173 71
87 174 68
87 175 64
87 176 47
87 177 55
87 178 55
87 179 55
87 180 55
87 181 55
87 182 64
87 183 75
87 184 75
87 185 75
87 186 74
87 187 75
87 188 74
87 189 74
87 190 45
87 191 45
87 192 45
87 193 45
87 194 50
87 195 50
87 196 50
87 197 50
87 198 50
87 199 50
87 200 62
87 201 62
87 202 62
87 203 62
87 204 62
87 205 62
87 206 62
87 207 62
87 208 62
87 209 62
87 210 62
87 211 62
87 212 62
87 213 62
87 214 62
87 215 62
87 216 62
87 217 62
87 218 62
87 219 62
87 220 60
87 221 60
87 222 60
87 223 60
87 224 59
87 225 59
87 226 59
87 227 59
87 228 59
87 229 59
88 108 46
88 109 42
88 110 42
88 111 42
88 112 42
88 113 42
88 114 68
88 115 55
88 116 56
88 117 60
88 118 60
88 119 45
88 156 30
88 157 48
88 158 48
88 159 48
88 160 48
88 161 47
88 162 59
88 163 60
88 164 60
88 165 60
88 166 60
88 167 60
88 168 60
88 169 60
88 170 60
88 171 60
88 172 71
88 173 71
88 174 60
88 175 60
88 176 55
88 177 55
88 178 55
88 179 55
88 180 64
88 181 75
88 182 75
88 183 75
88 184 76
88 185 75
88 186 75
88 187 75
88 188 74
88 189 45
88 190 45
88 191 45
88 192 45
88 193 50
88 194 50
88 195 50
88 196 50
88 197 62
88 198 62
88 199 62
88 200 62
88 201 62
88 202 62
88 203 62
88 204 62
88 205 62
88 206 62
88 207 62
88 208 62
88 209 62
88 210 62
88 211 62
88 212 62
88 213 62
88 214 62
88 215 62
88 216 62
88 217 60
88 218 60
88 219 60
88 220 60
88 221 60
88 222 60
88 223 59
88 224 59
88 225 59
88 226 59
88 227 59
88 228 59
89 108 46
89 109 42
89 110 42
89 111 42
89 112 42
89 113 42
89 114 68
89 115 56
89 116 56
89 117 60
89 118 61
89 119 44
89 156 30
89 157 30
89 158 47
89 159 47
89 160 47
89 161 47
89 162 60
89 163 60
89 164 60
89 165 60
89 166 60
89 167 60
89 168 60
89 169 60
89 170 60
89 171 60
89 172 71
89 173 64
89 174 60
89 175 60
89 176 77
89 177 55
89 178 75
89 179 75
89 180 75
89 181 75
89 182 75
89 183 75
89 184 75
89 185 75
89 186 75
89 187 75
89 188 45
89 189 45
89 190 50
89 191 50
89 192 50
89 193 50
89 194 50
89 195 62
89 196 62
89 197 62
89 198 62
89 199 62
89 200 62
89 201 62
89 202 62
89 203 62
89 204 62
89 205 62
89 206 62
89 207 62
89 208 62
89 209 62
89 210 62
89 211 60
89 212 60
89 213 60
89 214 60
89 215 60
89 216 60
89 217 60
89 218 60
89 219 60
89 220 60
89 221 60
89 222 59
90 108 46
90 109 42
90 110 42
90 111 42
90 112 42
90 113 42
90 114 76
90 115 55
90 116 59
90 117 60
90 118 60
90 119 45
90 156 30
90 157 30
90 158 48
90 159 48
90 160 47
90 161 47
90 162 51
90 163 60
90 164 60
90 165 60
90 166 60
90 167 60
90 168 60
90 169 60
90 170 60
90 171 60
90 172 71
90 173 63
90 174 71
90 175 71
90 176 83
90 177 75
90 178 75
90 179 75
90 180 75
90 181 75
90 182 75
90 183 75
90 184 75
90 185 78
90 186 78
90 187 50
90 188 50
90 189 50
90 190 50
90 191 50
90 192 62
90 193 62
90 194 62
90 195 62
90 196 62
90 197 62
90 198 62
90 199 62
90 200 62
90 201 62
90 202 62
90 203 62
90 204 62
90 205 62
90 206 62
90 207 62
90 208 60
90 209 60
90 210 60
90 211 60
90 212 60
90 213 60
90 214 60
90 215 60
90 216 60
90 217 60
90 218 60
91 108 46
91 109 42
91 110 42
91 111 42
91 112 42
91 113 42
91 114 76
91 115 78
91 116 59
91 117 60
91 118 60
91 119 44
91 156 31
91 157 31
91 158 48
91 159 48
91 160 47
91 161 47
91 162 51
91 163 60
91 164 60
91 165 60
91 166 60
91 167 60
91 168 60
91 169 60
91 170 60
91 171 60
91 172 70
91 173 72
91 174 71
91 175 70
91 176 83
91 177 75
91 178 75
91 179 75
91 180 75
91 181 75
91 182 75
91 183 77
91 184 77
91 185 77
91 186 50
91 187 50
91 188 63
91 189 63
91 190 63
91 191 63
91 192 62
91 193 62
91 194 62
91 195 62
91 196 62
91 197 62
91 198 62
91 199 62
91 200 62
91 201 62
91 202 62
91 203 62
91 204 60
91 205 60
91 206 60
91 207 60
91 208 60
91 209 60
91 210 60
91 211 60
91 212 60
91 213 60
91 214 60
91 215 60
91 216 60
91 217 59
92 108 57
92 109 42
92 110 42
92 111 42
92 112 42
92 113 42
92 114 66
92 115 78
92 116 59
92 117 60
92 118 60
92 119 44
92 156 31
92 157 31
92 158 48
92 159 48
92 160 48
92 161 48
92 162 47
92 163 60
92 164 60
92 165 61
92 166 60
92 167 60
92 168 60
92 169 60
92 170 60
92 171 61
92 172 70
92 173 72
92 174 72
92 175 80
92 176 83
92 177 75
92 178 75
92 179 75
92 180 75
92 181 75
92 182 74
92 183 45
92 184 50
92 185 63
92 186 63
92 187 63
92 188 63
92 189 63
92 190 63
92 191 63
92 192 63
92 193 62
92 194 62
92 195 62
92 196 62
92 197 62
92 198 62
92 199 62
92 200 62
92 201 60
92 202 60
92 203 60
92 204 60
92 205 60
92 206 60
92 207 60
92 208 60
92 209 60
92 210 60
92 211 60
92 212 60
92 213 60
92 214 60
92 215 59
93 108 56
93 109 42
93 110 42
93 111 42
93 112 42
93 113 42
93 114 42
93 115 69
93 116 59
93 117 60
93 118 60
93 119 42
93 157 31
93 158 48
93 159 48
93 160 48
93 161 47
93 162 47
93 163 60
93 164 60
93 165 61
93 166 61
93 167 61
93 168 61
93 169 61
93 170 60
93 171 67
93 172 70
93 173 72
93 174 73
93 175 80
93 176 97
93 177 93
93 178 75
93 179 76
93 180 75
93 181 78
93 182 50
93 183 50
93 184 50
93 185 50
93 186 63
93 187 63
93 188 63
93 189 63
93 190 63
93 191 63
93 192 63
93 193 62
93 194 62
93 195 62
93 196 62
93 197 60
93 198 60
93 199 60
93 200 60
93 201 60
93 202 60
93 203 60
93 204 60
93 205 60
93 206 60
93 207 60
93 208 60
93 209 60
93 210 60
94 108 56
94 109 42
94 110 42
94 111 42
94 112 42
94 113 42
94 114 42
94 115 62
94 116 62
94 117 59
94 118 52
94 119 42
94 158 31
94 159 48
94 160 48
94 161 47
94 162 47
94 163 51
94 164 61
94 165 61
94 166 61
94 167 60
94 168 60
94 169 60
94 170 68
94 171 87
94 172 87
94 173 87
94 174 96
94 175 98
94 176 99
94 177 96
94 178 96
94 179 79
94 180 79
94 181 78
94 182 50
94 183 50
94 184 50
94 185 50
94 186 50
94 187 50
94 188 50
94 189 63
94 190 63
94 191 63
94 192 63
94 193 63
94 194 62
94 195 60
94 196 60
94 197 60
94 198 60
94 199 60
94 200 60
94 201 60
94 202 60
94 203 60
94 204 60
94 205 60
95 108 56
95 109 42
95 110 42
95 111 42
95 112 42
95 113 42
95 114 42
95 115 70
95 116 62
95 117 59
95 118 52
95 119 52
95 120 26
95 159 30
95 160 48
95 161 47
95 162 47
95 163 50
95 164 60
95 165 60
95 166 60
95 167 60
95 168 60
95 169 68
95 170 68
95 171 96
95 172 96
95 173 97
95 174 100
95 175 99
95 176 99
95 177 108
95 178 96
95 179 96
95 180 79
95 181 50
95 182 50
95 183 50
95 184 50
95 185 50
95 186 50
95 187 50
95 188 50
95 189 50
95 190 50
95 191 63
95 192 60
95 193 60
95 194 60
95 195 60
95 196 60
95 197 60
95 198 60
95 201 60
95 202 60
96 108 56
96 109 42
96 110 42
96 111 42
96 112 42
96 113 42
96 114 42
96 115 70
96 116 62
96 117 59
96 118 43
96 119 52
96 120 39
96 159 30
96 160 47
96 161 47
96 162 46
96 163 51
96 164 60
96 165 60
96 166 60
96 167 60
96 168 77
96 169 77
96 170 97
96 171 96
96 172 96
96 173 108
96 174 107
96 175 106
96 176 106
96 177 109
96 178 104
96 179 103
96 180 63
96 181 63
96 182 50
96 183 50
96 184 50
96 185 50
96 186 50
96 187 50
96 188 50
96 189 63
96 190 63
96 191 63
96 192 63
96 193 63
96 194 60
96 195 60
97 108 56
97 109 42
97 110 42
97 111 42
97 112 42
97 113 42
97 114 41
97 115 70
97 116 69
97 117 59
97 118 43
97 119 66
97 120 42
97 159 30
97 160 47
97 161 47
97 162 50
97 163 51
97 164 51
97 165 61
97 166 61
97 167 61
97 168 77
97 169 77
97 170 97
97 171 97
97 172 96
97 173 99
97 174 107
97 175 107
97 176 106
97 177 106
97 178 86
97 179 86
97 180 63
97 181 63
97 182 63
97 183 63
97 184 63
97 185 63
97 186 63
97 187 63
97 188 63
97 189 63
97 190 63
97 191 63
97 192 63
97 193 60
97 194 60
97 195 60
97 196 60
97 197 60
97 198 60
97 199 60
97 200 60
98 108 56
98 109 42
98 110 42
98 111 42
98 112 42
98 113 42
98 114 41
98 115 70
98 116 62
98 117 52
98 118 42
98 119 41
98 120 41
98 160 47
98 161 47
98 162 50
98 163 50
98 164 53
98 165 67
98 166 68
98 167 84
98 168 84
98 169 98
98 170 98
98 171 98
98 172 103
98 173 92
98 174 94
98 175 95
98 176 92
98 177 92
98 178 102
98 179 86
98 180 63
98 181 63
98 182 63
98 183 63
98 184 63
98 185 63
98 186 63
98 187 63
98 188 63
98 189 63
98 190 60
98 191 60
98 192 60
98 193 60
98 194 60
98 195 60
98 196 60
98 197 60
98 198 60
98 199 60
98 200 60
98 201 60
98 202 60
99 108 55
99 109 42
99 110 42
99 111 42
99 112 42
99 113 42
99 114 41
99 115 87
99 116 62
99 117 49
99 118 42
99 119 40
99 120 41
99 160 47
99 161 47
99 162 50
99 163 52
99 164 61
99 165 68
99 166 84
99 167 84
99 168 98
99 169 98
99 170 98
99 171 95
99 172 103
99 173 92
99 174 94
99 175 95
99 176 92
99 177 92
99 178 101
99 179 61
99 180 61
99 181 61
99 182 61
99 183 60
99 184 60
99 185 60
99 186 60
99 187 60
99 188 60
99 189 60
99 190 60
99 191 60
99 192 60
99 193 60
99 194 60
99 195 60
99 196 60
99 197 60
99 198 60
99 199 60
99 200 60
99 201 60
99 202 60
99 203 60
99 204 60
99 205 60
99 206 60
100 108 55
100 109 41
100 110 42
100 111 42
100 112 42
100 113 41
100 114 48
100 115 87
100 116 62
100 117 49
100 118 41
100 119 40
100 120 41
100 160 47
100 161 47
100 162 52
100 163 53
100 164 61
100 165 68
100 166 84
100 167 98
100 168 98
100 169 98
100 170 89
100 171 95
100 172 104
100 173 92
100 174 94
100 175 94
100 176 92
100 177 92
100 178 85
100 179 84
100 180 61
100 181 61
100 182 60
100 183 60
100 184 60
100 185 60
100 186 60
100 187 60
100 188 60
100 189 60
100 190 60
100 191 60
100 192 60
100 193 60
100 194 60
100 195 60
100 196 60
100 197 60
100 198 60
100 199 60
100 200 60
100 201 60
100 202 60
100 203 60
100 204 60
100 205 60
100 206 60
100 207 60
100 208 59
100 209 59
101 108 55
101 109 41
101 110 41
101 111 42
101 112 42
101 113 41
101 114 49
101 115 50
101 116 71
101 117 49
101 118 41
101 119 39
101 120 48
101 160 29
101 161 29
101 162 41
101 163 41
101 164 61
101 165 86
101 166 97
101 167 96
101 168 98
101 169 82
101 170 89
101 171 95
101 172 104
101 173 93
101 174 94
101 175 94
101 176 73
101 177 73
101 178 85
101 179 84
101 180 61
101 181 60
101 182 60
101 183 60
101 184 60
101 185 60
101 186 60
101 187 60
101 188 60
101 189 60
101 190 60
101 191 60
101 192 60
101 193 60
101 194 60
101 195 60
101 196 60
101 197 60
101 198 60
101 199 60
101 200 60
101 201 60
101 202 60
101 203 60
101 204 60
101 205 60
101 206 60
101 207 60
101 208 60
101 209 59
101 210 59
101 211 59
102 108 57
102 109 41
102 110 41
102 111 41
102 112 41
102 113 48
102 114 49
102 115 50
102 116 71
102 117 49
102 118 41
102 119 39
102 120 65
102 161 29
102 162 41
102 163 41
102 164 81
102 165 97
102 166 96
102 167 81
102 168 81
102 169 81
102 170 87
102 171 93
102 172 104
102 173 93
102 174 75
102 175 77
102 176 73
102 177 73
102 178 76
102 179 85
102 180 61
102 181 60
102 182 60
102 183 60
102 184 60
102 185 60
102 186 60
102 187 60
102 188 60
102 189 60
102 190 60
102 191 60
102 192 60
102 193 60
102 194 60
102 195 60
102 196 60
102 197 60
102 198 60
102 199 60
102 200 60
102 201 60
102 202 60
102 203 60
102 204 60
102 205 60
102 206 60
102 207 60
102 208 60
102 209 60
102 210 59
102 211 59
102 212 59
102 213 59
103 108 57
103 109 41
103 110 41
103 111 41
103 112 41
103 113 49
103 114 49
103 115 50
103 116 71
103 117 49
103 118 40
103 119 39
103 120 65
103 161 38
103 162 52
103 163 65
103 164 65
103 165 81
103 166 81
103 167 81
103 168 81
103 169 81
103 170 94
103 171 94
103 172 104
103 173 92
103 174 75
103 175 78
103 176 73
103 177 73
103 178 76
103 179 85
103 180 60
103 181 60
103 182 60
103 183 60
103 184 60
103 185 60
103 186 60
103 187 60
103 188 60
103 189 60
103 190 60
103 191 60
103 192 60
103 193 60
103 194 60
103 195 60
103 196 60
103 197 60
103 198 60
103 199 60
103 200 60
103 201 60
103 202 60
103 203 60
103 204 60
103 205 60
103 206 60
103 207 60
103 208 60
103 209 60
103 210 59
103 211 59
103 212 59
103 213 59
103 214 59
104 108 57
104 109 41
104 110 41
104 111 41
104 112 41
104 113 73
104 114 50
104 115 50
104 116 84
104 117 50
104 118 40
104 119 40
104 120 39
104 160 29
104 161 30
104 162 65
104 163 65
104 164 65
104 165 76
104 166 81
104 167 81
104 168 81
104 169 81
104 170 96
104 171 96
104 172 105
104 173 92
104 174 92
104 175 93
104 176 92
104 177 91
104 178 91
104 179 101
104 180 84
104 181 60
104 182 60
104 183 60
104 184 60
104 185 60
104 186 60
104 187 60
104 188 60
104 189 60
104 190 60
104 191 60
104 192 60
104 193 60
104 194 60
104 195 60
104 196 60
104 197 60
104 198 60
104 199 60
104 200 60
104 201 60
104 202 60
104 203 60
104 204 60
104 205 60
104 206 60
104 207 60
104 208 60
104 209 60
104 210 59
104 211 59
104 212 59
104 213 59
104 214 59
104 215 59
105 108 57
105 109 41
105 110 41
105 111 41
105 112 41
105 113 73
105 114 50
105 115 50
105 116 70
105 117 49
105 118 40
105 119 40
105 120 40
105 121 39
105 157 30
105 158 30
105 159 47
105 160 46
105 161 46
105 162 50
105 163 51
105 164 66
105 165 76
105 166 81
105 167 81
105 168 81
105 169 87
105 170 96
105 171 96
105 172 106
105 173 93
105 174 92
105 175 92
105 176 92
105 177 91
105 178 91
105 179 101
105 180 100
105 181 60
105 182 60
105 183 60
105 184 60
105 185 60
105 186 60
105 187 60
105 188 60
105 189 60
105 190 60
105 191 60
105 192 60
105 193 60
105 194 60
105 195 60
105 196 60
105 197 60
105 198 60
105 199 60
105 200 60
105 201 60
105 202 60
105 203 60
105 204 60
105 205 60
105 206 60
105 207 60
105 208 60
105 209 60
105 210 60
105 211 59
105 212 59
105 213 59
105 214 59
105 215 59
106 108 57
106 109 41
106 110 41
106 111 41
106 112 41
106 113 63
106 114 50
106 115 50
106 116 71
106 117 42
106 118 40
106 119 39
106 120 39
106 121 39
106 156 29
106 157 30
106 158 30
106 159 47
106 160 46
106 161 46
106 162 46
106 163 51
106 164 51
106 165 65
106 166 81
106 167 82
106 168 89
106 169 87
106 170 96
106 171 106
106 172 105
106 173 93
106 174 92
106 175 92
106 176 94
106 177 91
106 178 73
106 179 85
106 180 85
106 182 60
106 183 60
106 184 60
106 185 60
106 186 60
106 187 60
106 188 60
106 189 60
106 190 60
106 191 60
106 192 60
106 193 60
106 194 60
106 195 60
106 196 60
106 197 60
106 198 60
106 199 60
106 200 60
106 201 60
106 202 60
106 203 60
106 204 60
106 205 60
106 206 60
106 207 60
106 208 60
106 209 60
106 210 60
106 211 60
106 212 59
106 213 59
106 214 59
106 215 59
107 108 57
107 109 41
107 110 41
107 111 41
107 112 41
107 113 63
107 114 50
107 115 50
107 116 70
107 117 74
107 118 40
107 119 40
107 120 39
107 121 39
107 122 39
107 155 28
107 156 28
107 157 47
107 158 47
107 159 47
107 160 47
107 161 47
107 162 46
107 163 51
107 164 51
107 165 50
107 166 72
107 167 72
107 168 89
107 169 87
107 170 96
107 171 106
107 172 105
107 173 93
107 174 92
107 175 92
107 176 105
107 177 91
107 178 73
107 179 76
107 180 85
107 181 60
107 190 60
107 191 60
107 192 60
107 193 60
107 194 60
107 195 60
107 196 60
107 197 60
107 198 60
107 199 60
107 200 60
107 201 60
107 202 60
107 203 60
107 204 60
107 205 60
107 206 60
107 207 60
107 208 60
107 209 60
107 210 60
107 211 60
107 212 59
107 213 59
107 214 59
107 215 59
108 108 57
108 109 46
108 110 41
108 111 41
108 112 41
108 113 73
108 114 50
108 115 50
108 116 71
108 117 51
108 118 40
108 119 40
108 120 39
108 121 39
108 122 38
108 155 46
108 156 47
108 157 46
108 158 46
108 159 47
108 160 46
108 161 47
108 162 46
108 163 51
108 164 51
108 165 50
108 166 72
108 167 72
108 168 80
108 169 80
108 170 96
108 171 96
108 172 105
108 173 93
108 174 92
108 175 92
108 176 105
108 177 91
108 178 91
108 179 93
108 180 85
108 181 60
108 193 60
108 194 60
108 198 60
108 199 60
108 200 60
108 201 60
108 202 60
108 203 60
108 204 60
108 205 60
108 208 59
108 209 59
108 210 59
108 211 59
108 212 59
108 213 59
108 214 59
108 215 59
109 109 57
109 110 41
109 111 41
109 112 41
109 113 73
109 114 50
109 115 50
109 116 67
109 117 51
109 118 40
109 119 40
109 120 39
109 121 39
109 122 39
109 154 28
109 155 46
109 156 47
109 157 47
109 158 46
109 159 47
109 160 46
109 161 46
109 162 46
109 163 50
109 164 50
109 165 50
109 166 65
109 167 72
109 168 80
109 169 80
109 170 95
109 171 94
109 172 105
109 173 93
109 174 92
109 175 92
109 176 92
109 177 91
109 178 91
109 179 93
109 180 101
109 181 60
109 182 60
109 183 60
109 210 58
109 211 59
109 212 59
109 213 59
109 214 59
109 215 59
110 109 57
110 110 41
110 111 41
110 112 42
110 113 73
110 114 50
110 115 50
110 116 52
110 117 40
110 118 53
110 119 40
110 120 39
110 121 39
110 122 39
110 123 24
110 154 28
110 155 44
110 156 45
110 157 47
110 158 46
110 159 46
110 160 46
110 161 46
110 162 46
110 163 50
110 164 50
110 165 50
110 166 50
110 167 72
110 168 80
110 169 80
110 170 93
110 171 94
110 172 92
110 173 92
110 174 74
110 175 74
110 176 92
110 177 73
110 178 73
110 179 72
110 180 85
110 181 60
110 182 60
110 183 60
110 184 60
110 185 60
110 212 59
110 213 59
110 214 59
111 109 57
111 110 41
111 111 41
111 112 41
111 113 73
111 114 50
111 115 49
111 116 52
111 117 40
111 118 53
111 119 40
111 120 40
111 121 39
111 122 39
111 123 39
111 154 45
111 155 46
111 156 46
111 157 46
111 158 46
111 159 46
111 160 46
111 161 46
111 162 46
111 163 50
111 164 50
111 165 50
111 166 50
111 167 72
111 168 80
111 169 80
111 170 93
111 171 95
111 172 92
111 173 91
111 174 91
111 175 73
111 176 77
111 177 73
111 178 73
111 179 72
111 180 85
111 181 60
111 182 60
111 183 60
111 184 60
111 185 60
111 186 60
112 110 45
112 111 41
112 112 49
112 113 73
112 114 50
112 115 49
112 116 42
112 117 40
112 118 52
112 119 40
112 120 40
112 121 39
112 122 40
112 123 39
112 153 28
112 154 45
112 155 46
112 156 47
112 157 46
112 158 46
112 159 46
112 160 46
112 161 46
112 162 46
112 163 50
112 164 50
112 165 50
112 166 50
112 167 50
112 168 77
112 169 77
112 170 94
112 171 103
112 172 92
112 173 91
112 174 91
112 175 91
112 176 73
112 177 73
112 178 73
112 179 73
112 180 85
112 181 60
112 182 60
112 183 60
112 184 60
112 185 60
112 186 60
112 187 60
113 110 45
113 111 41
113 112 49
113 113 72
113 114 59
113 115 49
113 116 49
113 117 40
113 118 53
113 119 53
113 120 40
113 121 39
113 122 40
113 123 41
113 153 28
113 154 44
113 155 45
113 156 46
113 157 46
113 158 46
113 159 46
113 160 46
113 161 46
113 162 46
113 163 50
113 164 50
113 165 50
113 166 50
113 167 50
113 168 71
113 169 77
113 170 94
113 171 103
113 172 91
113 173 92
113 174 91
113 175 91
113 176 91
113 177 91
113 178 90
113 179 73
113 180 85
113 181 60
113 182 60
113 183 60
113 184 60
113 185 60
113 186 60
113 187 60
113 188 60
114 109 55
114 110 45
114 111 41
114 112 49
114 113 72
114 114 59
114 115 49
114 116 49
114 117 40
114 118 52
114 119 53
114 120 40
114 121 39
114 122 41
114 123 42
114 152 27
114 153 28
114 154 45
114 155 45
114 156 46
114 157 46
114 158 46
114 159 46
114 160 46
114 161 46
114 162 46
114 163 49
114 164 50
114 165 50
114 166 49
114 167 60
114 168 71
114 169 71
114 170 94
114 171 104
114 172 91
114 173 91
114 174 92
114 175 91
114 176 91
114 177 91
114 178 90
114 179 91
114 180 93
114 181 60
114 182 60
114 183 60
114 184 60
114 185 60
114 186 60
114 187 60
114 188 60
115 109 55
115 110 46
115 111 40
115 112 49
115 113 72
115 114 59
115 115 49
115 116 49
115 117 40
115 118 65
115 119 53
115 120 40
115 121 39
115 122 41
115 123 42
115 124 25
115 153 27
115 154 44
115 155 45
115 156 46
115 157 46
115 158 46
115 159 46
115 160 46
115 161 46
115 162 46
115 163 45
115 164 50
115 165 50
115 166 49
115 167 59
115 168 71
115 169 71
115 170 86
115 171 104
115 172 91
115 173 91
115 174 91
115 175 91
115 176 91
115 177 104
115 178 90
115 179 91
115 180 93
115 181 60
115 182 60
115 183 60
115 184 60
115 185 60
115 186 60
115 187 60
115 188 60
115 189 60
116 109 55
116 110 46
116 111 40
116 112 49
116 113 78
116 114 59
116 115 49
116 116 49
116 117 41
116 118 40
116 119 53
116 120 53
116 121 40
116 122 42
116 123 42
116 124 26
116 153 44
116 154 44
116 155 44
116 156 45
116 157 46
116 158 46
116 159 46
116 160 46
116 161 46
116 162 46
116 163 45
116 164 50
116 165 50
116 166 55
116 167 67
116 168 80
116 169 80
116 170 87
116 171 91
116 172 91
116 173 91
116 174 91
116 175 91
116 176 91
116 177 115
116 178 91
116 179 91
116 180 93
116 181 83
116 182 60
116 183 60
116 184 60
116 185 60
116 186 60
116 187 60
116 188 60
116 189 60
116 190 60
117 109 55
117 110 46
117 111 41
117 112 49
117 113 78
117 114 52
117 115 49
117 116 49
117 117 41
117 118 40
117 119 53
117 120 53
117 121 40
117 122 42
117 123 41
117 124 26
117 125 26
117 153 44
117 154 44
117 155 44
117 156 44
117 157 45
117 158 46
117 159 46
117 160 46
117 161 46
117 162 46
117 163 45
117 164 50
117 165 50
117 166 67
117 167 67
117 168 80
117 169 80
117 170 87
117 171 91
117 172 91
117 173 91
117 174 91
117 175 91
117 176 90
117 177 104
117 178 91
117 179 91
117 180 100
117 181 83
117 182 60
117 183 60
117 184 60
117 185 60
117 186 60
117 187 60
117 188 60
117 189 60
117 190 60
117 191 60
118 109 55
118 110 57
118 111 41
118 112 72
118 113 69
118 114 52
118 115 49
118 116 42
118 117 40
118 118 40
118 119 53
118 120 53
118 121 44
118 122 42
118 123 41
118 124 25
118 125 26
118 153 27
118 154 44
118 155 44
118 156 44
118 157 46
118 158 46
118 159 45
118 160 46
118 161 46
118 162 45
118 163 45
118 164 45
118 165 49
118 166 67
118 167 67
118 168 79
118 169 79
118 170 79
118 171 91
118 172 91
118 173 91
118 174 91
118 175 91
118 176 90
118 177 94
118 178 91
118 179 91
118 180 93
118 181 60
118 182 60
118 183 60
118 184 60
118 185 60
118 186 60
118 187 60
118 188 60
118 189 60
118 190 60
118 191 60
119 109 55
119 110 57
119 111 40
119 112 73
119 113 69
119 114 52
119 115 49
119 116 40
119 117 40
119 118 40
119 119 53
119 120 53
119 121 52
119 122 42
119 123 41
119 124 26
119 125 26
119 154 44
119 155 44
119 156 44
119 157 45
119 158 46
119 159 46
119 160 45
119 161 45
119 162 45
119 163 45
119 164 45
119 165 45
119 166 66
119 167 66
119 168 66
119 169 79
119 170 103
119 171 91
119 172 91
119 173 91
119 174 91
119 175 91
119 176 91
119 177 93
119 178 91
119 179 91
119 180 93
119 181 60
119 182 60
119 183 60
119 184 60
119 185 60
119 186 60
119 187 60
119 188 60
119 189 60
119 190 60
119 191 60
119 192 59
120 110 57
120 111 41
120 112 72
120 113 75
120 114 51
120 115 49
120 116 41
120 117 40
120 118 56
120 119 53
120 120 52
120 121 53
120 122 52
120 123 41
120 124 26
120 125 26
120 154 44
120 155 44
120 156 44
120 157 45
120 158 46
120 159 46
120 160 45
120 161 45
120 162 45
120 163 45
120 164 45
120 165 45
120 166 58
120 167 66
120 168 66
120 169 79
120 170 73
120 171 73
120 172 91
120 173 73
120 174 73
120 175 73
120 176 91
120 177 102
120 178 90
120 179 90
120 180 73
120 181 60
120 182 60
120 183 60
120 184 60
120 185 60
120 186 60
120 187 60
120 188 60
120 189 60
120 190 60
120 191 60
120 192 59
121 110 57
121 111 41
121 112 72
121 113 75
121 114 51
121 115 42
121 116 41
121 117 41
121 118 56
121 119 53
121 120 53
121 121 52
121 122 51
121 123 41
121 124 26
121 125 26
121 155 44
121 156 44
121 157 44
121 158 45
121 159 45
121 160 45
121 161 45
121 162 45
121 163 45
121 164 45
121 165 45
121 166 48
121 167 58
121 168 66
121 169 79
121 170 73
121 171 73
121 172 91
121 173 91
121 174 73
121 175 73
121 176 73
121 177 89
121 178 72
121 179 45
121 180 72
121 181 84
121 182 60
121 183 60
121 184 60
121 185 60
121 186 60
121 187 60
121 188 60
121 189 60
121 190 60
121 191 60
121 192 59
121 193 59
122 110 57
122 111 41
122 112 48
122 113 59
122 114 51
122 115 42
122 116 40
122 117 40
122 118 53
122 119 53
122 120 53
122 121 52
122 122 40
122 123 41
122 124 41
122 125 25
122 155 44
122 156 44
122 157 44
122 158 44
122 159 45
122 160 45
122 161 45
122 162 45
122 163 45
122 164 45
122 165 45
122 166 49
122 167 58
122 168 66
122 169 94
122 170 73
122 171 73
122 172 73
122 173 91
122 174 72
122 175 72
122 176 73
122 177 89
122 178 72
122 179 45
122 180 45
122 181 75
122 182 60
122 183 60
122 184 60
122 185 60
122 186 60
122 187 60
122 188 60
122 189 60
122 190 60
122 191 59
122 192 59
122 193 59
122 194 59
123 110 57
123 111 40
123 112 48
123 113 59
123 114 51
123 115 42
123 116 42
123 117 66
123 118 53
123 119 53
123 120 53
123 121 53
123 122 44
123 123 41
123 124 41
123 125 25
123 155 44
123 156 44
123 157 44
123 158 44
123 159 44
123 160 45
123 161 45
123 162 45
123 163 45
123 164 45
123 165 49
123 166 49
123 167 58
123 168 58
123 169 79
123 170 73
123 171 73
123 172 73
123 173 90
123 174 90
123 175 72
123 176 73
123 177 81
123 178 72
123 179 72
123 180 45
123 181 50
123 184 60
123 185 60
123 186 60
123 187 60
123 188 60
123 189 60
123 190 59
123 191 59
123 192 59
123 193 59
123 194 59
124 111 45
124 112 41
124 113 59
124 114 51
124 115 42
124 116 42
124 117 66
124 118 56
124 119 53
124 120 53
124 121 52
124 122 44
124 123 41
124 124 41
124 125 25
124 155 44
124 156 44
124 157 43
124 158 43
124 159 43
124 160 45
124 161 46
124 162 45
124 163 45
124 164 45
124 165 49
124 166 49
124 167 58
124 168 58
124 169 57
124 170 73
124 171 73
124 172 72
124 173 90
124 174 90
124 175 72
124 176 73
124 177 79
124 178 89
124 179 72
124 180 45
124 181 50
124 187 59
124 188 59
124 189 59
124 190 59
124 191 59
124 192 59
124 193 59
124 194 59
124 195 59
125 111 57
125 112 41
125 113 74
125 114 51
125 115 42
125 116 41
125 117 40
125 118 66
125 119 53
125 120 53
125 121 53
125 122 44
125 123 41
125 124 40
125 125 25
125 155 44
125 156 44
125 157 43
125 158 44
125 159 44
125 160 44
125 161 45
125 162 45
125 163 45
125 164 45
125 165 49
125 166 49
125 167 58
125 168 58
125 169 57
125 170 73
125 171 72
125 172 72
125 173 72
125 174 90
125 175 73
125 176 72
125 177 79
125 178 89
125 179 72
125 180 45
125 181 50
125 188 59
125 189 59
125 190 59
125 191 59
125 192 59
125 193 59
125 194 59
125 195 59
126 111 55
126 112 40
126 113 72
126 114 59
126 115 51
126 116 41
126 117 40
126 118 66
126 119 53
126 120 53
126 121 53
126 122 44
126 123 41
126 124 40
126 125 25
126 155 44
126 156 44
126 157 43
126 158 44
126 159 44
126 160 43
126 161 44
126 162 45
126 163 45
126 164 45
126 165 58
126 166 49
126 167 58
126 168 71
126 169 58
126 170 72
126 171 72
126 172 72
126 173 72
126 174 90
126 175 90
126 176 72
126 177 79
126 178 81
126 179 72
126 180 50
126 189 59
126 190 59
126 191 59
126 192 59
126 193 59
126 194 59
126 195 59
127 112 45
127 113 49
127 114 59
127 115 51
127 116 42
127 117 40
127 118 40
127 119 66
127 120 53
127 121 54
127 122 53
127 123 40
127 124 40
127 125 40
127 154 28
127 155 44
127 156 44
127 157 43
127 158 44
127 159 44
127 160 44
127 161 44
127 162 44
127 163 45
127 164 58
127 165 58
127 166 59
127 167 63
127 168 77
127 169 58
127 170 82
127 171 72
127 172 72
127 173 72
127 174 90
127 175 90
127 176 91
127 177 78
127 178 81
127 179 72
127 180 50
127 190 59
127 191 59
127 192 59
127 193 59
127 194 59
127 195 59
128 112 45
128 113 48
128 114 72
128 115 59
128 116 51
128 117 40
128 118 40
128 119 66
128 120 56
128 121 54
128 122 54
128 123 57
128 124 40
128 125 40
128 154 28
128 155 44
128 156 44
128 157 43
128 158 44
128 159 44
128 160 44
128 161 44
128 162 44
128 163 45
128 164 58
128 165 58
128 166 65
128 167 68
128 168 58
128 169 58
128 170 62
128 171 71
128 172 72
128 173 72
128 174 90
128 175 90
128 176 93
128 177 79
128 178 81
128 179 75
128 180 62
128 191 59
128 192 59
128 193 59
128 194 59
129 112 45
129 113 48
129 114 72
129 115 58
129 116 51
129 117 41
129 118 40
129 119 40
129 120 66
129 121 54
129 122 54
129 123 54
129 124 40
129 125 40
129 126 25
129 155 44
129 156 44
129 157 44
129 158 44
129 159 43
129 160 44
129 161 44
129 162 44
129 163 45
129 164 58
129 165 58
129 166 66
129 167 78
129 168 64
129 169 62
129 170 62
129 171 45
129 172 70
129 173 71
129 174 89
129 175 92
129 176 93
129 177 78
129 178 89
129 179 75
129 192 59
129 193 59
130 112 56
130 113 52
130 114 49
130 115 72
130 116 59
130 117 41
130 118 41
130 119 40
130 120 66
130 121 53
130 122 54
130 123 54
130 124 67
130 125 40
130 126 36
130 155 44
130 156 44
130 157 44
130 158 44
130 159 44
130 160 44
130 161 44
130 162 45
130 163 45
130 164 69
130 165 59
130 166 67
130 167 68
130 168 64
130 169 62
130 170 49
130 171 45
130 172 44
130 173 71
130 174 89
130 175 92
130 176 93
130 177 92
130 178 88
130 179 75
130 180 59
131 113 45
131 114 48
131 115 72
131 116 59
131 117 45
131 118 41
131 119 41
131 120 66
131 121 57
131 122 54
131 123 54
131 124 44
131 125 40
131 126 40
131 155 44
131 156 44
131 157 45
131 158 45
131 159 45
131 160 45
131 161 45
131 162 44
131 163 45
131 164 62
131 165 75
131 166 64
131 167 64
131 168 64
131 169 68
131 170 45
131 171 45
131 172 44
131 173 45
131 174 80
131 175 91
131 176 93
131 177 92
131 178 81
131 179 75
131 180 59
132 113 57
132 114 48
132 115 49
132 116 58
132 117 45
132 118 41
132 119 41
132 120 67
132 121 58
132 122 54
132 123 54
132 124 39
132 125 48
132 126 40
132 155 28
132 156 45
132 157 45
132 158 45
132 159 45
132 160 45
132 161 45
132 162 45
132 163 45
132 164 62
132 165 78
132 166 94
132 167 65
132 168 64
132 169 61
132 170 44
132 171 44
132 172 44
132 173 45
132 174 74
132 175 91
132 176 92
132 177 92
132 178 81
132 179 82
132 180 59
133 113 55
133 114 48
133 115 49
133 116 58
133 117 58
133 118 41
133 119 42
133 120 67
133 121 58
133 122 54
133 123 53
133 124 39
133 125 48
133 126 40
133 155 29
133 156 46
133 157 45
133 158 45
133 159 45
133 160 45
133 161 45
133 162 45
133 163 44
133 164 69
133 165 80
133 166 81
133 167 58
133 168 58
133 169 57
133 170 48
133 171 44
133 172 44
133 173 45
133 174 45
133 175 91
133 176 92
133 177 78
133 178 81
133 179 82
134 113 55
134 114 48
134 115 49
134 116 71
134 117 58
134 118 45
134 119 42
134 120 67
134 121 58
134 122 58
134 123 53
134 124 39
134 125 48
134 126 40
134 155 29
134 156 46
134 157 45
134 158 45
134 159 45
134 160 45
134 161 45
134 162 45
134 163 45
134 164 58
134 165 65
134 166 93
134 167 57
134 168 56
134 169 57
134 170 48
134 171 44
134 172 45
134 173 45
134 174 45
134 175 75
134 176 92
134 177 78
134 178 91
134 179 81
135 114 48
135 115 72
135 116 71
135 117 58
135 118 45
135 119 43
135 120 67
135 121 58
135 122 57
135 123 53
135 124 44
135 125 48
135 126 40
135 156 46
135 157 45
135 158 45
135 159 45
135 160 45
135 161 45
135 162 45
135 163 45
135 164 49
135 165 65
135 166 93
135 167 57
135 168 56
135 169 57
135 170 48
135 171 44
135 172 45
135 173 45
135 174 51
135 175 77
135 176 92
135 177 78
135 178 91
135 179 58
136 114 67
136 115 72
136 116 61
136 117 58
136 118 54
136 119 43
136 120 68
136 121 58
136 122 57
136 123 54
136 124 44
136 125 48
136 126 40
136 156 28
136 157 46
136 158 45
136 159 45
136 160 45
136 161 45
136 162 45
136 163 45
136 164 45
136 165 65
136 166 93
136 167 57
136 168 57
136 169 57
136 170 48
136 171 44
136 172 45
136 173 45
136 174 65
136 175 77
136 176 58
136 177 88
136 178 60
137 114 67
137 115 72
137 116 61
137 117 60
137 118 56
137 119 43
137 120 68
137 121 58
137 122 58
137 123 54
137 124 44
137 125 40
137 126 40
137 156 29
137 157 45
137 158 45
137 159 45
137 160 45
137 161 45
137 162 45
137 163 45
137 164 45
137 165 65
137 166 74
137 167 57
137 168 57
137 169 57
137 170 44
137 171 45
137 172 45
137 173 52
137 174 76
137 175 58
137 176 72
137 177 48
137 178 60
138 114 49
138 115 72
138 116 58
138 117 60
138 118 56
138 119 43
138 120 68
138 121 58
138 122 58
138 123 54
138 124 53
138 125 40
138 126 40
138 156 29
138 157 45
138 158 45
138 159 45
138 160 45
138 161 45
138 162 45
138 163 45
138 164 45
138 165 58
138 166 65
138 167 57
138 168 57
138 169 57
138 170 45
138 171 45
138 172 52
138 173 52
138 174 78
138 175 57
138 176 71
138 177 48
138 178 60
139 114 49
139 115 72
139 116 66
139 117 56
139 118 56
139 119 43
139 120 68
139 121 58
139 122 58
139 123 54
139 124 53
139 125 40
139 126 42
139 156 29
139 157 45
139 158 45
139 159 45
139 160 45
139 161 45
139 162 45
139 163 45
139 164 45
139 165 54
139 166 64
139 167 57
139 168 57
139 169 57
139 170 45
139 171 52
139 172 53
139 173 57
139 174 78
139 175 61
139 176 44
139 177 48
140 114 49
140 115 72
140 116 67
140 117 56
140 118 56
140 119 43
140 120 67
140 121 58
140 122 58
140 123 61
140 124 44
140 125 40
140 126 42
140 157 45
140 158 45
140 159 45
140 160 45
140 161 45
140 162 45
140 163 45
140 164 45
140 165 48
140 166 64
140 167 57
140 168 57
140 169 57
140 170 45
140 171 52
140 172 53
140 173 69
140 174 78
140 175 61
140 176 43
140 177 60
141 114 61
141 115 72
141 116 67
141 117 56
141 118 56
141 119 43
141 120 43
141 121 58
141 122 58
141 123 57
141 124 44
141 125 40
141 126 42
141 157 45
141 158 45
141 159 45
141 160 45
141 161 45
141 162 45
141 163 45
141 164 45
141 165 58
141 166 77
141 167 57
141 168 57
141 169 57
141 170 52
141 171 53
141 172 58
141 173 72
141 174 78
141 175 71
141 176 48
141 177 60
142 114 55
142 115 72
142 116 67
142 117 56
142 118 56
142 119 44
142 120 43
142 121 67
142 122 58
142 123 57
142 124 39
142 125 40
142 126 42
142 157 45
142 158 45
142 159 45
142 160 45
142 161 45
142 162 45
142 163 45
142 164 45
142 165 65
142 166 57
142 167 57
142 168 57
142 169 49
142 170 52
142 171 53
142 172 58
142 173 71
142 174 57
142 175 70
142 176 48
142 177 60
143 114 55
143 115 72
143 116 70
143 117 57
143 118 56
143 119 47
143 120 43
143 121 43
143 122 67
143 123 57
143 124 48
143 125 40
143 126 42
143 157 45
143 158 45
143 159 45
143 160 45
143 161 45
143 162 45
143 163 45
143 164 45
143 165 65
143 166 57
143 167 57
143 168 68
143 169 62
143 170 52
143 171 53
143 172 58
143 173 57
143 174 61
143 175 43
143 176 60
143 177 60
144 114 57
144 115 48
144 116 72
144 117 60
144 118 56
144 119 47
144 120 43
144 121 43
144 122 43
144 123 66
144 124 48
144 125 41
144 126 42
144 157 28
144 158 45
144 159 45
144 160 45
144 161 45
144 162 45
144 163 45
144 164 45
144 165 65
144 166 57
144 167 68
144 168 68
144 169 62
144 170 61
144 171 53
144 172 62
144 173 57
144 174 71
144 175 43
144 176 60
144 177 60
145 114 54
145 115 52
145 116 48
145 117 63
145 118 56
145 119 56
145 120 43
145 121 43
145 122 42
145 123 41
145 124 67
145 125 41
145 126 42
145 158 45
145 159 45
145 160 45
145 161 45
145 162 45
145 163 45
145 164 45
145 165 65
145 166 61
145 167 68
145 168 77
145 169 80
145 170 75
145 171 58
145 172 69
145 173 72
145 174 43
145 175 43
145 176 60
145 177 57
146 114 54
146 115 45
146 116 48
146 117 72
146 118 60
146 119 56
146 120 46
146 121 43
146 122 42
146 123 41
146 124 42
146 125 41
146 126 42
146 158 45
146 159 45
146 160 45
146 161 45
146 162 45
146 163 45
146 164 45
146 165 68
146 166 71
146 167 77
146 168 78
146 169 80
146 170 74
146 171 81
146 172 89
146 173 71
146 174 43
146 175 43
146 176 60
147 115 57
147 116 48
147 117 50
147 118 63
147 119 60
147 120 55
147 121 43
147 122 43
147 123 41
147 124 42
147 125 51
147 126 25
147 158 45
147 159 45
147 160 45
147 161 45
147 162 45
147 163 45
147 164 45
147 165 74
147 166 71
147 167 77
147 168 80
147 169 81
147 170 82
147 171 89
147 172 71
147 173 44
147 174 43
147 175 43
147 176 57
148 115 54
148 116 41
148 117 50
148 118 72
148 119 63
148 120 55
148 121 46
148 122 43
148 123 41
148 124 41
148 125 41
148 158 45
148 159 45
148 160 45
148 161 45
148 162 45
148 163 45
148 164 44
148 165 74
148 166 93
148 167 90
148 168 65
148 169 65
148 170 79
148 171 90
148 172 44
148 173 44
148 174 43
148 175 65
149 116 57
149 117 43
149 118 50
149 119 73
149 120 59
149 121 56
149 122 43
149 123 42
149 124 41
149 125 41
149 158 45
149 159 45
149 160 44
149 161 44
149 162 45
149 163 44
149 164 45
149 165 74
149 166 94
149 167 74
149 168 80
149 169 90
149 170 97
149 171 81
149 172 59
149 173 65
149 174 65
149 175 57
150 117 41
150 118 43
150 119 50
150 120 72
150 121 59
150 122 68
150 123 42
150 124 41
150 125 41
150 158 45
150 159 45
150 160 44
150 161 44
150 162 45
150 163 44
150 164 45
150 165 79
150 166 94
150 167 55
150 168 73
150 169 58
150 170 60
150 171 81
150 172 65
150 173 65
150 174 59
150 175 57
151 117 57
151 118 43
151 119 43
151 120 51
151 121 65
151 122 71
151 123 43
151 124 41
151 125 41
151 158 45
151 159 45
151 160 45
151 161 44
151 162 44
151 163 44
151 164 46
151 165 80
151 166 74
151 167 73
151 168 58
151 171 58
151 172 58
151 173 60
151 174 57
152 118 43
152 119 43
152 120 50
152 121 60
152 122 71
152 123 43
152 124 41
152 125 41
152 158 45
152 159 45
152 160 45
152 161 44
152 162 44
152 163 45
152 164 54
152 165 79
152 166 80
152 167 58
153 118 42
153 119 43
153 120 50
153 121 60
153 122 71
153 123 43
153 124 41
153 125 41
153 158 45
153 159 45
153 160 45
153 161 45
153 162 44
153 163 45
153 164 62
153 165 75
153 166 88
154 118 43
154 119 43
154 120 50
154 121 60
154 122 62
154 123 43
154 124 41
154 125 41
154 158 45
154 159 45
154 160 45
154 161 57
154 162 46
154 163 52
154 164 62
154 165 75
154 166 88
155 118 43
155 119 43
155 120 50
155 121 72
155 122 50
155 123 42
155 124 41
155 125 41
155 158 45
155 159 45
155 160 45
155 161 45
155 162 46
155 163 52
155 164 62
155 165 75
155 166 71
156 118 43
156 119 50
156 120 50
156 121 72
156 122 43
156 123 41
156 124 41
156 125 41
156 158 45
156 159 45
156 160 45
156 161 45
156 162 46
156 163 52
156 164 62
156 165 51
156 166 71
157 117 57
157 118 43
157 119 50
157 120 88
157 121 72
157 122 43
157 123 41
157 124 41
157 125 41
157 158 28
157 159 45
157 160 45
157 161 45
157 162 46
157 163 52
157 164 62
157 165 75
157 166 74
158 117 59
158 118 43
158 119 49
158 120 88
158 121 62
158 122 43
158 123 41
158 124 41
158 125 41
158 158 28
158 159 45
158 160 45
158 161 45
158 162 46
158 163 52
158 164 52
158 165 74
158 166 68
158 167 59
159 117 43
159 118 43
159 119 49
159 120 89
159 121 49
159 122 43
159 123 41
159 124 41
159 125 25
159 158 45
159 159 45
159 160 45
159 161 45
159 162 46
159 163 46
159 164 61
159 165 74
159 166 81
159 167 59
160 117 43
160 118 43
160 119 49
160 120 50
160 121 49
160 122 43
160 123 41
160 124 41
160 158 45
160 159 45
160 160 45
160 161 45
160 162 46
160 163 46
160 164 62
160 165 74
160 166 88
160 167 59
161 117 43
161 118 43
161 119 49
161 120 50
161 121 49
161 122 43
161 123 41
161 124 41
161 158 45
161 159 45
161 160 45
161 161 45
161 162 46
161 163 46
161 164 52
161 165 51
161 166 44
161 167 58
162 117 43
162 118 43
162 119 49
162 120 50
162 121 50
162 122 43
162 123 41
162 124 41
162 158 46
162 159 45
162 160 45
162 161 45
162 162 46
162 163 52
162 164 52
162 165 51
162 166 44
163 117 43
163 118 43
163 119 49
163 120 66
163 121 50
163 122 43
163 123 41
163 124 41
163 139 14
163 140 14
163 158 45
163 159 46
163 160 45
163 161 45
163 162 46
163 163 52
163 164 52
163 165 74
163 166 44
164 117 65
164 118 43
164 119 49
164 120 63
164 121 50
164 122 58
164 123 41
164 124 41
164 139 14
164 140 14
164 141 29
164 142 47
164 143 44
164 144 35
164 158 45
164 159 46
164 160 45
164 161 45
164 162 46
164 163 52
164 164 61
164 165 74
164 166 71
165 117 65
165 118 49
165 119 50
165 120 72
165 121 50
165 122 41
165 123 41
165 124 41
165 138 14
165 139 14
165 140 14
165 141 51
165 142 46
165 143 57
165 144 58
165 145 38
165 158 45
165 159 45
165 160 45
165 161 45
165 162 46
165 163 52
165 164 69
165 165 61
165 166 89
165 167 59
166 117 58
166 118 50
166 119 50
166 120 72
166 121 43
166 122 41
166 123 41
166 124 25
166 138 14
166 139 14
166 140 32
166 141 59
166 142 46
166 143 57
166 144 58
166 145 44
166 158 45
166 159 45
166 160 45
166 161 45
166 162 46
166 163 52
166 164 62
166 165 61
166 166 101
166 167 59
167 117 43
167 118 50
167 119 50
167 120 71
167 121 58
167 122 41
167 123 41
167 124 25
167 138 14
167 139 32
167 140 47
167 141 50
167 142 60
167 143 52
167 144 48
167 145 44
167 146 27
167 158 45
167 159 45
167 160 45
167 161 45
167 162 46
167 163 52
167 164 62
167 165 62
167 166 111
167 167 61
168 116 57
168 117 43
168 118 50
168 119 51
168 120 65
168 121 58
168 122 41
168 123 41
168 138 14
168 139 32
168 140 50
168 141 51
168 142 74
168 143 52
168 144 48
168 145 44
168 158 45
168 159 45
168 160 45
168 161 45
168 162 46
168 163 52
168 164 62
168 165 62
168 166 112
168 167 61
169 116 58
169 117 43
169 118 50
169 119 51
169 120 55
169 121 58
169 122 41
169 123 41
169 139 32
169 140 50
169 141 52
169 142 74
169 143 51
169 144 47
169 145 48
169 158 45
169 159 45
169 160 45
169 161 45
169 162 46
169 163 52
169 164 62
169 165 62
169 166 89
169 167 59
170 116 57
170 117 43
170 118 50
170 119 51
170 120 51
170 121 58
170 122 41
170 123 25
170 139 32
170 140 50
170 141 64
170 142 51
170 143 51
170 144 56
170 145 47
170 158 45
170 159 45
170 160 45
170 161 45
170 162 46
170 163 52
170 164 52
170 165 62
170 166 72
171 117 43
171 118 50
171 119 51
171 120 49
171 121 58
171 122 41
171 138 14
171 139 39
171 140 50
171 141 73
171 142 61
171 143 64
171 144 59
171 145 54
171 158 45
171 159 45
171 160 45
171 161 45
171 162 46
171 163 61
171 164 52
171 165 99
171 166 61
172 117 43
172 118 50
172 119 51
172 120 49
172 121 58
172 122 41
172 138 32
172 139 53
172 140 67
172 141 79
172 142 57
172 143 78
172 144 69
172 145 54
172 146 32
172 158 45
172 159 45
172 160 45
172 161 46
172 162 52
172 163 52
172 164 62
172 165 89
172 166 59
173 117 58
173 118 50
173 119 50
173 120 49
173 121 67
173 122 41
173 138 40
173 139 60
173 140 68
173 141 80
173 142 57
173 143 58
173 144 79
173 145 52
173 146 32
173 158 45
173 159 45
173 160 45
173 161 46
173 162 52
173 163 52
173 164 65
173 165 44
174 117 58
174 118 50
174 119 51
174 120 71
174 121 67
174 122 41
174 123 25
174 137 14
174 138 51
174 139 61
174 140 91
174 141 57
174 142 57
174 143 59
174 144 62
174 145 54
174 146 32
174 158 45
174 159 45
174 160 45
174 161 46
174 162 61
174 163 61
174 164 83
174 165 44
175 118 50
175 119 51
175 120 70
175 121 67
175 122 41
175 123 25
175 137 32
175 138 51
175 139 60
175 140 79
175 141 57
175 142 57
175 143 58
175 144 70
175 145 44
175 146 32
175 158 45
175 159 45
175 160 46
175 161 52
175 162 61
175 163 65
175 164 75
175 165 44
176 118 50
176 119 51
176 120 70
176 121 67
176 122 41
176 123 41
176 137 51
176 138 51
176 139 76
176 140 61
176 141 57
176 142 57
176 143 56
176 144 70
176 145 44
176 146 32
176 158 45
176 159 45
176 160 46
176 161 52
176 162 52
176 163 65
176 164 81
176 165 44
177 118 50
177 119 51
177 120 71
177 121 68
177 122 41
177 123 41
177 136 14
177 137 51
177 138 52
177 139 84
177 140 60
177 141 57
177 142 57
177 143 68
177 144 70
177 145 45
177 146 32
177 157 28
177 158 45
177 159 45
177 160 46
177 161 52
177 162 61
177 163 58
177 164 72
177 165 59
178 118 43
178 119 51
178 120 71
178 121 41
178 122 41
178 123 41
178 136 47
178 137 51
178 138 73
178 139 67
178 140 55
178 141 57
178 142 67
178 143 59
178 144 70
178 145 45
178 146 32
178 157 45
178 158 45
178 159 46
178 160 46
178 161 52
178 162 61
178 163 72
178 164 78
179 118 58
179 119 77
179 120 62
179 121 41
179 122 41
179 123 25
179 135 14
179 136 51
179 137 51
179 138 83
179 139 60
179 140 55
179 141 57
179 142 57
179 143 57
179 144 63
179 145 76
179 146 32
179 157 45
179 158 45
179 159 46
179 160 53
179 161 52
179 162 52
179 163 65
179 164 44
180 119 69
180 120 59
180 121 42
180 122 41
180 135 32
180 136 51
180 137 51
180 138 83
180 139 55
180 140 55
180 141 62
180 142 57
180 143 57
180 144 63
180 145 53
180 146 33
180 147 15
180 157 45
180 158 45
180 159 46
180 160 52
180 161 52
180 162 52
180 163 72
180 164 49
181 118 58
181 119 78
181 120 62
181 121 43
181 122 41
181 134 14
181 135 32
181 136 51
181 137 84
181 138 59
181 139 55
181 140 57
181 141 56
181 142 57
181 143 57
181 144 59
181 145 55
181 146 33
181 147 15
181 157 45
181 158 46
181 159 46
181 160 52
181 161 52
181 162 54
181 163 81
181 164 59
182 118 72
182 119 64
182 120 63
182 121 43
182 134 32
182 135 32
182 136 51
182 137 79
182 138 60
182 139 55
182 140 57
182 141 57
182 142 57
182 143 57
182 144 66
182 145 63
182 146 73
182 147 15
182 157 45
182 158 46
182 159 52
182 160 52
182 161 52
182 162 54
182 163 76
182 164 61
183 118 72
183 119 64
183 120 63
183 121 43
183 134 32
183 135 39
183 136 64
183 137 74
183 138 60
183 139 61
183 140 64
183 141 57
183 142 57
183 143 57
183 144 57
183 145 70
183 146 82
183 147 15
183 157 45
183 158 45
183 159 52
183 160 52
183 161 52
183 162 54
183 163 76
183 164 59
184 117 56
184 118 91
184 119 65
184 120 63
184 121 14
184 133 14
184 134 32
184 135 51
184 136 66
184 137 52
184 138 60
184 139 61
184 140 57
184 141 57
184 142 60
184 143 69
184 144 56
184 145 67
184 146 53
184 147 33
184 156 28
184 157 45
184 158 45
184 159 52
184 160 52
184 161 52
184 162 62
184 163 76
185 117 58
185 118 79
185 119 59
185 120 63
185 121 32
185 133 32
185 134 32
185 135 60
185 136 70
185 137 60
185 138 72
185 139 60
185 140 56
185 141 57
185 142 69
185 143 69
185 144 69
185 145 70
185 146 53
185 147 41
185 156 28
185 157 45
185 158 45
185 159 52
185 160 52
185 161 52
185 162 54
185 163 81
186 117 46
186 118 78
186 119 59
186 120 65
186 121 32
186 132 15
186 133 32
186 134 40
186 135 51
186 136 70
186 137 73
186 138 69
186 139 72
186 140 56
186 141 60
186 142 69
186 143 69
186 144 69
186 145 64
186 146 76
186 147 41
186 157 45
186 158 45
186 159 52
186 160 52
186 161 52
186 162 54
186 163 62
187 117 47
187 118 71
187 119 81
187 120 65
187 121 20
187 132 15
187 133 32
187 134 51
187 135 69
187 136 52
187 137 72
187 138 69
187 139 72
187 140 61
187 141 69
187 142 69
187 143 69
187 144 69
187 145 66
187 146 76
187 147 33
187 157 45
187 158 47
187 159 52
187 160 52
187 161 52
187 162 52
187 163 62
188 116 57
188 117 47
188 118 87
188 119 81
188 120 32
188 121 20
188 132 14
188 133 32
188 134 51
188 135 63
188 136 59
188 137 80
188 138 68
188 139 72
188 140 61
188 141 69
188 142 69
188 143 69
188 144 69
188 145 55
188 146 76
188 147 33
188 157 28
188 158 53
188 159 52
188 160 52
188 161 52
188 162 52
188 163 73
189 116 47
189 117 47
189 118 86
189 119 81
189 120 32
189 121 32
189 132 14
189 133 39
189 134 52
189 135 63
189 136 71
189 137 78
189 138 68
189 139 72
189 140 61
189 141 69
189 142 45
189 143 46
189 144 71
189 145 55
189 146 57
189 147 33
189 157 28
189 158 53
189 159 52
189 160 52
189 161 52
189 162 52
189 163 72
190 116 47
190 117 42
190 118 87
190 119 81
190 120 40
190 121 32
190 132 32
190 133 51
190 134 60
190 135 73
190 136 64
190 137 71
190 138 41
190 139 68
190 140 75
190 141 69
190 142 45
190 143 46
190 144 73
190 145 55
190 146 57
190 147 33
190 157 14
190 158 53
190 159 53
190 160 52
190 161 52
190 162 52
190 163 72
191 116 47
191 117 42
191 118 72
191 119 68
191 120 40
191 121 32
191 132 51
191 133 60
191 134 60
191 135 63
191 136 73
191 137 49
191 138 41
191 139 46
191 140 82
191 141 69
191 142 46
191 143 46
191 144 57
191 145 55
191 146 70
191 147 33
191 157 14
191 158 53
191 159 53
191 160 52
191 161 52
191 162 76
191 163 71
191 164 59
192 116 47
192 117 68
192 118 55
192 119 68
192 120 32
192 121 32
192 132 51
192 133 60
192 134 72
192 135 64
192 136 71
192 137 41
192 138 41
192 139 46
192 140 82
192 141 69
192 142 45
192 143 46
192 144 80
192 145 77
192 146 34
192 147 33
192 158 40
192 159 53
192 160 52
192 161 52
192 162 90
192 163 82
192 164 59
193 116 47
193 117 68
193 118 63
193 119 52
193 120 32
193 121 32
193 132 51
193 133 60
193 134 63
193 135 74
193 136 68
193 137 41
193 138 41
193 139 46
193 140 82
193 141 69
193 142 45
193 143 46
193 144 73
193 145 62
193 146 34
193 147 58
193 158 14
193 159 52
193 160 53
193 161 52
193 162 95
193 163 49
193 164 49
193 165 59
194 116 42
194 117 68
194 118 55
194 119 51
194 120 32
194 121 32
194 131 31
194 132 53
194 133 64
194 134 63
194 135 87
194 136 41
194 137 41
194 138 46
194 139 74
194 140 82
194 141 46
194 142 45
194 143 46
194 144 73
194 145 46
194 146 33
194 147 58
194 159 40
194 160 53
194 161 54
194 162 94
194 163 44
194 164 44
194 165 60
195 115 57
195 116 68
195 117 55
195 118 46
195 119 51
195 120 32
195 121 32
195 131 51
195 132 53
195 133 73
195 134 67
195 135 68
195 136 41
195 137 41
195 138 46
195 139 81
195 140 69
195 141 46
195 142 46
195 143 57
195 144 73
195 145 53
195 146 33
195 147 41
195 159 14
195 160 53
195 161 54
195 162 94
195 163 45
195 164 72
195 165 60
196 115 71
196 116 69
196 117 55
196 118 52
196 119 51
196 120 32
196 121 14
196 131 44
196 132 53
196 133 73
196 134 72
196 135 67
196 136 41
196 137 46
196 138 46
196 139 82
196 140 69
196 141 46
196 142 46
196 143 46
196 144 77
196 145 54
196 146 33
196 147 33
196 160 53
196 161 53
196 162 58
196 163 61
196 164 72
196 165 60
197 115 71
197 116 55
197 117 55
197 118 52
197 119 52
197 120 65
197 121 14
197 130 27
197 131 44
197 132 53
197 133 63
197 134 72
197 135 41
197 136 41
197 137 46
197 138 46
197 139 81
197 140 46
197 141 46
197 142 46
197 143 46
197 144 77
197 145 54
197 146 34
197 147 33
197 160 47
197 161 55
197 162 59
197 163 44
197 164 45
197 165 62
198 115 72
198 116 55
198 117 46
198 118 50
198 119 52
198 120 66
198 121 14
198 130 43
198 131 45
198 132 53
198 133 63
198 134 70
198 135 41
198 136 41
198 137 46
198 138 57
198 139 57
198 140 46
198 141 46
198 142 46
198 143 46
198 144 83
198 145 54
198 146 34
198 147 21
198 159 46
198 160 47
198 161 55
198 162 58
198 163 44
198 164 72
198 165 49
199 114 58
199 115 55
199 116 55
199 117 46
199 118 68
199 119 40
199 120 55
199 121 14
199 130 43
199 131 44
199 132 60
199 133 63
199 134 87
199 135 70
199 136 46
199 137 46
199 138 57
199 139 55
199 140 46
199 141 46
199 142 46
199 143 46
199 144 85
199 145 54
199 146 34
199 147 21
199 159 46
199 160 47
199 161 53
199 162 58
199 163 44
199 164 72
199 165 45
200 114 79
200 115 55
200 116 55
200 117 47
200 118 53
200 119 40
200 120 55
200 121 14
200 130 43
200 131 55
200 132 60
200 133 73
200 134 71
200 135 70
200 136 46
200 137 57
200 138 55
200 139 61
200 140 46
200 141 46
200 142 46
200 143 58
200 144 71
200 145 54
200 146 69
200 159 46
200 160 46
200 161 54
200 162 58
200 163 73
200 164 72
200 165 45
200 166 60
201 114 81
201 115 55
201 116 55
201 117 54
201 118 71
201 119 47
201 120 65
201 130 43
201 131 55
201 132 60
201 133 73
201 134 72
201 135 70
201 136 46
201 137 57
201 138 55
201 139 61
201 140 46
201 141 46
201 142 46
201 143 58
201 144 49
201 145 54
201 146 58
201 159 46
201 160 46
201 161 54
201 162 58
201 163 72
201 164 45
201 165 50
202 114 63
202 115 55
202 116 55
202 117 54
202 118 68
202 119 47
202 120 65
202 130 43
202 131 44
202 132 60
202 133 78
202 134 72
202 135 82
202 136 46
202 137 55
202 139 61
202 140 46
202 141 46
202 142 46
202 143 58
202 144 53
202 145 49
202 146 69
202 159 46
202 160 46
202 161 54
202 162 58
202 163 104
202 164 45
202 165 62
203 113 57
203 114 63
203 115 55
203 116 46
203 117 54
203 118 68
203 119 52
203 120 68
203 130 43
203 131 45
203 132 60
203 133 78
203 134 72
203 135 59
203 136 55
203 137 55
203 140 64
203 141 46
203 142 46
203 143 58
203 144 63
203 145 41
203 146 69
203 158 29
203 159 46
203 160 46
203 161 53
203 162 58
203 163 91
203 164 45
203 165 60
204 113 79
204 114 55
204 115 55
204 116 42
204 117 54
204 118 36
204 119 64
204 120 68
204 130 43
204 131 63
204 132 66
204 133 88
204 134 49
204 135 60
204 136 55
204 140 64
204 141 46
204 142 46
204 143 58
204 144 54
204 145 41
204 146 69
204 158 46
204 159 46
204 160 46
204 161 53
204 162 58
204 163 45
204 164 50
205 113 71
205 114 55
205 115 55
205 116 69
205 117 70
205 118 36
205 119 77
205 120 68
205 130 43
205 131 63
205 132 70
205 133 88
205 134 53
205 135 81
205 140 64
205 141 51
205 142 46
205 143 58
205 144 54
205 145 33
205 146 63
205 158 46
205 159 46
205 160 46
205 161 53
205 162 76
205 163 45
205 164 60
206 113 47
206 114 55
206 115 46
206 116 69
206 117 52
206 118 36
206 119 85
206 120 57
206 129 27
206 130 43
206 131 63
206 132 77
206 133 73
206 134 63
206 135 68
206 140 64
206 141 51
206 142 46
206 143 80
206 144 54
206 145 33
206 146 48
206 158 46
206 159 46
206 160 46
206 161 47
206 162 99
206 163 45
207 113 42
207 114 55
207 115 42
207 116 70
207 117 41
207 118 36
207 119 77
207 120 53
207 129 43
207 130 49
207 131 63
207 132 60
207 133 76
207 134 63
207 135 68
207 140 64
207 141 51
207 142 46
207 143 83
207 144 54
207 145 33
207 146 31
207 158 46
207 159 46
207 160 46
207 161 47
207 162 57
207 163 45
208 112 57
208 113 55
208 114 55
208 115 42
208 116 52
208 117 31
208 118 65
208 119 77
208 120 27
208 129 47
208 130 63
208 131 56
208 132 64
208 133 83
208 134 63
208 135 46
208 140 64
208 141 51
208 142 46
208 143 87
208 144 53
208 145 33
208 146 28
208 158 46
208 159 46
208 160 46
208 161 46
208 162 57
208 163 45
209 112 59
209 113 55
209 114 63
209 115 42
209 116 39
209 117 31
209 118 66
209 119 60
209 128 47
209 129 63
209 130 90
209 131 57
209 132 75
209 133 84
209 134 33
209 135 33
209 140 64
209 141 51
209 142 46
209 143 85
209 144 53
209 145 41
209 146 28
209 158 46
209 159 46
209 160 46
209 161 59
209 162 58
209 163 84
210 112 59
210 113 56
210 114 56
210 115 42
210 116 39
210 117 32
210 118 86
210 119 67
210 127 27
210 128 57
210 129 68
210 130 76
210 131 59
210 132 84
210 133 84
210 134 33
210 135 33
210 140 64
210 141 51
210 142 46
210 143 85
210 144 67
210 145 62
210 146 48
210 158 46
210 159 46
210 160 45
210 161 79
210 162 45
211 111 80
211 112 60
211 113 55
211 114 42
211 115 43
211 116 32
211 117 32
211 118 61
211 119 30
211 127 27
211 128 48
211 129 71
211 130 76
211 131 69
211 132 84
211 133 33
211 134 33
211 135 67
211 140 62
211 141 51
211 142 46
211 143 85
211 144 74
211 145 62
211 146 58
211 158 46
211 159 46
211 160 74
211 161 56
211 162 45
212 111 72
212 112 60
212 113 75
212 114 42
212 115 43
212 116 32
212 117 32
212 118 40
212 127 45
212 128 54
212 129 55
212 130 66
212 131 69
212 132 68
212 133 33
212 134 33
212 135 67
212 140 60
212 141 51
212 142 46
212 143 74
212 144 83
212 145 77
212 146 43
212 158 46
212 159 46
212 160 67
212 161 73
212 162 50
213 111 73
213 112 60
213 113 63
213 114 43
213 115 43
213 116 39
213 117 32
213 118 69
213 127 27
213 128 70
213 129 56
213 130 69
213 131 68
213 132 67
213 133 33
213 134 49
213 135 61
213 141 51
213 142 51
213 143 91
213 144 83
213 145 77
213 146 54
213 158 46
213 159 45
213 160 93
213 161 45
213 162 50
214 110 59
214 111 72
214 112 56
214 113 46
214 114 43
214 115 43
214 116 39
214 117 32
214 118 69
214 127 27
214 128 71
214 129 63
214 130 72
214 131 90
214 132 67
214 133 33
214 134 49
214 135 60
214 141 64
214 142 51
214 143 74
214 144 83
214 145 70
214 146 43
214 158 45
214 159 67
214 160 100
214 161 45
214 162 63
215 110 61
215 111 72
215 112 75
215 113 46
215 114 43
215 115 43
215 116 61
215 117 66
215 118 69
215 127 27
215 128 71
215 129 74
215 130 72
215 131 90
215 132 67
215 133 56
215 134 61
215 142 51
215 143 46
215 144 90
215 145 70
215 146 33
215 158 45
215 159 67
215 160 45
215 161 50
215 162 60
216 110 61
216 111 72
216 112 75
216 113 46
216 114 43
216 115 43
216 116 51
216 117 67
216 118 69
216 127 46
216 128 55
216 129 68
216 130 81
216 131 45
216 132 67
216 133 56
216 134 61
216 142 51
216 143 46
216 144 90
216 145 71
216 146 21
216 158 45
216 159 67
216 160 57
216 161 63
216 162 60
217 110 61
217 111 68
217 112 75
217 113 46
217 114 43
217 115 43
217 116 51
217 117 95
217 118 67
217 127 44
217 128 55
217 129 69
217 130 72
217 131 79
217 132 67
217 133 66
217 134 66
217 142 63
217 143 51
217 144 88
217 145 81
217 157 45
217 158 45
217 159 82
217 160 73
217 161 60
218 110 60
218 111 69
218 112 55
218 113 47
218 114 43
218 115 43
218 116 32
218 117 97
218 118 32
218 127 44
218 128 69
218 129 68
218 130 72
218 131 90
218 132 33
218 133 66
218 134 73
218 143 51
218 144 82
218 145 75
218 157 45
218 158 45
218 159 53
218 160 50
218 161 60
219 110 60
219 111 75
219 112 55
219 113 47
219 114 43
219 115 43
219 116 32
219 117 75
219 118 32
219 126 28
219 127 55
219 128 74
219 129 44
219 130 72
219 131 82
219 132 33
219 133 66
219 134 69
219 143 51
219 144 46
219 145 39
219 156 28
219 157 46
219 158 94
219 159 67
219 160 60
220 110 80
220 111 56
220 112 55
220 113 47
220 114 43
220 115 71
220 116 32
220 117 69
220 118 48
220 126 27
220 127 55
220 128 85
220 129 44
220 130 44
220 131 90
220 132 33
220 133 40
220 134 31
220 143 77
220 144 33
220 145 67
220 156 45
220 157 64
220 158 73
220 159 92
221 110 63
221 111 56
221 112 47
221 113 43
221 114 43
221 115 37
221 116 89
221 117 41
221 118 33
221 125 27
221 126 56
221 127 69
221 128 69
221 129 44
221 130 44
221 131 78
221 132 33
221 133 61
221 143 107
221 144 33
221 145 89
221 156 49
221 157 90
221 158 70
221 159 52
222 110 86
222 111 56
222 112 43
222 113 43
222 114 56
222 115 32
222 116 66
222 117 33
222 118 56
222 119 15
222 124 27
222 125 47
222 126 69
222 127 85
222 128 44
222 129 72
222 130 73
222 131 33
222 132 53
222 133 31
222 143 115
222 144 41
222 145 33
222 146 37
222 156 56
222 157 47
222 158 70
222 159 53
223 109 57
223 110 68
223 111 47
223 112 43
223 113 43
223 114 56
223 115 61
223 116 73
223 117 33
223 118 33
223 119 33
223 120 15
223 124 27
223 125 56
223 126 78
223 127 69
223 128 44
223 129 58
223 130 76
223 131 47
223 132 67
223 144 67
223 145 33
223 146 92
223 156 95
223 157 74
223 158 41
223 159 94
224 109 57
224 110 68
224 111 59
224 112 44
224 113 44
224 114 44
224 115 56
224 116 73
224 117 40
224 118 33
224 119 33
224 120 33
224 121 15
224 123 27
224 124 43
224 125 63
224 126 78
224 127 69
224 128 56
224 129 73
224 130 33
224 131 55
224 132 30
224 144 106
224 145 33
224 146 68
224 147 28
224 156 96
224 157 88
224 158 77
225 109 59
225 110 68
225 111 79
225 112 44
225 113 44
225 114 44
225 115 44
225 116 95
225 117 41
225 118 33
225 119 33
225 120 33
225 121 46
225 122 15
225 123 27
225 124 43
225 125 63
225 126 78
225 127 69
225 128 75
225 129 86
225 130 39
225 131 66
225 144 84
225 145 74
225 146 33
225 147 39
225 156 97
225 157 34
225 158 69
226 109 59
226 110 68
226 111 68
226 112 60
226 113 44
226 114 44
226 115 44
226 116 44
226 117 76
226 118 41
226 119 33
226 120 33
226 121 33
226 122 46
226 123 27
226 124 43
226 125 63
226 126 69
226 127 43
226 128 112
226 129 33
226 130 56
226 145 114
226 146 41
226 147 45
226 156 91
226 157 59
227 109 59
227 110 47
227 111 68
227 112 70
227 113 44
227 114 44
227 115 44
227 116 44
227 117 71
227 118 73
227 119 40
227 120 33
227 121 33
227 122 33
227 123 30
227 124 43
227 125 52
227 126 69
227 127 57
227 128 90
227 129 33
227 130 74
227 145 84
227 146 86
227 147 67
227 155 39
227 156 91
227 157 75
228 109 58
228 110 47
228 111 68
228 112 79
228 113 44
228 114 44
228 115 44
228 116 44
228 117 44
228 118 89
228 119 68
228 120 53
228 121 41
228 122 41
228 123 79
228 124 54
228 125 56
228 126 69
228 127 64
228 128 89
228 129 52
228 146 125
228 147 74
228 148 39
228 154 28
228 155 88
228 156 102
229 109 57
229 110 47
229 111 47
229 112 68
229 113 52
229 114 44
229 115 44
229 116 44
229 117 44
229 118 71
229 119 68
229 120 67
229 121 41
229 122 69
229 123 55
229 124 32
229 125 63
229 126 69
229 127 32
229 128 58
229 129 64
229 146 100
229 147 84
229 148 73
229 154 53
229 155 95
229 156 118
230 110 58
230 111 47
230 112 68
230 113 51
230 114 43
230 115 44
230 116 44
230 117 44
230 118 60
230 119 67
230 120 87
230 121 75
230 122 69
230 123 66
230 124 33
230 125 55
230 126 81
230 127 32
230 128 48
230 129 74
230 147 125
230 148 74
230 153 55
230 154 89
230 155 120
230 156 109
230 157 73
231 110 56
231 111 47
231 112 68
231 113 75
231 114 43
231 115 43
231 116 43
231 117 44
231 118 57
231 119 69
231 120 101
231 121 75
231 122 69
231 123 65
231 124 41
231 125 56
231 126 76
231 127 32
231 128 32
231 129 64
231 147 60
231 148 61
231 153 72
231 154 100
231 155 118
231 156 107
231 157 74
232 111 71
232 112 68
232 113 68
232 114 43
232 115 43
232 116 43
232 117 43
232 118 40
232 119 86
232 120 91
232 121 80
232 122 65
232 123 60
232 124 37
232 125 35
232 126 72
232 127 65
232 128 32
232 129 60
232 148 114
232 152 25
232 153 79
232 154 110
232 155 105
232 156 116
232 157 74
232 158 59
233 111 79
233 112 69
233 113 58
233 114 42
233 115 43
233 116 43
233 117 43
233 118 40
233 119 86
233 120 91
233 121 72
233 122 60
233 123 53
233 124 32
233 125 27
233 126 66
233 127 88
233 128 32
233 129 68
233 148 83
233 149 49
233 152 25
233 153 75
233 154 101
233 155 102
233 156 123
233 157 107
233 158 59
234 111 78
234 112 69
234 113 58
234 114 42
234 115 43
234 116 43
234 117 59
234 118 46
234 119 40
234 120 90
234 121 57
234 122 49
234 123 47
234 124 27
234 125 27
234 126 47
234 127 92
234 128 83
234 129 82
234 148 59
234 149 102
234 150 34
234 151 24
234 152 24
234 153 24
234 154 111
234 155 40
234 156 124
234 157 117
234 158 59
235 111 58
235 112 58
235 113 58
235 114 42
235 115 42
235 116 43
235 117 59
235 118 64
235 119 46
235 120 84
235 121 61
235 122 47
235 123 46
235 124 46
235 125 46
235 126 71
235 127 72
235 128 84
235 129 93
235 149 98
235 150 93
235 151 24
235 152 24
235 153 24
235 154 71
235 155 65
235 156 58
235 157 123
235 158 110
236 112 53
236 113 58
236 114 42
236 115 42
236 116 59
236 117 43
236 118 63
236 119 63
236 120 52
236 121 63
236 122 47
236 123 46
236 124 46
236 125 45
236 126 71
236 127 72
236 128 73
236 129 89
236 149 58
236 150 87
236 151 63
236 152 24
236 153 34
236 154 34
236 155 64
236 156 32
236 157 86
236 158 128
237 112 59
237 113 53
237 114 42
237 115 42
237 116 42
237 117 59
237 118 63
237 119 63
237 120 60
237 121 73
237 122 47
237 123 45
237 124 55
237 125 65
237 126 46
237 127 52
237 128 107
237 129 85
237 150 60
237 151 124
237 152 52
237 153 34
237 154 34
237 155 64
237 156 32
237 157 45
237 158 103
238 113 59
238 114 53
238 115 42
238 116 42
238 117 42
238 118 54
238 119 63
238 120 59
238 121 51
238 122 86
238 123 56
238 124 66
238 125 48
238 126 49
238 127 86
238 128 79
238 129 78
238 151 89
238 152 79
238 153 52
238 154 65
238 155 68
238 156 32
238 157 67
238 158 95
239 114 57
239 115 53
239 116 58
239 117 42
239 118 42
239 119 53
239 120 63
239 121 66
239 122 66
239 123 90
239 124 95
239 125 79
239 126 74
239 127 81
239 128 78
239 152 97
239 153 98
239 154 80
239 155 44
239 156 80
239 157 105
