41 145 80
41 146 80
41 147 48
41 148 64
41 149 68
41 150 66
41 151 65
42 137 57
42 138 35
42 139 35
42 140 35
42 141 58
42 142 48
42 143 73
42 144 83
42 145 61
42 146 87
42 147 69
42 148 79
42 149 55
42 150 81
42 151 38
42 152 38
43 136 57
43 137 35
43 138 35
43 139 58
43 140 35
43 141 73
43 142 93
43 143 68
43 144 81
43 145 74
43 146 51
43 147 56
43 148 56
43 149 65
43 150 66
43 151 56
43 152 72
43 153 36
43 154 33
44 135 65
44 136 38
44 137 34
44 138 51
44 139 35
44 140 73
44 141 74
44 142 84
44 143 51
44 144 73
44 145 59
44 146 30
44 147 35
44 148 35
44 149 58
44 150 56
44 151 56
44 152 55
44 153 72
44 154 36
45 135 65
45 136 57
45 137 51
45 138 59
45 139 36
45 140 74
45 141 95
45 142 51
45 143 73
45 144 59
45 145 48
45 146 30
45 148 35
45 149 59
45 150 51
45 151 56
45 152 80
45 153 69
45 154 36
45 155 33
46 135 65
46 136 63
46 137 51
46 138 35
46 139 74
46 140 100
46 141 64
46 142 36
46 143 73
46 144 48
46 145 30
46 148 38
46 149 59
46 150 59
46 151 56
46 152 80
46 153 56
46 154 72
46 155 33
47 135 65
47 136 71
47 137 52
47 138 35
47 139 74
47 140 64
47 141 60
47 142 73
47 143 32
47 144 30
47 148 26
47 149 60
47 150 59
47 151 56
47 152 61
47 153 81
47 154 73
48 134 65
48 135 63
48 136 52
48 137 35
48 138 81
48 139 81
48 140 61
48 141 36
48 142 36
48 149 60
48 150 59
48 151 65
48 152 69
48 153 81
48 154 94
49 134 63
49 135 35
49 136 35
49 137 35
49 138 94
49 139 60
49 140 36
49 141 36
49 142 16
49 149 60
49 150 59
49 151 65
49 152 71
49 153 81
49 154 73
50 133 57
50 134 36
50 135 52
50 136 35
50 137 52
50 138 81
50 139 35
50 140 36
50 141 36
50 142 16
50 149 40
50 150 52
50 151 35
50 152 56
50 153 76
50 154 73
51 133 38
51 134 35
51 135 35
51 136 35
51 137 113
51 138 72
51 139 35
51 140 52
51 141 36
51 142 16
51 150 35
51 151 35
51 152 56
51 153 70
51 154 60
51 155 73
52 132 58
52 133 36
52 134 36
52 135 35
52 136 35
52 137 81
52 138 36
52 139 35
52 140 52
52 141 36
52 142 16
52 150 35
52 151 35
52 152 35
52 153 56
52 154 77
52 155 73
52 156 33
53 132 38
53 133 35
53 134 35
53 135 35
53 136 35
53 137 73
53 138 36
53 139 72
53 140 53
53 141 36
53 150 36
53 151 35
53 152 35
53 153 56
53 154 56
53 155 73
53 156 36
54 132 38
54 133 36
54 134 35
54 135 35
54 136 81
54 137 36
54 138 36
54 139 73
54 140 53
54 141 36
54 149 36
54 150 36
54 151 35
54 152 35
54 153 56
54 154 66
54 155 73
54 156 36
54 157 33
55 132 38
55 133 36
55 134 36
55 135 35
55 136 66
55 137 43
55 138 36
55 139 73
55 140 36
55 141 36
55 149 36
55 150 36
55 151 35
55 152 35
55 153 56
55 154 66
55 155 73
55 156 36
55 157 33
56 132 38
56 133 36
56 134 36
56 135 35
56 136 85
56 137 56
56 138 36
56 139 72
56 140 52
56 141 22
56 149 36
56 150 36
56 151 35
56 152 35
56 153 56
56 154 56
56 155 73
56 156 52
56 157 33
57 132 38
57 133 36
57 134 36
57 135 35
57 136 73
57 137 56
57 138 36
57 139 35
57 140 52
57 141 23
57 148 36
57 149 36
57 150 36
57 151 35
57 152 35
57 153 56
57 154 66
57 155 36
57 156 36
57 157 33
58 132 66
58 133 36
58 134 36
58 135 36
58 136 35
58 137 56
58 138 51
58 139 35
58 140 36
58 141 36
58 148 36
58 149 36
58 150 36
58 151 35
58 152 43
58 153 56
58 154 61
58 155 36
58 156 36
58 157 32
59 133 36
59 134 35
59 135 36
59 136 35
59 137 74
59 138 56
59 139 36
59 140 36
59 141 36
59 148 36
59 149 36
59 150 36
59 151 36
59 152 56
59 153 56
59 154 36
59 155 36
59 156 32
60 133 36
60 134 35
60 135 36
60 136 35
60 137 34
60 138 56
60 139 36
60 140 36
60 141 36
60 148 36
60 149 36
60 150 36
60 151 36
60 152 56
60 153 74
60 154 36
60 155 35
60 156 32
61 133 38
61 134 35
61 135 35
61 136 35
61 137 34
61 138 56
61 139 36
61 140 35
61 141 36
61 147 52
61 148 36
61 149 36
61 150 36
61 151 66
61 152 56
61 153 36
61 154 36
61 155 32
62 133 38
62 134 36
62 135 35
62 136 36
62 137 35
62 138 56
62 139 35
62 140 52
62 141 36
62 147 36
62 148 36
62 149 36
62 150 36
62 151 56
62 152 36
62 153 36
62 154 32
63 132 66
63 133 38
63 134 36
63 135 35
63 136 35
63 137 72
63 138 56
63 139 36
63 140 36
63 141 16
63 147 36
63 148 36
63 149 36
63 150 51
63 151 56
63 152 36
63 153 35
63 154 32
64 132 54
64 133 35
64 134 37
64 135 35
64 136 37
64 137 57
64 138 67
64 139 36
64 140 37
64 147 22
64 148 36
64 149 36
64 150 56
64 151 56
64 152 36
64 153 33
65 132 40
65 133 37
65 134 36
65 135 37
65 136 58
65 137 58
65 138 37
65 139 37
65 148 36
65 149 36
65 150 56
65 151 57
65 152 36
65 153 33
65 154 32
66 131 50
66 132 37
66 133 37
66 134 76
66 135 58
66 136 59
66 137 45
66 138 37
66 148 37
66 149 37
66 150 36
66 151 57
66 152 57
66 153 35
66 154 34
67 130 50
67 131 39
67 132 76
67 133 63
67 134 58
67 135 58
67 136 69
67 137 37
67 149 37
67 150 37
67 151 57
67 152 57
67 153 57
67 154 35
67 155 34
68 129 50
68 130 75
68 131 76
68 132 58
68 133 59
68 134 59
68 135 36
68 136 32
68 150 37
68 151 37
68 152 57
68 153 57
68 154 57
68 155 58
68 156 98
68 157 34
69 126 70
69 127 80
69 128 63
69 129 58
69 130 58
69 131 52
69 132 81
69 133 31
69 134 32
69 151 54
69 152 37
69 153 58
69 154 58
69 155 58
69 156 69
69 157 58
69 158 68
69 159 68
69 160 69
70 121 70
70 122 40
70 123 37
70 124 75
70 125 58
70 126 58
70 127 68
70 128 69
70 129 32
70 153 37
70 154 58
70 155 58
70 156 58
70 157 58
70 158 68
70 159 58
70 160 58
70 161 67
70 162 56
70 163 68
71 120 40
71 121 37
71 122 75
71 123 58
71 124 58
71 125 59
71 126 45
71 127 17
71 156 79
71 157 92
71 158 101
71 159 58
71 160 72
71 161 58
71 162 58
71 163 50
71 164 70
71 165 68
72 119 40
72 120 37
72 121 63
72 122 58
72 123 58
72 124 58
72 125 37
72 126 17
72 159 37
72 160 53
72 161 95
72 162 58
72 163 68
72 164 50
72 165 56
72 166 70
73 118 40
73 119 37
73 120 76
73 121 58
73 122 58
73 123 58
73 124 37
73 125 17
73 160 39
73 161 37
73 162 37
73 163 89
73 164 58
73 165 50
73 166 56
73 167 70
74 117 68
74 118 37
74 119 37
74 120 58
74 121 58
74 122 58
74 123 58
74 124 17
74 161 37
74 162 37
74 163 37
74 164 92
74 165 83
74 166 68
74 167 50
74 168 55
75 117 40
75 118 54
75 119 76
75 120 58
75 121 58
75 122 58
75 123 37
75 124 17
75 162 37
75 163 37
75 164 37
75 165 75
75 166 58
75 167 57
75 168 50
75 169 50
76 116 68
76 117 54
76 118 37
76 119 58
76 120 58
76 121 58
76 122 68
76 123 17
76 162 27
76 163 37
76 164 37
76 165 37
76 166 101
76 167 58
76 168 57
76 169 50
76 170 50
77 116 56
77 117 38
77 118 75
77 119 58
77 120 58
77 121 58
77 122 45
77 123 17
77 163 37
77 164 37
77 165 37
77 166 45
77 167 90
77 168 58
77 169 58
77 170 50
77 171 50
78 116 59
78 117 37
78 118 58
78 119 58
78 120 58
78 121 58
78 122 17
78 163 27
78 164 37
78 165 37
78 166 37
78 167 68
78 168 58
78 169 58
78 170 57
78 171 50
78 172 56
79 115 111
79 116 59
79 117 76
79 118 58
79 119 58
79 120 58
79 121 52
79 122 17
79 164 37
79 165 37
79 166 37
79 167 58
79 168 84
79 169 58
79 170 58
79 171 50
79 172 50
79 173 71
80 115 75
80 116 76
80 117 58
80 118 57
80 119 58
80 120 57
80 121 44
80 122 17
80 164 37
80 165 37
80 166 37
80 167 57
80 168 57
80 169 84
80 170 58
80 171 58
80 172 50
80 173 50
80 174 69
81 114 80
81 115 67
81 116 76
81 117 57
81 118 57
81 119 57
81 120 57
81 121 17
81 122 17
81 165 37
81 166 37
81 167 57
81 168 57
81 169 84
81 170 58
81 171 58
81 172 50
81 173 50
81 174 50
81 175 68
82 113 50
82 114 68
82 115 76
82 116 76
82 117 57
82 118 57
82 119 56
82 120 71
82 121 17
82 165 37
82 166 37
82 167 57
82 168 57
82 169 66
82 170 84
82 171 58
82 172 57
82 173 50
82 174 50
82 175 70
82 176 68
83 112 55
83 113 50
83 114 90
83 115 76
83 116 57
83 117 56
83 118 56
83 119 56
83 120 55
83 121 17
83 166 37
83 167 56
83 168 57
83 169 58
83 170 84
83 171 84
83 172 58
83 173 50
83 174 50
83 175 50
83 176 70
83 177 68
84 111 70
84 112 50
84 113 81
84 114 79
84 115 62
84 116 56
84 117 56
84 118 56
84 119 56
84 120 55
84 121 17
84 166 37
84 167 56
84 168 57
84 169 57
84 170 71
84 171 84
84 172 58
84 173 50
84 174 50
84 175 50
84 176 50
84 177 68
84 178 68
85 110 69
85 111 50
85 112 49
85 113 67
85 114 62
85 115 56
85 116 56
85 117 55
85 118 56
85 119 55
85 120 37
85 166 29
85 167 55
85 168 55
85 169 57
85 170 66
85 171 83
85 172 84
85 173 57
85 174 50
85 175 50
85 176 50
85 177 49
85 178 68
86 109 69
86 110 49
86 111 49
86 112 49
86 113 79
86 114 61
86 115 56
86 116 56
86 117 55
86 118 56
86 119 65
86 120 37
86 166 28
86 167 54
86 168 55
86 169 57
86 170 66
86 171 71
86 172 83
86 173 58
86 174 50
86 175 50
86 176 50
86 177 49
86 178 70
86 179 68
87 107 69
87 108 69
87 109 49
87 110 49
87 111 50
87 112 63
87 113 78
87 114 61
87 115 55
87 116 56
87 117 55
87 118 54
87 119 64
87 120 17
87 165 29
87 166 45
87 167 53
87 168 55
87 169 56
87 170 66
87 171 71
87 172 71
87 173 58
87 174 50
87 175 48
87 176 49
87 177 49
87 178 49
87 179 70
87 180 69
88 106 69
88 107 50
88 108 49
88 109 49
88 110 49
88 111 49
88 112 79
88 113 78
88 114 55
88 115 55
88 116 55
88 117 55
88 118 55
88 119 53
88 165 28
88 166 44
88 167 53
88 168 55
88 169 56
88 170 56
88 171 65
88 172 70
88 173 82
88 174 49
88 175 49
88 176 49
88 177 49
88 178 49
88 179 49
88 180 69
88 181 69
89 105 69
89 106 50
89 107 49
89 108 49
89 109 49
89 110 49
89 111 49
89 112 79
89 113 78
89 114 55
89 115 55
89 116 55
89 117 53
89 118 54
89 119 79
89 131 7
89 132 8
89 133 7
89 165 45
89 166 44
89 167 54
89 168 55
89 169 54
89 170 56
89 171 65
89 172 70
89 173 82
89 174 48
89 175 48
89 176 48
89 177 49
89 178 49
89 179 49
89 180 55
89 181 69
89 182 69
90 103 69
90 104 55
90 105 50
90 106 49
90 107 49
90 108 49
90 109 49
90 110 49
90 111 47
90 112 78
90 113 60
90 114 55
90 115 55
90 116 55
90 117 53
90 118 54
90 119 59
90 129 5
90 130 7
90 131 8
90 132 8
90 133 8
90 134 8
90 135 7
90 136 5
90 164 28
90 165 44
90 166 43
90 167 54
90 168 54
90 169 54
90 170 55
90 171 64
90 172 66
90 173 70
90 174 79
90 175 48
90 176 48
90 177 47
90 178 49
90 179 49
90 180 49
90 181 55
90 182 69
90 183 69
91 102 69
91 103 55
91 104 49
91 105 49
91 106 49
91 107 49
91 108 49
91 109 49
91 110 47
91 111 78
91 112 77
91 113 60
91 114 55
91 115 55
91 116 53
91 117 52
91 118 53
91 119 51
91 130 7
91 131 8
91 132 8
91 133 8
91 134 8
91 135 7
91 136 7
91 137 5
91 138 5
91 139 4
91 141 4
91 164 28
91 165 43
91 166 43
91 167 54
91 168 54
91 169 53
91 170 54
91 171 65
91 172 65
91 173 70
91 174 82
91 175 79
91 176 48
91 177 48
91 178 47
91 179 49
91 180 49
91 181 49
91 182 50
91 183 55
91 184 69
92 100 68
92 101 55
92 102 55
92 103 49
92 104 49
92 105 49
92 106 49
92 107 49
92 108 48
92 109 46
92 110 47
92 111 78
92 112 64
92 113 60
92 114 55
92 115 53
92 116 52
92 117 52
92 118 51
92 119 42
92 129 4
92 130 7
92 131 7
92 132 8
92 133 8
92 134 8
92 135 8
92 136 7
92 137 7
92 138 5
92 139 5
92 140 5
92 141 5
92 142 5
92 143 5
92 164 59
92 165 42
92 166 42
92 167 52
92 168 53
92 169 53
92 170 54
92 171 55
92 172 65
92 173 70
92 174 70
92 175 78
92 176 47
92 177 47
92 178 48
92 179 48
92 180 49
92 181 49
92 182 49
92 183 49
92 184 55
92 185 55
93 99 68
93 100 55
93 101 55
93 102 48
93 103 48
93 104 49
93 105 49
93 106 49
93 107 48
93 108 46
93 109 46
93 110 47
93 111 78
93 112 60
93 113 60
93 114 55
93 115 53
93 116 52
93 117 52
93 118 52
93 119 42
93 130 7
93 131 7
93 132 7
93 133 8
93 134 7
93 135 8
93 136 7
93 137 7
93 138 5
93 139 7
93 140 7
93 141 5
93 142 7
93 143 5
93 144 5
93 145 5
93 161 5
93 162 6
93 163 32
93 164 59
93 165 42
93 166 41
93 167 52
93 168 53
93 169 53
93 170 53
93 171 55
93 172 64
93 173 64
93 174 69
93 175 81
93 176 78
93 177 48
93 178 48
93 179 48
93 180 48
93 181 49
93 182 49
93 183 49
93 184 49
93 185 49
93 186 56
93 187 69
94 97 67
94 98 68
94 99 55
94 100 55
94 101 48
94 102 48
94 103 48
94 104 49
94 105 49
94 106 48
94 107 46
94 108 46
94 109 46
94 110 46
94 111 72
94 112 60
94 113 60
94 114 53
94 115 52
94 116 52
94 117 52
94 118 80
94 119 42
94 126 26
94 127 27
94 130 5
94 131 7
94 132 7
94 133 7
94 134 8
94 135 7
94 136 7
94 137 7
94 138 7
94 139 7
94 140 7
94 141 7
94 142 7
94 143 7
94 145 5
94 146 4
94 159 5
94 160 5
94 161 6
94 162 8
94 163 32
94 164 61
94 165 41
94 166 41
94 167 51
94 168 52
94 169 52
94 170 52
94 171 55
94 172 64
94 173 64
94 174 69
94 175 70
94 176 79
94 177 48
94 178 48
94 179 48
94 180 48
94 181 48
94 182 49
94 183 49
94 184 49
94 185 49
94 186 49
94 187 49
94 188 56
95 96 67
95 97 68
95 98 55
95 99 55
95 100 48
95 101 48
95 102 48
95 103 48
95 104 49
95 105 46
95 106 46
95 107 46
95 108 46
95 109 46
95 110 76
95 111 64
95 112 59
95 113 53
95 114 52
95 115 52
95 116 52
95 117 52
95 118 52
95 119 40
95 120 25
95 125 28
95 126 27
95 127 27
95 128 27
95 129 5
95 130 8
95 131 5
95 132 7
95 133 7
95 134 7
95 135 7
95 136 7
95 137 7
95 138 7
95 139 7
95 140 7
95 141 7
95 142 6
95 143 4
95 144 4
95 158 5
95 159 6
95 160 7
95 161 8
95 162 33
95 163 33
95 164 61
95 165 40
95 166 40
95 167 51
95 168 52
95 169 52
95 170 52
95 171 55
95 172 64
95 173 64
95 174 69
95 175 70
95 176 77
95 177 78
95 178 47
95 179 48
95 180 48
95 181 48
95 182 47
95 183 47
95 184 49
95 185 49
95 186 49
95 187 49
95 188 49
95 189 49
95 190 66
96 95 67
96 96 68
96 97 55
96 98 55
96 99 48
96 100 48
96 101 48
96 102 48
96 103 49
96 104 45
96 105 46
96 106 46
96 107 46
96 108 46
96 109 73
96 110 63
96 111 59
96 112 58
96 113 53
96 114 51
96 115 52
96 116 52
96 117 52
96 118 42
96 119 40
96 120 24
96 126 27
96 127 27
96 128 7
96 129 7
96 130 8
96 131 8
96 132 7
96 133 7
96 134 7
96 135 7
96 136 7
96 137 7
96 138 7
96 139 7
96 140 7
96 141 7
96 142 7
96 143 6
96 144 5
96 155 4
96 157 6
96 158 6
96 159 7
96 160 8
96 161 8
96 162 33
96 163 33
96 164 62
96 165 40
96 166 40
96 167 51
96 168 50
96 169 51
96 170 52
96 171 55
96 172 64
96 173 64
96 174 64
96 175 69
96 176 77
96 177 78
96 178 48
96 179 47
96 180 47
96 181 47
96 182 47
96 183 47
96 184 48
96 185 49
96 186 49
96 187 49
96 188 49
96 189 49
96 190 49
96 191 70
97 94 67
97 95 55
97 96 55
97 97 48
97 98 48
97 99 48
97 100 48
97 101 48
97 102 48
97 103 48
97 104 45
97 105 46
97 106 46
97 107 46
97 108 46
97 109 75
97 110 63
97 111 59
97 112 58
97 113 52
97 114 51
97 115 51
97 116 52
97 117 52
97 118 42
97 119 40
97 120 24
97 121 24
97 125 4
97 126 6
97 127 6
97 128 7
97 129 8
97 130 8
97 131 8
97 132 8
97 133 8
97 134 7
97 135 7
97 136 7
97 137 7
97 138 7
97 139 7
97 140 7
97 141 7
97 142 7
97 143 7
97 155 4
97 156 4
97 157 6
97 158 9
97 159 8
97 160 8
97 161 9
97 162 33
97 163 33
97 164 62
97 165 41
97 166 40
97 167 50
97 168 50
97 169 51
97 170 52
97 171 64
97 172 64
97 173 64
97 174 64
97 175 69
97 176 65
97 177 76
97 178 78
97 179 47
97 180 47
97 181 47
97 182 47
97 183 47
97 184 48
97 185 47
97 186 49
97 187 49
97 188 49
97 189 49
97 190 49
97 191 56
97 192 55
97 193 66
98 93 68
98 94 55
98 95 48
98 96 48
98 97 48
98 98 48
98 99 48
98 100 48
98 101 48
98 102 48
98 103 45
98 104 45
98 105 45
98 106 46
98 107 46
98 108 73
98 109 63
98 110 58
98 111 58
98 112 58
98 113 51
98 114 51
98 115 51
98 116 52
98 117 80
98 118 46
98 119 40
98 120 24
98 121 24
98 122 24
98 125 5
98 126 5
98 127 6
98 128 7
98 129 8
98 130 8
98 131 8
98 132 8
98 133 8
98 134 8
98 135 8
98 136 7
98 137 5
98 138 7
98 139 7
98 140 7
98 141 7
98 142 7
98 150 5
98 151 5
98 152 5
98 155 5
98 156 7
98 157 10
98 158 9
98 159 9
98 160 8
98 161 5
98 162 31
98 163 33
98 164 41
98 165 41
98 166 45
98 167 52
98 168 62
98 169 66
98 170 66
98 171 63
98 172 64
98 173 64
98 174 64
98 175 64
98 176 69
98 177 76
98 178 77
98 179 47
98 180 47
98 181 47
98 182 47
98 183 47
98 184 47
98 185 47
98 186 47
98 187 49
98 188 49
98 189 49
98 190 49
98 191 49
98 192 56
98 193 56
98 194 55
98 195 66
99 91 64
99 92 54
99 93 48
99 94 48
99 95 48
99 96 48
99 97 48
99 98 48
99 99 48
99 100 48
99 101 48
99 102 45
99 103 45
99 104 45
99 105 45
99 106 45
99 107 45
99 108 63
99 109 63
99 110 58
99 111 58
99 112 52
99 113 52
99 114 52
99 115 52
99 116 52
99 117 80
99 118 67
99 119 62
99 120 56
99 121 42
99 122 37
99 125 5
99 126 5
99 127 5
99 128 8
99 129 8
99 130 8
99 131 8
99 132 8
99 133 8
99 134 8
99 135 8
99 136 5
99 137 5
99 138 7
99 139 7
99 140 7
99 141 7
99 142 5
99 148 4
99 149 5
99 150 5
99 151 5
99 152 5
99 153 4
99 155 5
99 156 7
99 157 9
99 158 8
99 159 9
99 161 4
99 163 31
99 164 46
99 165 58
99 166 58
99 167 62
99 168 76
99 169 75
99 170 75
99 171 70
99 172 80
99 173 72
99 174 64
99 175 64
99 176 69
99 177 76
99 178 76
99 179 47
99 180 47
99 181 47
99 182 47
99 183 47
99 184 47
99 185 47
99 186 48
99 187 46
99 188 49
99 189 49
99 190 49
99 191 49
99 192 49
99 193 56
99 194 56
99 195 55
99 196 69
100 88 64
100 89 64
100 90 52
100 91 48
100 92 48
100 93 48
100 94 48
100 95 48
100 96 48
100 97 48
100 98 48
100 99 48
100 100 48
100 101 48
100 102 45
100 103 45
100 104 45
100 105 45
100 106 45
100 107 73
100 108 62
100 109 62
100 110 58
100 111 58
100 112 52
100 113 52
100 114 52
100 115 77
100 116 78
100 117 82
100 118 74
100 119 69
100 120 54
100 121 54
100 122 47
100 123 37
100 125 5
100 126 5
100 127 6
100 128 8
100 129 8
100 130 8
100 131 8
100 132 7
100 133 8
100 134 7
100 135 6
100 136 5
100 137 5
100 138 7
100 139 7
100 140 7
100 141 7
100 146 4
100 147 5
100 148 5
100 149 5
100 150 5
100 151 5
100 152 5
100 153 5
100 154 6
100 155 7
100 156 8
100 157 6
100 158 8
100 161 4
100 163 39
100 164 58
100 165 58
100 166 59
100 167 76
100 168 76
100 169 75
100 170 76
100 171 73
100 172 80
100 173 80
100 174 80
100 175 64
100 176 64
100 177 65
100 178 76
100 179 77
100 180 47
100 181 47
100 182 47
100 183 47
100 184 47
100 185 47
100 186 47
100 187 47
100 188 49
100 189 49
100 190 48
100 191 48
100 192 49
100 193 49
100 194 56
100 195 56
100 196 56
100 197 69
101 86 64
101 87 64
101 88 64
101 89 52
101 90 52
101 91 48
101 92 48
101 93 48
101 94 48
101 95 48
101 96 48
101 97 48
101 98 48
101 99 48
101 100 48
101 101 45
101 102 45
101 103 45
101 104 45
101 105 45
101 106 73
101 107 73
101 108 62
101 109 58
101 110 58
101 111 58
101 112 52
101 113 76
101 114 76
101 115 76
101 116 77
101 117 82
101 118 65
101 119 69
101 120 69
101 121 55
101 122 55
101 123 48
101 124 28
101 125 6
101 126 6
101 127 8
101 128 8
101 129 8
101 130 8
101 131 8
101 132 8
101 133 8
101 134 7
101 135 5
101 136 5
101 137 6
101 138 7
101 139 7
101 140 7
101 141 5
101 145 5
101 146 5
101 147 5
101 148 5
101 149 5
101 150 5
101 151 7
101 152 7
101 153 7
101 154 6
101 155 6
101 156 6
101 157 6
101 163 31
101 164 57
101 165 59
101 166 65
101 167 73
101 168 76
101 169 75
101 170 76
101 171 73
101 172 82
101 173 82
101 174 80
101 175 80
101 176 64
101 177 73
101 178 76
101 179 76
101 180 47
101 181 47
101 182 47
101 183 47
101 184 47
101 185 47
101 186 47
101 187 46
101 188 46
101 189 48
101 190 48
101 191 48
101 192 48
101 193 48
101 194 49
101 195 48
101 196 56
101 197 69
101 198 69
101 199 68
102 84 63
102 85 64
102 86 64
102 87 64
102 88 52
102 89 52
102 90 48
102 91 48
102 92 48
102 93 48
102 94 48
102 95 48
102 96 48
102 97 48
102 98 49
102 99 48
102 100 45
102 101 45
102 102 45
102 103 45
102 104 45
102 105 73
102 106 73
102 107 62
102 108 62
102 109 58
102 110 64
102 111 65
102 112 75
102 113 76
102 114 76
102 115 76
102 116 95
102 117 66
102 118 62
102 119 47
102 120 69
102 121 68
102 122 54
102 123 70
102 124 37
102 125 7
102 126 6
102 127 8
102 128 8
102 129 8
102 130 8
102 131 8
102 132 8
102 133 8
102 134 5
102 135 5
102 136 6
102 137 5
102 138 7
102 139 7
102 140 8
102 141 7
102 142 6
102 143 6
102 144 5
102 145 5
102 146 4
102 147 5
102 148 5
102 149 5
102 150 7
102 151 7
102 152 7
102 153 7
102 154 6
102 155 6
102 156 6
102 162 32
102 163 51
102 164 62
102 165 59
102 166 73
102 167 72
102 168 75
102 169 76
102 170 75
102 171 73
102 172 82
102 173 82
102 174 82
102 175 80
102 176 80
102 177 64
102 178 65
102 179 76
102 180 77
102 181 47
102 182 47
102 183 47
102 184 47
102 185 47
102 186 47
102 187 46
102 188 46
102 189 46
102 190 48
102 191 48
102 192 48
102 193 49
102 194 49
102 195 48
102 196 48
102 197 55
102 198 69
102 199 69
102 200 69
102 201 68
103 83 63
103 84 63
103 85 64
103 86 52
103 87 52
103 88 52
103 89 47
103 90 48
103 91 48
103 92 48
103 93 48
103 94 48
103 95 48
103 96 48
103 97 48
103 98 49
103 99 48
103 100 45
103 101 45
103 102 45
103 103 45
103 104 45
103 105 73
103 106 62
103 107 62
103 108 58
103 109 64
103 110 77
103 111 75
103 112 76
103 113 76
103 114 76
103 115 76
103 116 70
103 117 67
103 118 62
103 119 47
103 120 68
103 121 68
103 122 67
103 123 82
103 124 36
103 125 7
103 126 8
103 127 8
103 128 8
103 129 8
103 130 8
103 131 8
103 132 8
103 133 5
103 134 5
103 135 5
103 136 7
103 137 5
103 139 7
103 140 7
103 141 7
103 143 8
103 144 8
103 145 8
103 146 7
103 147 8
103 148 6
103 149 6
103 150 7
103 151 8
103 152 7
103 153 7
103 154 6
103 162 32
103 163 51
103 164 62
103 165 59
103 166 72
103 167 72
103 168 75
103 169 75
103 170 74
103 171 56
103 172 82
103 173 82
103 174 81
103 175 82
103 176 81
103 177 80
103 178 65
103 179 76
103 180 75
103 181 47
103 182 46
103 183 46
103 184 47
103 185 47
103 186 46
103 187 46
103 188 46
103 189 46
103 190 46
103 191 46
103 192 49
103 193 49
103 194 48
103 195 48
103 196 48
103 197 48
103 198 48
103 199 53
103 200 69
103 201 69
103 202 68
104 82 63
104 83 66
104 84 51
104 85 52
104 86 52
104 87 52
104 88 47
104 89 47
104 90 47
104 91 48
104 92 48
104 93 48
104 94 48
104 95 48
104 96 48
104 97 48
104 98 48
104 99 48
104 100 45
104 101 45
104 102 45
104 103 45
104 104 72
104 105 73
104 106 62
104 107 80
104 108 77
104 109 77
104 110 77
104 111 75
104 112 76
104 113 76
104 114 56
104 115 56
104 116 66
104 117 65
104 118 62
104 119 47
104 120 47
104 121 68
104 122 67
104 123 90
104 124 49
104 125 8
104 126 8
104 127 8
104 128 8
104 129 8
104 130 8
104 131 8
104 132 8
104 133 7
104 134 7
104 142 7
104 143 7
104 144 7
104 145 6
104 162 32
104 163 51
104 164 54
104 165 59
104 166 72
104 167 71
104 168 75
104 169 75
104 170 56
104 171 56
104 172 66
104 173 66
104 174 81
104 175 81
104 176 81
104 177 82
104 178 79
104 179 73
104 180 75
104 181 76
104 182 46
104 183 46
104 184 46
104 185 47
104 186 46
104 187 47
104 188 46
104 189 46
104 190 46
104 191 46
104 192 46
104 193 48
104 194 49
104 195 49
104 196 48
104 197 48
104 198 48
104 199 48
104 200 53
104 201 53
104 202 53
104 203 68
104 204 68
105 81 66
105 82 51
105 83 51
105 84 51
105 85 52
105 86 52
105 87 47
105 88 47
105 89 47
105 90 47
105 91 48
105 92 48
105 93 48
105 94 48
105 95 48
105 96 48
105 97 48
105 98 48
105 99 48
105 100 45
105 101 45
105 102 45
105 103 73
105 104 79
105 105 70
105 106 80
105 107 80
105 108 77
105 109 77
105 110 74
105 111 75
105 112 75
105 113 57
105 114 56
105 115 56
105 116 66
105 117 65
105 118 61
105 119 47
105 120 46
105 121 44
105 122 44
105 123 43
105 124 43
105 125 18
105 126 8
105 127 8
105 128 8
105 129 8
105 130 8
105 131 7
105 132 7
105 142 7
105 143 7
105 144 7
105 162 51
105 163 51
105 164 54
105 165 59
105 166 72
105 167 71
105 168 71
105 169 55
105 170 56
105 171 56
105 172 66
105 173 66
105 174 66
105 175 66
105 176 85
105 177 81
105 178 80
105 179 82
105 180 91
105 181 85
105 182 46
105 183 47
105 184 47
105 185 46
105 186 47
105 187 47
105 188 47
105 189 47
105 190 46
105 191 46
105 192 46
105 193 46
105 194 49
105 195 49
105 196 48
105 197 48
105 198 48
105 199 48
105 200 48
105 201 53
105 202 53
105 203 53
105 204 68
105 205 68
105 206 63
106 79 62
106 80 51
106 81 51
106 82 51
106 83 51
106 84 52
106 85 47
106 86 47
106 87 47
106 88 47
106 89 47
106 90 48
106 91 48
106 92 48
106 93 48
106 94 48
106 95 47
106 96 48
106 97 48
106 98 48
106 99 47
106 100 45
106 101 45
106 102 72
106 103 79
106 104 88
106 105 80
106 106 80
106 107 77
106 108 77
106 109 77
106 110 75
106 111 57
106 112 55
106 113 57
106 114 56
106 115 56
106 116 66
106 117 66
106 118 46
106 119 44
106 120 45
106 121 44
106 122 43
106 123 43
106 124 43
106 125 18
106 126 7
106 127 8
106 128 8
106 129 8
106 130 8
106 131 7
106 141 7
106 142 7
106 143 7
106 162 51
106 163 51
106 164 63
106 165 59
106 166 71
106 167 71
106 168 47
106 169 55
106 170 55
106 171 62
106 172 70
106 173 66
106 174 66
106 175 66
106 176 66
106 177 84
106 178 100
106 179 83
106 180 83
106 181 91
106 182 85
106 183 47
106 184 46
106 185 47
106 186 46
106 187 47
106 188 47
106 189 47
106 190 47
106 191 46
106 192 46
106 193 47
106 194 47
106 195 46
106 196 48
106 197 48
106 198 48
106 199 48
106 200 48
106 201 48
106 202 48
106 203 53
106 204 53
106 205 53
106 206 68
106 207 63
106 208 63
107 78 62
107 79 51
107 80 51
107 81 51
107 82 51
107 83 47
107 84 47
107 85 47
107 86 47
107 87 47
107 88 47
107 89 47
107 90 48
107 91 48
107 92 48
107 93 47
107 94 47
107 95 47
107 96 47
107 97 48
107 98 48
107 99 48
107 100 45
107 101 89
107 102 90
107 103 88
107 104 80
107 105 80
107 106 80
107 107 77
107 108 77
107 109 78
107 110 56
107 111 57
107 112 57
107 113 56
107 114 56
107 115 82
107 116 66
107 117 66
107 118 45
107 119 45
107 120 45
107 121 44
107 122 43
107 123 43
107 124 43
107 125 26
107 126 8
107 141 7
107 162 50
107 163 51
107 164 63
107 165 58
107 166 71
107 167 47
107 168 47
107 169 55
107 170 55
107 171 56
107 172 70
107 173 70
107 174 66
107 175 67
107 176 67
107 177 71
107 178 92
107 179 86
107 180 86
107 181 91
107 182 93
107 183 75
107 184 63
107 185 47
107 186 47
107 187 46
107 188 47
107 189 47
107 190 47
107 191 47
107 192 46
107 193 47
107 194 47
107 195 47
107 196 46
107 197 48
107 198 48
107 199 48
107 200 48
107 201 48
107 202 48
107 203 48
107 204 48
107 205 53
107 206 53
107 207 68
107 208 68
107 209 63
108 75 61
108 76 62
108 77 62
108 78 51
108 79 51
108 80 51
108 81 47
108 82 47
108 83 47
108 84 47
108 85 47
108 86 47
108 87 48
108 88 48
108 89 48
108 90 48
108 91 48
108 92 47
108 93 47
108 94 47
108 95 47
108 96 48
108 97 48
108 98 50
108 99 50
108 100 76
108 101 89
108 102 90
108 103 87
108 104 79
108 105 80
108 106 77
108 107 77
108 108 77
108 109 62
108 110 56
108 111 56
108 112 56
108 113 57
108 114 57
108 115 82
108 116 66
108 117 65
108 118 57
108 119 55
108 120 55
108 121 54
108 122 44
108 123 43
108 124 43
108 125 8
108 126 7
108 162 50
108 163 53
108 164 62
108 165 65
108 166 80
108 167 46
108 168 46
108 169 55
108 170 61
108 171 56
108 172 70
108 173 70
108 174 71
108 175 66
108 176 67
108 177 67
108 178 71
108 179 86
108 180 86
108 181 86
108 182 91
108 183 97
108 184 74
108 185 63
108 186 47
108 187 47
108 188 47
108 189 47
108 190 47
108 191 47
108 192 46
108 193 47
108 194 46
108 195 47
108 196 46
108 197 48
108 198 48
108 199 48
108 200 48
108 201 48
108 202 48
108 203 48
108 204 48
108 205 48
108 206 53
108 207 53
108 208 53
108 209 52
108 210 67
108 211 63
109 73 61
109 74 62
109 75 62
109 76 62
109 77 65
109 78 51
109 79 51
109 80 47
109 81 47
109 82 47
109 83 47
109 84 48
109 85 47
109 86 48
109 87 48
109 88 48
109 89 48
109 90 48
109 91 48
109 92 47
109 93 48
109 94 59
109 95 59
109 96 50
109 97 50
109 98 51
109 99 51
109 100 76
109 101 89
109 102 89
109 103 89
109 104 79
109 105 79
109 106 76
109 107 61
109 108 61
109 109 62
109 110 57
109 111 56
109 112 56
109 113 57
109 114 56
109 115 82
109 116 66
109 117 67
109 118 57
109 119 71
109 120 71
109 121 71
109 122 71
109 123 44
109 124 63
109 125 7
109 126 7
109 127 8
109 162 54
109 163 61
109 164 80
109 165 79
109 166 79
109 167 46
109 168 46
109 169 46
109 170 61
109 171 61
109 172 65
109 173 70
109 174 71
109 175 71
109 176 66
109 177 67
109 178 71
109 179 72
109 180 86
109 181 86
109 182 95
109 183 91
109 184 79
109 185 79
109 186 75
109 187 47
109 188 47
109 189 47
109 190 47
109 191 47
109 192 47
109 193 46
109 194 47
109 195 46
109 196 46
109 197 46
109 198 48
109 199 48
109 200 48
109 201 48
109 202 48
109 203 48
109 204 48
109 205 48
109 206 48
109 207 48
109 208 53
109 209 53
109 210 52
109 211 52
109 212 63
110 72 62
110 73 62
110 74 62
110 75 65
110 76 65
110 77 51
110 78 51
110 79 47
110 80 47
110 81 47
110 82 47
110 83 47
110 84 47
110 85 48
110 86 48
110 87 48
110 88 47
110 89 48
110 90 48
110 91 48
110 92 59
110 93 59
110 94 59
110 95 50
110 96 52
110 97 52
110 98 51
110 99 76
110 100 76
110 101 76
110 102 89
110 103 89
110 104 65
110 105 61
110 106 61
110 107 61
110 108 61
110 109 61
110 110 56
110 111 56
110 112 56
110 113 56
110 114 82
110 115 82
110 116 67
110 117 66
110 118 71
110 119 72
110 120 72
110 121 72
110 122 71
110 123 44
110 124 81
110 125 7
110 126 7
110 127 8
110 161 32
110 162 63
110 163 67
110 164 80
110 165 93
110 166 84
110 167 46
110 168 46
110 169 46
110 170 60
110 171 61
110 172 70
110 173 71
110 174 70
110 175 71
110 176 71
110 177 71
110 178 71
110 179 72
110 180 72
110 181 86
110 182 95
110 183 95
110 184 95
110 185 79
110 186 79
110 187 75
110 188 55
110 189 46
110 190 47
110 191 47
110 192 47
110 193 47
110 194 46
110 195 46
110 196 46
110 197 46
110 198 48
110 199 48
110 200 48
110 201 48
110 202 48
110 203 48
110 204 48
110 205 48
110 206 48
110 207 48
110 208 48
110 209 53
110 210 52
110 211 52
110 212 52
110 213 68
110 214 68
111 71 62
111 72 62
111 73 65
111 74 65
111 75 65
111 76 66
111 77 47
111 78 47
111 79 47
111 80 47
111 81 47
111 82 47
111 83 48
111 84 48
111 85 48
111 86 48
111 87 48
111 88 48
111 89 48
111 90 59
111 91 59
111 92 59
111 93 59
111 94 51
111 95 52
111 96 52
111 97 52
111 98 51
111 99 76
111 100 76
111 101 76
111 102 76
111 103 77
111 104 65
111 105 61
111 106 61
111 107 61
111 108 61
111 109 61
111 110 56
111 111 56
111 112 56
111 113 56
111 114 82
111 115 84
111 116 67
111 117 78
111 118 71
111 119 71
111 120 72
111 121 72
111 122 71
111 123 44
111 124 67
111 125 7
111 161 32
111 162 64
111 163 67
111 164 79
111 165 95
111 166 95
111 167 56
111 168 46
111 169 46
111 170 54
111 171 61
111 172 70
111 173 70
111 174 71
111 175 71
111 176 71
111 177 71
111 178 84
111 179 90
111 180 72
111 181 86
111 182 95
111 183 95
111 184 94
111 185 79
111 186 79
111 187 79
111 188 79
111 189 75
111 190 46
111 191 47
111 192 47
111 193 47
111 194 47
111 195 47
111 196 46
111 197 46
111 198 48
111 199 48
111 200 48
111 201 48
111 202 48
111 203 48
111 204 48
111 205 48
111 206 48
111 207 48
111 208 48
111 209 48
111 210 48
111 211 48
111 212 48
111 213 52
111 214 68
111 215 68
111 216 68
111 217 67
111 218 67
112 70 65
112 71 65
112 72 65
112 73 65
112 74 65
112 75 53
112 76 54
112 77 47
112 78 47
112 79 47
112 80 47
112 81 47
112 82 48
112 83 48
112 84 48
112 85 48
112 86 48
112 87 48
112 88 47
112 89 59
112 90 59
112 91 59
112 92 59
112 93 51
112 94 51
112 95 52
112 96 51
112 97 52
112 98 76
112 99 76
112 100 76
112 101 76
112 102 77
112 103 77
112 104 61
112 105 61
112 106 61
112 107 61
112 108 61
112 109 56
112 110 56
112 111 56
112 112 56
112 113 56
112 114 83
112 115 67
112 116 64
112 117 63
112 118 71
112 119 71
112 120 71
112 121 71
112 122 71
112 123 44
112 124 67
112 161 31
112 162 63
112 163 67
112 164 79
112 165 95
112 166 95
112 167 56
112 168 56
112 169 46
112 170 46
112 171 61
112 172 70
112 173 70
112 174 83
112 175 71
112 176 71
112 177 71
112 178 71
112 179 100
112 180 72
112 181 72
112 182 86
112 183 94
112 184 94
112 185 96
112 186 79
112 187 78
112 188 80
112 189 79
112 190 75
112 191 47
112 192 47
112 193 47
112 194 46
112 195 47
112 196 47
112 197 46
112 198 48
112 199 48
112 200 48
112 201 48
112 202 48
112 203 48
112 204 48
112 205 48
112 206 48
112 207 48
112 208 48
112 209 48
112 210 48
112 211 48
112 212 48
112 213 48
112 214 55
112 215 55
112 216 68
112 217 68
112 218 68
112 219 67
112 220 68
113 68 64
113 69 66
113 70 66
113 71 66
113 72 66
113 73 53
113 74 54
113 75 54
113 76 54
113 77 47
113 78 47
113 79 48
113 80 48
113 81 48
113 82 48
113 83 48
113 84 48
113 85 47
113 86 47
113 87 58
113 88 59
113 89 59
113 90 59
113 91 58
113 92 51
113 93 51
113 94 51
113 95 51
113 96 51
113 97 51
113 98 75
113 99 76
113 100 76
113 101 77
113 102 77
113 103 81
113 104 61
113 105 62
113 106 62
113 107 61
113 108 61
113 109 56
113 110 56
113 111 56
113 112 56
113 113 56
113 114 83
113 115 68
113 116 63
113 117 53
113 118 50
113 119 71
113 120 71
113 121 71
113 122 70
113 123 44
113 124 68
113 161 50
113 162 60
113 163 66
113 164 79
113 165 95
113 166 95
113 167 56
113 168 56
113 169 56
113 170 45
113 171 61
113 172 70
113 173 70
113 174 83
113 175 83
113 176 71
113 177 71
113 178 71
113 179 101
113 180 84
113 181 72
113 182 72
113 183 81
113 184 94
113 185 96
113 186 90
113 187 78
113 188 78
113 189 80
113 190 80
113 191 75
113 192 55
113 193 47
113 194 46
113 195 46
113 196 46
113 197 46
113 198 48
113 199 48
113 200 48
113 201 48
113 202 48
113 203 48
113 204 48
113 205 48
113 206 48
113 207 48
113 208 48
113 209 48
113 210 48
113 211 48
113 212 48
113 213 48
113 214 48
113 215 55
113 216 55
113 217 55
113 218 68
113 219 68
113 220 68
113 221 68
114 67 64
114 68 65
114 69 66
114 70 66
114 71 66
114 72 53
114 73 54
114 74 54
114 75 54
114 76 54
114 77 47
114 78 47
114 79 48
114 80 48
114 81 48
114 82 48
114 83 48
114 84 47
114 85 47
114 86 58
114 87 50
114 88 58
114 89 58
114 90 58
114 91 52
114 92 51
114 93 51
114 94 58
114 95 58
114 96 51
114 97 58
114 98 52
114 99 76
114 100 76
114 101 77
114 102 80
114 103 76
114 104 62
114 105 62
114 106 61
114 107 61
114 108 62
114 109 56
114 110 57
114 111 56
114 112 56
114 113 56
114 114 84
114 115 68
114 116 69
114 117 50
114 118 50
114 119 50
114 120 71
114 121 70
114 122 78
114 123 44
114 124 50
114 161 31
114 162 51
114 163 66
114 164 79
114 165 95
114 166 95
114 167 72
114 168 56
114 169 56
114 170 56
114 171 61
114 172 70
114 173 70
114 174 83
114 175 83
114 176 83
114 177 71
114 178 71
114 179 90
114 180 102
114 181 84
114 182 72
114 183 81
114 184 81
114 185 83
114 186 96
114 187 90
114 188 78
114 189 78
114 190 80
114 191 79
114 192 75
114 193 55
114 194 46
114 195 46
114 196 46
114 197 48
114 198 48
114 199 48
114 200 48
114 201 48
114 202 48
114 203 48
114 204 48
114 205 48
114 206 48
114 207 48
114 208 48
114 209 48
114 210 48
114 211 48
114 212 48
114 213 48
114 214 48
114 215 55
114 216 55
114 217 55
114 218 55
114 219 68
114 220 68
114 221 68
114 222 68
115 67 65
115 68 66
115 69 66
115 70 66
115 71 54
115 72 54
115 73 54
115 74 54
115 75 54
115 76 48
115 77 49
115 78 49
115 79 48
115 80 48
115 81 48
115 82 47
115 83 47
115 84 58
115 85 58
115 86 58
115 87 58
115 88 58
115 89 58
115 90 52
115 91 52
115 92 59
115 93 58
115 94 58
115 95 51
115 96 58
115 97 58
115 98 52
115 99 75
115 100 76
115 101 81
115 102 76
115 103 66
115 104 66
115 105 62
115 106 61
115 107 61
115 108 61
115 109 56
115 110 56
115 111 56
115 112 56
115 113 63
115 114 84
115 115 72
115 116 69
115 117 50
115 118 50
115 119 50
115 120 50
115 121 71
115 122 44
115 123 99
115 161 31
115 162 50
115 163 61
115 164 79
115 165 79
115 166 94
115 167 72
115 168 72
115 169 56
115 170 56
115 171 79
115 172 70
115 173 70
115 174 70
115 175 83
115 176 83
115 177 83
115 178 71
115 179 88
115 180 101
115 181 85
115 182 84
115 183 81
115 184 81
115 185 82
115 186 82
115 187 58
115 188 74
115 189 78
115 190 78
115 191 79
115 192 79
115 193 74
115 194 65
115 195 48
115 196 48
115 197 48
115 198 48
115 199 48
115 200 48
115 201 48
115 202 48
115 203 48
115 204 48
115 205 48
115 206 48
115 207 48
115 208 48
115 209 48
115 210 48
115 211 48
115 212 48
115 213 48
115 214 48
115 215 55
115 216 55
115 217 55
115 218 55
115 219 55
115 220 55
115 221 68
115 222 68
115 223 68
116 66 65
116 67 66
116 68 66
116 69 66
116 70 54
116 71 54
116 72 54
116 73 54
116 74 54
116 75 49
116 76 49
116 77 49
116 78 49
116 79 49
116 80 49
116 81 47
116 82 58
116 83 58
116 84 58
116 85 58
116 86 58
116 87 58
116 88 58
116 89 58
116 90 59
116 91 59
116 92 59
116 93 58
116 94 74
116 95 58
116 96 58
116 97 58
116 98 52
116 99 76
116 100 80
116 101 80
116 102 76
116 103 66
116 104 66
116 105 67
116 106 62
116 107 61
116 108 57
116 109 56
116 110 56
116 111 56
116 112 68
116 113 86
116 114 77
116 115 72
116 116 69
116 117 50
116 118 50
116 119 50
116 120 50
116 121 50
116 122 49
116 123 97
116 161 31
116 162 50
116 163 61
116 164 67
116 165 79
116 166 94
116 167 72
116 168 72
116 169 72
116 170 56
116 171 80
116 172 79
116 173 70
116 174 70
116 175 83
116 176 83
116 177 83
116 178 83
116 179 71
116 180 90
116 181 84
116 182 84
116 183 92
116 184 82
116 185 82
116 186 83
116 187 83
116 188 58
116 189 74
116 190 59
116 191 59
116 192 59
116 193 81
116 194 77
116 195 65
116 196 48
116 197 48
116 198 48
116 199 48
116 200 48
116 201 48
116 202 48
116 203 48
116 204 48
116 205 48
116 206 48
116 207 48
116 208 48
116 209 48
116 210 48
116 211 48
116 212 48
116 213 48
116 214 47
116 215 55
116 216 55
116 217 55
116 218 55
116 219 55
116 220 55
116 221 55
116 222 68
116 223 68
117 65 65
117 66 66
117 67 66
117 68 66
117 69 66
117 70 54
117 71 54
117 72 54
117 73 54
117 74 49
117 75 49
117 76 49
117 77 49
117 78 49
117 79 56
117 80 50
117 81 50
117 82 58
117 83 58
117 84 58
117 85 58
117 86 74
117 87 74
117 88 74
117 89 59
117 90 59
117 91 58
117 92 74
117 93 74
117 94 58
117 95 58
117 96 58
117 97 58
117 98 82
117 99 81
117 100 80
117 101 76
117 102 76
117 103 66
117 104 66
117 105 67
117 106 62
117 107 61
117 108 57
117 109 56
117 110 56
117 111 68
117 112 63
117 113 98
117 114 73
117 115 73
117 116 69
117 117 53
117 118 49
117 119 50
117 120 50
117 121 80
117 122 44
117 123 67
117 161 32
117 162 32
117 163 61
117 164 61
117 165 79
117 166 94
117 167 73
117 168 72
117 169 72
117 170 72
117 171 80
117 172 79
117 173 86
117 174 71
117 175 83
117 176 83
117 177 83
117 178 83
117 179 83
117 180 90
117 181 71
117 182 84
117 183 84
117 184 94
117 185 83
117 186 83
117 187 83
117 188 58
117 189 74
117 190 74
117 191 59
117 192 59
117 193 59
117 194 59
117 195 52
117 196 67
117 197 50
117 198 50
117 199 50
117 200 50
117 201 48
117 202 48
117 203 48
117 204 48
117 205 48
117 206 48
117 207 48
117 208 48
117 209 48
117 210 48
117 211 48
117 212 48
117 213 47
117 214 49
117 215 49
117 216 56
117 217 56
117 218 56
117 219 56
117 220 55
117 221 55
117 222 55
117 223 68
117 224 68
118 65 65
118 66 66
118 67 66
118 68 66
118 69 54
118 70 54
118 71 54
118 72 54
118 73 49
118 74 49
118 75 49
118 76 49
118 77 56
118 78 56
118 79 50
118 80 58
118 81 58
118 82 58
118 83 58
118 84 58
118 85 74
118 86 74
118 87 74
118 88 74
118 89 59
118 90 75
118 91 75
118 92 74
118 93 58
118 94 58
118 95 74
118 96 74
118 97 82
118 98 82
118 99 80
118 100 81
118 101 76
118 102 67
118 103 66
118 104 71
118 105 66
118 106 62
118 107 62
118 108 57
118 109 56
118 110 68
118 111 68
118 112 86
118 113 89
118 114 73
118 115 69
118 116 69
118 117 53
118 118 49
118 119 49
118 120 50
118 121 80
118 122 49
118 123 67
118 161 31
118 162 32
118 163 60
118 164 61
118 165 78
118 166 72
118 167 73
118 168 72
118 169 72
118 170 72
118 171 67
118 172 79
118 173 86
118 174 74
118 175 71
118 176 83
118 177 83
118 178 83
118 179 83
118 180 88
118 181 90
118 182 84
118 183 84
118 184 94
118 185 94
118 186 83
118 187 83
118 188 83
118 189 59
118 190 74
118 191 74
118 192 59
118 193 59
118 194 59
118 195 59
118 196 52
118 197 67
118 198 50
118 199 50
118 200 50
118 201 50
118 202 50
118 203 50
118 204 49
118 205 48
118 206 48
118 207 48
118 208 48
118 209 48
118 210 48
118 211 48
118 212 47
118 213 47
118 214 49
118 215 49
118 216 49
118 217 56
118 218 56
118 219 56
118 220 56
118 221 55
118 222 55
118 223 68
118 224 68
118 225 68
119 65 65
119 66 65
119 67 66
119 68 66
119 69 54
119 70 54
119 71 54
119 72 54
119 73 49
119 74 49
119 75 49
119 76 57
119 77 73
119 78 58
119 79 58
119 80 58
119 81 58
119 82 58
119 83 74
119 84 74
119 85 74
119 86 74
119 87 74
119 88 74
119 89 75
119 90 75
119 91 75
119 92 75
119 93 74
119 94 74
119 95 74
119 96 74
119 97 82
119 98 82
119 99 80
119 100 80
119 101 76
119 102 71
119 103 71
119 104 71
119 105 66
119 106 62
119 107 62
119 108 71
119 109 68
119 110 68
119 111 68
119 112 98
119 113 85
119 114 72
119 115 69
119 116 64
119 117 53
119 118 51
119 119 50
119 120 50
119 121 80
119 122 49
119 123 67
119 161 31
119 162 51
119 163 60
119 164 61
119 165 79
119 166 72
119 167 72
119 168 72
119 169 72
119 170 72
119 171 80
119 172 80
119 173 79
119 174 86
119 175 71
119 176 83
119 177 83
119 178 83
119 179 83
119 180 83
119 181 90
119 182 71
119 183 85
119 184 95
119 185 94
119 186 83
119 187 83
119 188 83
119 189 59
119 190 75
119 191 74
119 192 74
119 193 59
119 194 59
119 195 59
119 196 59
119 197 52
119 198 58
119 199 52
119 200 50
119 201 50
119 202 49
119 203 49
119 204 49
119 205 49
119 206 58
119 207 58
119 208 64
119 209 48
119 210 48
119 211 48
119 212 50
119 213 50
119 214 50
119 215 50
119 216 50
119 217 50
119 218 56
119 219 56
119 220 56
119 221 55
119 222 55
119 223 68
119 224 68
119 225 68
120 65 65
120 66 65
120 67 65
120 68 66
120 69 70
120 70 54
120 71 54
120 72 54
120 73 49
120 74 75
120 75 73
120 76 73
120 77 58
120 78 58
120 79 58
120 80 58
120 81 74
120 82 74
120 83 74
120 84 74
120 85 74
120 86 74
120 87 74
120 88 74
120 89 75
120 90 75
120 91 75
120 92 74
120 93 74
120 94 74
120 95 74
120 96 74
120 97 82
120 98 82
120 99 80
120 100 76
120 101 80
120 102 71
120 103 71
120 104 66
120 105 66
120 106 62
120 107 71
120 108 72
120 109 68
120 110 68
120 111 90
120 112 98
120 113 85
120 114 72
120 115 69
120 116 64
120 117 51
120 118 51
120 119 50
120 120 50
120 121 79
120 122 49
120 123 50
120 161 31
120 162 50
120 163 65
120 164 61
120 165 79
120 166 72
120 167 72
120 168 72
120 169 72
120 170 72
120 171 80
120 172 91
120 173 79
120 174 84
120 175 84
120 176 83
120 177 83
120 178 83
120 179 83
120 180 83
120 181 100
120 182 91
120 183 85
120 184 95
120 185 94
120 186 94
120 187 83
120 188 83
120 189 59
120 190 75
120 191 75
120 192 75
120 193 74
120 194 59
120 195 59
120 196 59
120 197 59
120 198 74
120 199 74
120 200 58
120 201 58
120 202 58
120 203 51
120 204 51
120 205 51
120 206 51
120 207 57
120 208 57
120 209 57
120 210 57
120 211 57
120 212 57
120 213 49
120 214 50
120 215 50
120 216 50
120 217 50
120 218 50
120 219 56
120 220 55
120 221 55
120 222 55
120 223 68
120 224 68
120 225 68
121 66 65
121 67 65
121 68 65
121 69 70
121 70 70
121 71 70
121 72 56
121 73 73
121 74 73
121 75 73
121 76 73
121 77 58
121 78 58
121 79 74
121 80 74
121 81 74
121 82 74
121 83 74
121 84 72
121 85 73
121 86 74
121 87 74
121 88 75
121 89 75
121 90 75
121 91 72
121 92 74
121 93 74
121 94 74
121 95 74
121 96 82
121 97 82
121 98 82
121 99 80
121 100 80
121 101 71
121 102 71
121 103 71
121 104 66
121 105 66
121 106 68
121 107 72
121 108 72
121 109 68
121 110 68
121 111 86
121 112 98
121 113 85
121 114 69
121 115 69
121 116 64
121 117 51
121 118 50
121 119 50
121 120 50
121 121 67
121 122 49
121 123 50
121 161 31
121 162 31
121 163 53
121 164 60
121 165 79
121 166 72
121 167 72
121 168 72
121 169 72
121 170 72
121 171 79
121 172 79
121 173 92
121 174 84
121 175 84
121 176 82
121 177 83
121 178 83
121 179 83
121 180 83
121 181 88
121 182 91
121 183 72
121 184 85
121 185 95
121 186 94
121 187 94
121 188 83
121 189 59
121 190 59
121 191 75
121 192 75
121 193 75
121 194 75
121 195 59
121 196 59
121 197 59
121 198 59
121 199 75
121 200 75
121 201 74
121 202 74
121 203 74
121 204 74
121 205 74
121 206 75
121 207 75
121 208 73
121 209 74
121 210 73
121 211 73
121 212 74
121 213 58
121 214 58
121 215 50
121 216 50
121 217 50
121 218 50
121 219 50
121 220 55
121 221 55
121 222 55
121 223 68
121 224 68
121 225 68
122 68 65
122 69 65
122 71 70
122 72 73
122 73 73
122 74 73
122 75 73
122 76 58
122 77 74
122 78 74
122 79 75
122 80 75
122 81 75
122 82 73
122 83 73
122 84 73
122 85 74
122 86 74
122 87 75
122 88 75
122 89 72
122 90 72
122 91 74
122 92 74
122 93 74
122 94 74
122 95 74
122 96 82
122 97 82
122 98 82
122 99 91
122 100 80
122 101 71
122 102 71
122 103 71
122 104 66
122 105 66
122 106 68
122 107 72
122 108 68
122 109 68
122 110 68
122 111 98
122 112 98
122 113 72
122 114 69
122 115 69
122 116 69
122 117 50
122 118 50
122 119 50
122 120 50
122 121 67
122 122 49
122 123 50
122 161 31
122 162 51
122 163 53
122 164 60
122 165 79
122 166 94
122 167 73
122 168 72
122 169 73
122 170 72
122 171 79
122 172 79
122 173 81
122 174 88
122 175 84
122 176 84
122 177 83
122 178 83
122 179 83
122 180 83
122 181 83
122 182 100
122 183 72
122 184 85
122 185 95
122 186 94
122 187 94
122 188 94
122 189 59
122 190 59
122 191 75
122 192 75
122 193 75
122 194 75
122 195 75
122 196 75
122 197 59
122 198 59
122 199 59
122 200 75
122 201 75
122 202 75
122 203 75
122 204 74
122 205 74
122 206 75
122 207 75
122 208 75
122 209 73
122 210 73
122 211 73
122 212 73
122 213 74
122 214 74
122 215 74
122 216 58
122 217 50
122 218 50
122 219 50
122 220 55
122 221 72
122 222 71
122 223 68
122 224 68
122 225 68
123 72 71
123 73 72
123 74 72
123 75 72
123 76 74
123 77 75
123 78 75
123 79 75
123 80 75
123 81 73
123 82 73
123 83 73
123 84 74
123 85 74
123 86 75
123 87 72
123 88 72
123 89 72
123 90 72
123 91 74
123 92 74
123 93 74
123 94 74
123 95 74
123 96 58
123 97 82
123 98 93
123 99 80
123 100 71
123 101 71
123 102 71
123 103 67
123 104 70
123 105 82
123 106 68
123 107 68
123 108 68
123 109 68
123 110 107
123 111 98
123 112 88
123 113 69
123 114 69
123 115 82
123 116 59
123 117 50
123 118 50
123 119 50
123 120 50
123 121 67
123 122 49
123 123 50
123 161 31
123 162 51
123 163 50
123 164 60
123 165 78
123 166 94
123 167 73
123 168 72
123 169 72
123 170 72
123 171 79
123 172 63
123 173 81
123 174 88
123 175 88
123 176 84
123 177 83
123 178 83
123 179 83
123 180 83
123 181 83
123 182 100
123 183 84
123 184 84
123 185 95
123 186 93
123 187 94
123 188 93
123 189 74
123 190 59
123 191 59
123 192 75
123 193 75
123 194 75
123 195 75
123 196 75
123 197 75
123 198 75
123 199 74
123 200 74
123 201 73
123 202 73
123 203 73
123 204 73
123 205 73
123 206 73
123 207 75
123 208 75
123 209 75
123 210 73
123 211 73
123 212 73
123 213 73
123 214 74
123 215 74
123 216 74
123 217 74
123 218 58
123 219 58
123 220 72
123 221 72
123 222 71
123 223 68
123 224 68
124 73 72
124 74 72
124 75 72
124 76 74
124 77 75
124 78 75
124 79 75
124 80 73
124 81 73
124 82 73
124 83 74
124 84 74
124 85 72
124 86 72
124 87 72
124 88 72
124 89 72
124 90 74
124 91 74
124 92 74
124 93 74
124 94 74
124 95 74
124 96 58
124 97 93
124 98 93
124 99 80
124 100 71
124 101 71
124 102 83
124 103 70
124 104 82
124 105 68
124 106 68
124 107 68
124 108 63
124 109 91
124 110 107
124 111 98
124 112 88
124 113 69
124 114 68
124 115 82
124 116 59
124 117 50
124 118 50
124 119 49
124 120 49
124 121 67
124 122 49
124 123 50
124 161 31
124 162 51
124 163 51
124 164 60
124 165 78
124 166 95
124 167 73
124 168 72
124 169 72
124 170 72
124 171 63
124 172 68
124 173 81
124 174 88
124 175 88
124 176 88
124 177 88
124 178 84
124 179 83
124 180 83
124 181 83
124 182 100
124 183 84
124 184 84
124 185 94
124 186 93
124 187 93
124 188 93
124 189 74
124 190 74
124 191 74
124 192 59
124 193 75
124 194 75
124 195 75
124 196 75
124 197 75
124 198 75
124 199 75
124 200 74
124 201 73
124 202 73
124 203 73
124 204 73
124 205 73
124 206 73
124 207 73
124 208 73
124 209 75
124 210 75
124 211 73
124 212 73
124 213 73
124 214 73
124 215 74
124 216 74
124 217 74
124 218 74
124 219 74
124 220 71
124 221 71
124 222 68
124 223 68
125 74 72
125 75 72
125 76 74
125 77 75
125 78 75
125 79 73
125 80 73
125 81 73
125 82 73
125 83 75
125 84 72
125 85 72
125 86 72
125 87 72
125 88 73
125 89 73
125 90 74
125 91 74
125 92 74
125 93 74
125 94 74
125 95 71
125 96 73
125 97 92
125 98 91
125 99 71
125 100 71
125 101 83
125 102 70
125 103 70
125 104 82
125 105 68
125 106 68
125 107 77
125 108 77
125 109 77
125 110 98
125 111 98
125 112 87
125 113 69
125 114 82
125 115 81
125 116 82
125 117 50
125 118 50
125 119 49
125 120 49
125 121 67
125 122 49
125 123 50
125 161 31
125 162 50
125 163 50
125 164 60
125 165 78
125 166 83
125 167 52
125 168 52
125 169 52
125 170 52
125 171 64
125 172 68
125 173 68
125 174 88
125 175 88
125 176 88
125 177 88
125 178 89
125 179 84
125 180 84
125 181 83
125 182 100
125 183 84
125 184 84
125 185 95
125 186 95
125 187 93
125 188 93
125 189 93
125 190 74
125 191 74
125 192 74
125 193 74
125 194 72
125 195 72
125 196 75
125 197 75
125 198 75
125 199 75
125 200 74
125 201 74
125 202 73
125 203 73
125 204 73
125 205 73
125 206 73
125 207 73
125 208 73
125 209 73
125 210 75
125 211 73
125 212 73
125 213 73
125 214 73
125 215 73
125 216 73
125 217 74
125 218 74
125 219 74
125 220 70
126 77 73
126 78 73
126 79 73
126 80 73
126 81 73
126 82 75
126 83 72
126 84 72
126 85 72
126 86 73
126 87 73
126 88 73
126 89 74
126 90 74
126 91 74
126 92 74
126 93 74
126 94 71
126 95 73
126 96 92
126 97 92
126 98 91
126 99 71
126 100 83
126 101 83
126 102 70
126 103 70
126 104 82
126 105 68
126 106 80
126 107 77
126 108 77
126 109 77
126 110 98
126 111 98
126 112 73
126 113 82
126 114 82
126 115 81
126 116 82
126 117 50
126 118 50
126 119 48
126 120 48
126 121 49
126 122 49
126 123 31
126 161 31
126 162 50
126 163 50
126 164 60
126 165 64
126 166 82
126 167 53
126 168 54
126 169 54
126 170 52
126 171 64
126 172 68
126 173 68
126 174 88
126 175 88
126 176 88
126 177 88
126 178 97
126 179 98
126 180 84
126 181 83
126 182 101
126 183 84
126 184 84
126 185 84
126 186 95
126 187 93
126 188 93
126 189 93
126 190 74
126 191 74
126 192 74
126 193 74
126 194 74
126 195 72
126 196 72
126 197 72
126 198 72
126 199 75
126 200 75
126 201 74
126 202 74
126 203 73
126 204 73
126 205 73
126 206 73
126 207 73
126 208 73
126 209 73
126 210 73
126 211 75
126 212 73
126 213 73
126 214 73
126 215 73
126 216 73
126 217 73
126 218 72
127 78 73
127 79 73
127 80 73
127 81 74
127 82 72
127 83 72
127 84 73
127 85 73
127 86 73
127 87 73
127 88 74
127 89 74
127 90 75
127 91 74
127 92 74
127 93 71
127 94 71
127 95 73
127 96 92
127 97 92
127 98 91
127 99 83
127 100 83
127 101 70
127 102 70
127 103 82
127 104 82
127 105 84
127 106 77
127 107 77
127 108 77
127 109 77
127 110 98
127 111 98
127 112 85
127 113 82
127 114 81
127 115 82
127 116 82
127 117 50
127 118 50
127 119 50
127 120 50
127 121 49
127 122 49
127 123 31
127 161 50
127 162 50
127 163 50
127 164 64
127 165 64
127 166 82
127 167 55
127 168 54
127 169 54
127 170 54
127 171 73
127 172 78
127 173 69
127 174 76
127 175 88
127 176 88
127 177 88
127 178 97
127 179 99
127 180 98
127 181 84
127 182 100
127 183 84
127 184 85
127 185 84
127 186 95
127 187 92
127 188 92
127 189 93
127 190 74
127 191 74
127 192 74
127 193 74
127 194 74
127 195 73
127 196 73
127 197 72
127 198 72
127 199 72
127 200 72
127 201 75
127 202 75
127 203 73
127 204 73
127 205 73
127 206 74
127 207 74
127 208 73
127 209 73
127 210 73
127 211 73
127 213 73
127 214 73
127 215 73
127 216 73
127 217 72
128 81 72
128 82 73
128 83 73
128 84 73
128 85 73
128 86 73
128 87 73
128 88 74
128 89 74
128 90 75
128 91 74
128 92 71
128 93 71
128 94 73
128 95 92
128 96 92
128 97 92
128 98 91
128 99 90
128 100 83
128 101 83
128 102 70
128 103 70
128 104 83
128 105 79
128 106 77
128 107 77
128 108 77
128 109 77
128 110 77
128 111 97
128 112 82
128 113 82
128 114 82
128 115 82
128 116 82
128 117 51
128 118 50
128 119 50
128 120 50
128 121 63
128 122 49
128 123 50
128 161 50
128 162 50
128 163 50
128 164 63
128 165 64
128 166 52
128 167 54
128 168 54
128 169 54
128 170 54
128 171 51
128 172 78
128 173 78
128 174 77
128 175 88
128 176 88
128 177 88
128 178 98
128 179 99
128 180 99
128 181 97
128 182 100
128 183 84
128 184 85
128 185 85
128 186 95
128 187 95
128 188 92
128 189 92
128 190 93
128 191 74
128 192 74
128 193 74
128 194 74
128 195 74
128 196 73
128 197 73
128 198 73
128 199 72
128 200 72
128 201 73
128 202 75
128 203 75
128 204 73
128 205 73
128 206 74
128 207 74
128 208 74
128 209 73
128 210 73
128 211 73
129 81 72
129 82 73
129 83 73
129 84 73
129 85 73
129 86 73
129 87 74
129 88 74
129 89 75
129 90 75
129 91 71
129 92 71
129 93 73
129 94 73
129 95 93
129 96 93
129 97 92
129 98 92
129 99 91
129 100 83
129 101 83
129 102 70
129 103 91
129 104 83
129 105 79
129 106 77
129 107 77
129 108 77
129 109 77
129 110 77
129 111 99
129 112 88
129 113 82
129 114 82
129 115 82
129 116 82
129 117 83
129 118 51
129 119 51
129 120 50
129 121 52
129 122 50
129 123 50
129 161 50
129 162 50
129 163 62
129 164 63
129 165 63
129 166 52
129 167 54
129 168 59
129 169 60
129 170 54
129 171 54
129 172 89
129 173 78
129 174 89
129 175 88
129 176 88
129 177 98
129 178 98
129 179 99
129 180 99
129 181 99
129 182 109
129 183 84
129 184 85
129 185 85
129 186 95
129 187 95
129 188 92
129 189 92
129 190 92
129 191 71
129 192 74
129 193 74
129 194 74
129 195 74
129 196 73
129 197 73
129 198 73
129 199 73
129 200 73
129 201 73
129 202 73
129 203 75
129 204 75
129 205 73
129 206 73
129 207 74
129 208 74
129 209 73
129 210 73
129 211 73
130 81 73
130 82 73
130 83 73
130 84 73
130 85 73
130 86 74
130 87 74
130 88 74
130 89 75
130 90 75
130 91 71
130 92 72
130 93 73
130 94 93
130 95 93
130 96 93
130 97 92
130 98 92
130 99 91
130 100 83
130 101 92
130 102 91
130 103 94
130 104 94
130 105 83
130 106 76
130 107 77
130 108 77
130 109 77
130 110 77
130 111 99
130 112 88
130 113 81
130 114 82
130 115 82
130 116 82
130 117 83
130 118 51
130 119 51
130 120 50
130 121 58
130 122 50
130 123 50
130 124 30
130 161 50
130 162 50
130 163 63
130 164 64
130 165 69
130 166 52
130 167 59
130 168 59
130 169 60
130 170 59
130 171 77
130 172 89
130 173 99
130 174 99
130 175 99
130 176 88
130 177 98
130 178 98
130 179 99
130 180 99
130 181 103
130 182 114
130 183 92
130 184 85
130 185 85
130 186 95
130 187 95
130 188 92
130 189 92
130 190 92
130 191 71
130 192 71
130 193 71
130 194 71
130 195 74
130 196 73
130 197 73
130 198 73
130 199 73
130 200 73
130 201 73
130 202 73
130 203 73
130 204 75
130 205 73
130 206 73
130 207 73
130 208 74
130 209 73
130 210 73
131 81 73
131 82 73
131 83 73
131 84 73
131 85 74
131 86 74
131 87 74
131 88 75
131 89 75
131 90 71
131 91 72
131 92 73
131 93 73
131 94 93
131 95 93
131 96 92
131 97 92
131 98 91
131 99 91
131 100 94
131 101 91
131 102 94
131 103 94
131 104 94
131 105 83
131 106 76
131 107 77
131 108 77
131 109 77
131 110 77
131 111 77
131 112 88
131 113 82
131 114 82
131 115 82
131 116 82
131 117 83
131 118 83
131 119 51
131 120 51
131 121 67
131 122 50
131 123 50
131 124 50
131 160 31
131 161 50
131 162 50
131 163 63
131 164 75
131 165 82
131 166 65
131 167 59
131 168 59
131 169 59
131 170 59
131 171 92
131 172 89
131 173 99
131 174 100
131 175 99
131 176 99
131 177 98
131 178 98
131 179 99
131 180 99
131 181 112
131 182 95
131 183 95
131 184 92
131 185 95
131 186 95
131 187 95
131 188 95
131 189 92
131 190 92
131 191 92
131 192 71
131 193 71
131 194 71
131 195 71
131 196 74
131 197 73
131 198 73
131 199 73
131 200 73
131 201 73
131 202 73
131 203 73
131 204 73
131 205 75
131 206 73
131 207 73
131 208 73
131 209 73
131 210 73
132 82 73
132 83 73
132 84 74
132 85 75
132 86 75
132 87 75
132 88 75
132 89 75
132 90 72
132 91 72
132 92 73
132 93 93
132 94 93
132 95 92
132 96 92
132 97 91
132 98 91
132 99 70
132 100 94
132 101 94
132 102 94
132 103 94
132 104 94
132 105 94
132 106 79
132 107 76
132 108 77
132 109 77
132 110 77
132 111 77
132 112 98
132 113 88
132 114 82
132 115 82
132 116 82
132 117 83
132 118 83
132 119 83
132 120 51
132 121 51
132 122 49
132 123 52
132 124 52
132 160 50
132 161 50
132 162 50
132 163 63
132 164 72
132 165 85
132 166 65
132 167 59
132 168 59
132 169 59
132 170 59
132 171 92
132 172 86
132 173 98
132 174 100
132 175 100
132 176 99
132 177 100
132 178 98
132 179 99
132 180 103
132 181 112
132 182 95
132 183 95
132 184 95
132 185 68
132 186 95
132 187 95
132 188 94
132 189 92
132 190 92
132 191 92
132 192 71
132 193 71
132 194 71
132 195 71
132 196 71
132 197 71
132 198 73
132 199 73
132 200 73
132 201 73
132 202 73
132 203 73
132 204 73
132 205 73
132 206 73
132 208 73
133 82 73
133 83 73
133 84 74
133 85 75
133 86 75
133 87 75
133 88 75
133 89 72
133 90 72
133 91 73
133 92 73
133 93 93
133 94 93
133 95 92
133 96 91
133 97 91
133 98 91
133 99 70
133 100 93
133 101 93
133 102 93
133 103 93
133 104 94
133 105 94
133 106 83
133 107 76
133 108 77
133 109 77
133 110 77
133 111 77
133 112 77
133 113 88
133 114 88
133 115 82
133 116 82
133 117 84
133 118 84
133 119 83
133 120 83
133 121 51
133 122 51
133 123 58
133 124 51
133 160 31
133 161 50
133 162 50
133 163 63
133 164 72
133 165 85
133 166 65
133 167 59
133 168 59
133 169 59
133 170 98
133 171 91
133 172 100
133 173 99
133 174 100
133 175 99
133 176 100
133 177 100
133 178 99
133 179 99
133 180 103
133 181 96
133 182 95
133 183 95
133 184 94
133 185 68
133 186 67
133 187 94
133 188 94
133 189 92
133 190 92
133 191 92
133 192 71
133 193 71
133 194 71
133 195 71
133 196 71
133 197 71
133 198 72
133 199 73
133 200 73
133 201 73
133 202 73
133 203 73
133 204 73
133 205 73
133 206 73
134 84 73
134 85 74
134 86 75
134 87 72
134 88 72
134 89 72
134 90 73
134 91 73
134 92 74
134 93 93
134 94 92
134 95 92
134 96 92
134 97 91
134 98 70
134 99 94
134 100 93
134 101 93
134 102 93
134 103 93
134 104 93
134 105 94
134 106 94
134 107 79
134 108 81
134 109 77
134 110 77
134 111 77
134 112 77
134 113 88
134 114 87
134 115 82
134 116 82
134 117 83
134 118 84
134 119 84
134 120 83
134 121 51
134 122 58
134 123 58
134 124 37
134 125 23
134 161 50
134 162 50
134 163 63
134 164 64
134 165 85
134 166 65
134 167 59
134 168 59
134 169 59
134 170 99
134 171 91
134 172 100
134 173 99
134 174 99
134 175 99
134 176 100
134 177 99
134 178 99
134 179 105
134 180 111
134 181 96
134 182 95
134 183 95
134 184 94
134 185 94
134 186 68
134 187 67
134 188 67
134 189 92
134 190 92
134 191 92
134 192 92
134 193 71
134 194 71
134 195 71
134 196 71
134 197 71
134 198 71
134 199 72
134 200 73
134 201 73
134 202 73
134 203 73
134 204 73
134 205 73
134 206 73
135 85 71
135 86 71
135 87 72
135 88 72
135 89 72
135 90 73
135 91 73
135 92 74
135 93 93
135 94 92
135 95 92
135 96 92
135 97 92
135 98 70
135 99 94
135 100 93
135 101 93
135 102 93
135 103 93
135 104 93
135 105 94
135 106 94
135 107 93
135 108 85
135 109 77
135 110 77
135 111 77
135 112 77
135 113 77
135 114 87
135 115 82
135 116 82
135 117 83
135 118 84
135 119 83
135 120 83
135 121 86
135 122 58
135 123 58
135 124 37
135 125 23
135 161 50
135 162 50
135 163 58
135 164 64
135 165 85
135 166 69
135 167 59
135 168 59
135 169 98
135 170 99
135 171 107
135 172 100
135 173 99
135 174 99
135 175 99
135 176 99
135 177 99
135 178 99
135 179 105
135 180 96
135 181 96
135 182 94
135 183 94
135 184 94
135 185 94
135 186 68
135 187 68
135 188 67
135 189 67
135 190 62
135 191 92
135 192 92
135 193 92
135 194 71
135 195 71
135 196 71
135 197 71
135 198 71
135 199 71
135 200 72
135 201 73
135 202 73
135 203 73
135 204 73
135 205 73
136 86 71
136 87 71
136 88 72
136 89 72
136 90 72
136 91 73
136 92 93
136 93 93
136 94 92
136 95 92
136 96 92
136 97 71
136 98 95
136 99 95
136 100 93
136 101 93
136 102 93
136 103 93
136 104 93
136 105 93
136 106 94
136 107 70
136 108 95
136 109 85
136 110 77
136 111 77
136 112 77
136 113 77
136 114 88
136 115 82
136 116 82
136 117 83
136 118 83
136 119 83
136 120 83
136 121 86
136 122 58
136 123 68
136 124 37
136 161 49
136 162 50
136 163 58
136 164 63
136 165 85
136 166 60
136 167 59
136 168 83
136 169 99
136 170 99
136 171 109
136 172 100
136 173 101
136 174 99
136 175 99
136 176 99
136 177 99
136 178 103
136 179 114
136 180 96
136 181 95
136 182 95
136 183 94
136 184 94
136 185 94
136 186 68
136 187 68
136 188 67
136 189 67
136 190 62
136 191 62
136 192 92
136 193 92
136 194 71
136 195 71
136 196 71
136 197 71
136 198 71
136 199 71
136 201 72
136 202 72
136 203 73
136 204 73
137 90 72
137 91 72
137 92 93
137 93 92
137 94 92
137 95 92
137 96 92
137 97 71
137 98 95
137 99 94
137 100 93
137 101 93
137 102 93
137 103 93
137 104 93
137 105 93
137 106 93
137 107 70
137 108 95
137 109 85
137 110 77
137 111 77
137 112 77
137 113 77
137 114 88
137 115 82
137 116 82
137 117 83
137 118 83
137 119 83
137 120 83
137 121 86
137 122 72
137 123 68
137 124 37
137 161 49
137 162 50
137 163 58
137 164 85
137 165 81
137 166 59
137 167 60
137 168 83
137 169 99
137 170 115
137 171 109
137 172 100
137 173 101
137 174 99
137 175 99
137 176 99
137 177 99
137 178 102
137 179 96
137 180 96
137 181 95
137 182 95
137 183 94
137 184 94
137 185 94
137 186 68
137 187 68
137 188 68
137 189 67
137 190 62
137 191 62
137 192 92
137 193 92
137 194 92
137 195 71
137 196 71
137 197 71
137 198 71
137 199 71
138 91 70
138 92 70
138 93 92
138 94 92
138 95 92
138 96 93
138 97 96
138 98 96
138 99 94
138 100 93
138 101 93
138 102 93
138 103 93
138 104 93
138 105 93
138 106 68
138 107 70
138 108 95
138 109 95
138 110 81
138 111 77
138 112 77
138 113 77
138 114 88
138 115 82
138 116 83
138 117 83
138 118 83
138 119 83
138 120 83
138 121 84
138 122 72
138 123 58
138 124 37
138 162 50
138 163 53
138 164 85
138 165 83
138 166 59
138 167 83
138 168 83
138 169 115
138 170 115
138 171 107
138 172 100
138 173 100
138 174 99
138 175 99
138 176 99
138 177 104
138 178 104
138 179 96
138 180 96
138 181 96
138 182 95
138 183 94
138 184 94
138 185 94
138 186 94
138 187 68
138 188 68
138 189 67
138 190 62
138 191 62
138 192 91
138 193 92
138 194 92
138 195 71
138 196 71
138 197 71
138 198 71
138 199 71
139 91 70
139 92 70
139 93 70
139 94 92
139 95 92
139 96 72
139 97 96
139 98 96
139 99 94
139 100 94
139 101 94
139 102 93
139 103 93
139 104 93
139 105 70
139 106 68
139 107 95
139 108 95
139 109 95
139 110 97
139 111 77
139 112 77
139 113 77
139 114 88
139 115 82
139 116 83
139 117 83
139 118 83
139 119 83
139 120 87
139 121 84
139 122 72
139 123 58
139 124 37
139 162 50
139 163 53
139 164 85
139 165 82
139 166 68
139 167 83
139 168 101
139 169 115
139 170 114
139 171 99
139 172 99
139 173 100
139 174 76
139 175 99
139 176 99
139 177 104
139 178 112
139 179 95
139 180 96
139 181 96
139 182 95
139 183 95
139 184 95
139 185 95
139 186 95
139 187 68
139 188 68
139 189 68
139 190 67
139 191 62
139 192 62
139 193 92
139 194 71
139 195 71
139 196 71
139 197 71
139 198 71
140 91 70
140 92 70
140 93 70
140 94 70
140 95 71
140 96 71
140 97 95
140 98 68
140 99 94
140 100 94
140 101 94
140 102 94
140 103 93
140 104 93
140 105 68
140 106 68
140 107 95
140 108 95
140 109 95
140 110 91
140 111 77
140 112 77
140 113 77
140 114 88
140 115 81
140 116 51
140 117 83
140 118 83
140 119 83
140 120 99
140 121 83
140 122 58
140 123 58
140 124 37
140 162 50
140 163 62
140 164 85
140 165 80
140 166 80
140 167 101
140 168 115
140 169 115
140 170 114
140 171 101
140 172 99
140 173 100
140 174 76
140 175 99
140 176 99
140 177 104
140 178 95
140 179 70
140 180 96
140 181 96
140 182 96
140 183 94
140 184 95
140 185 95
140 186 95
140 187 68
140 188 68
140 189 68
140 190 68
140 191 62
140 192 62
140 194 70
140 195 71
140 196 71
140 197 71
141 91 70
141 92 70
141 93 70
141 94 70
141 95 70
141 97 68
141 98 68
141 99 94
141 100 94
141 101 94
141 102 94
141 103 94
141 104 68
141 105 70
141 106 68
141 107 94
141 108 95
141 109 95
141 110 91
141 111 77
141 112 77
141 113 77
141 114 97
141 115 51
141 116 51
141 117 82
141 118 83
141 119 83
141 120 100
141 121 83
141 122 58
141 123 58
141 124 37
141 161 50
141 162 50
141 163 71
141 164 63
141 165 49
141 166 81
141 167 101
141 168 115
141 169 114
141 170 114
141 171 101
141 172 100
141 173 100
141 174 76
141 175 76
141 176 104
141 177 104
141 178 95
141 179 70
141 180 95
141 181 96
141 182 96
141 183 96
141 184 94
141 185 94
141 186 95
141 187 94
141 188 68
141 189 68
141 190 68
141 195 70
141 196 70
142 92 70
142 93 70
142 97 68
142 98 68
142 99 94
142 100 94
142 101 94
142 102 94
142 103 94
142 104 68
142 105 70
142 106 68
142 107 95
142 108 95
142 109 95
142 110 97
142 111 77
142 112 77
142 113 77
142 114 97
142 115 51
142 116 51
142 117 51
142 118 83
142 119 100
142 120 100
142 121 83
142 122 58
142 123 58
142 124 37
142 161 50
142 162 49
142 163 63
142 164 71
142 165 50
142 166 76
142 167 101
142 168 115
142 169 114
142 170 114
142 171 101
142 172 101
142 173 100
142 174 76
142 175 76
142 176 104
142 177 104
142 178 95
142 179 70
142 180 95
142 181 96
142 182 96
142 183 96
142 184 69
142 185 94
142 186 94
142 187 94
142 188 68
142 189 68
142 190 68
143 97 68
143 98 68
143 99 68
143 100 94
143 101 94
143 102 94
143 103 94
143 104 68
143 105 70
143 106 68
143 107 95
143 108 95
143 109 95
143 110 97
143 111 77
143 112 76
143 113 76
143 114 74
143 115 62
143 116 51
143 117 51
143 118 81
143 119 105
143 120 99
143 121 85
143 122 58
143 123 58
143 124 23
143 161 50
143 162 52
143 163 63
143 164 80
143 165 81
143 166 77
143 167 110
143 168 115
143 169 114
143 170 109
143 171 101
143 172 80
143 173 101
143 174 76
143 175 76
143 176 104
143 177 104
143 178 96
143 179 95
143 180 96
143 181 96
143 182 96
143 183 96
143 184 69
143 185 94
143 186 94
143 187 94
143 188 68
143 189 68
143 190 68
144 97 68
144 98 68
144 99 68
144 100 68
144 101 94
144 102 94
144 103 68
144 104 68
144 105 70
144 106 68
144 107 95
144 108 95
144 109 95
144 110 95
144 111 77
144 112 77
144 113 76
144 114 74
144 115 62
144 116 51
144 117 51
144 118 50
144 119 88
144 120 98
144 121 84
144 122 58
144 123 45
144 124 36
144 161 50
144 162 52
144 163 63
144 164 80
144 165 81
144 166 77
144 167 114
144 168 116
144 169 114
144 170 109
144 171 101
144 172 80
144 173 101
144 174 76
144 175 84
144 176 84
144 177 112
144 178 96
144 179 71
144 180 96
144 181 96
144 182 96
144 183 96
144 184 69
144 185 69
144 186 94
144 187 68
144 188 68
144 189 68
144 190 68
144 191 68
145 97 68
145 98 68
145 99 68
145 100 68
145 101 68
145 102 68
145 103 68
145 105 68
145 106 68
145 107 95
145 108 95
145 109 95
145 110 95
145 111 77
145 112 77
145 113 76
145 114 36
145 115 62
145 116 62
145 117 51
145 118 51
145 119 88
145 120 98
145 121 84
145 122 58
145 123 37
145 124 22
145 125 23
145 161 50
145 162 50
145 163 63
145 164 78
145 165 81
145 166 78
145 167 116
145 168 116
145 169 114
145 170 101
145 171 80
145 172 80
145 173 76
145 174 76
145 175 84
145 176 84
145 177 113
145 178 96
145 179 71
145 180 96
145 181 96
145 182 96
145 183 69
145 184 69
145 185 69
145 186 94
145 187 68
145 188 68
145 189 68
145 190 68
145 191 68
146 98 68
146 99 68
146 100 68
146 101 68
146 102 68
146 106 68
146 107 95
146 108 95
146 109 95
146 110 95
146 111 94
146 112 77
146 113 76
146 114 36
146 115 75
146 116 62
146 117 51
146 118 51
146 119 63
146 120 98
146 121 84
146 122 58
146 123 37
146 124 22
146 161 49
146 162 50
146 163 62
146 164 63
146 165 63
146 166 78
146 167 116
146 168 116
146 169 116
146 170 101
146 171 80
146 172 101
146 173 76
146 174 76
146 175 84
146 176 84
146 177 96
146 178 95
146 179 71
146 180 96
146 181 96
146 182 96
146 183 69
146 184 69
146 185 69
146 187 68
146 188 69
146 189 69
146 190 69
146 191 68
147 99 68
147 100 68
147 101 68
147 106 68
147 107 68
147 108 95
147 109 95
147 110 95
147 111 70
147 112 94
147 113 36
147 114 36
147 115 74
147 116 75
147 117 62
147 118 51
147 119 68
147 120 98
147 121 83
147 122 68
147 123 37
147 161 49
147 162 50
147 163 63
147 164 63
147 165 51
147 166 82
147 167 116
147 168 116
147 169 116
147 170 103
147 171 80
147 172 77
147 173 76
147 174 84
147 175 84
147 176 94
147 177 96
147 178 71
147 179 71
147 180 71
147 181 96
147 182 96
147 183 69
147 184 69
147 187 69
147 188 69
147 189 69
147 190 69
147 191 68
148 107 68
148 108 68
148 109 95
148 110 70
148 111 70
148 113 67
148 114 36
148 115 36
148 116 74
148 117 75
148 118 76
148 119 76
148 120 98
148 121 83
148 122 52
148 123 37
148 161 49
148 162 50
148 163 63
148 164 63
148 165 50
148 166 96
148 167 97
148 168 116
148 169 116
148 170 116
148 171 40
148 172 76
148 173 76
148 174 84
148 175 84
148 176 68
148 178 71
148 179 71
148 180 71
148 181 71
148 182 96
148 187 68
148 188 69
148 189 69
148 190 68
149 114 67
149 115 46
149 116 36
149 117 36
149 118 36
149 119 37
149 120 75
149 121 83
149 122 52
149 123 36
149 161 49
149 162 63
149 163 63
149 164 63
149 165 66
149 166 95
149 167 97
149 168 97
149 169 116
149 170 72
149 171 38
149 172 76
149 173 76
149 174 84
149 175 95
149 176 68
149 178 71
149 179 71
149 180 71
149 181 71
149 188 68
149 189 68
150 115 67
150 116 46
150 117 36
150 118 54
150 119 37
150 120 37
150 121 82
150 122 52
150 123 22
150 161 50
150 162 63
150 163 63
150 164 74
150 165 76
150 166 93
150 167 94
150 168 96
150 169 72
150 172 40
150 173 56
150 174 94
150 179 71
150 180 71
151 116 67
151 117 36
151 118 37
151 119 37
151 120 74
151 121 57
151 122 44
151 123 22
151 161 50
151 162 63
151 163 63
151 164 68
151 165 76
151 166 68
151 173 71
151 174 69
152 117 50
152 118 37
152 119 37
152 120 74
152 121 57
152 122 36
152 123 36
152 161 49
152 162 63
152 163 58
152 164 58
152 165 75
153 117 67
153 118 36
153 119 37
153 120 57
153 121 57
153 122 36
153 123 36
153 161 49
153 162 67
153 163 57
153 164 58
153 165 37
154 118 36
154 119 36
154 120 57
154 121 58
154 122 36
154 123 36
154 161 49
154 162 58
154 163 57
154 164 58
154 165 37
155 118 37
155 119 36
155 120 57
155 121 37
155 122 36
155 161 56
155 162 44
155 163 67
155 164 58
155 165 37
156 118 36
156 119 36
156 120 57
156 121 37
156 122 36
156 161 56
156 162 37
156 163 83
156 164 58
156 165 37
157 117 50
157 118 36
157 119 75
157 120 94
157 121 37
157 122 36
157 161 75
157 162 37
157 163 83
157 164 58
157 165 37
157 166 34
158 117 33
158 118 36
158 119 75
158 120 94
158 121 36
158 122 36
158 161 75
158 162 37
158 163 58
158 164 58
158 165 37
158 166 34
159 117 33
159 118 36
159 119 75
159 120 67
159 121 36
159 122 36
159 161 75
159 162 37
159 163 58
159 164 58
159 165 37
159 166 34
160 117 37
160 118 36
160 119 74
160 120 57
160 121 36
160 122 36
160 161 54
160 162 37
160 163 58
160 164 58
160 165 37
160 166 34
161 117 37
161 118 36
161 119 36
161 120 57
161 121 36
161 122 37
161 161 54
161 162 37
161 163 68
161 164 58
161 165 37
162 117 59
162 118 36
162 119 36
162 120 57
162 121 36
162 122 37
162 161 37
162 162 44
162 163 58
162 164 58
162 165 53
163 118 36
163 119 36
163 120 70
163 121 36
163 122 37
163 161 37
163 162 44
163 163 58
163 164 58
163 165 34
164 118 36
164 119 74
164 120 57
164 121 36
164 122 37
164 142 31
164 161 37
164 162 45
164 163 58
164 164 58
164 165 75
165 118 36
165 119 57
165 120 37
165 121 37
165 141 31
165 142 31
165 143 31
165 161 37
165 162 37
165 163 58
165 164 57
165 165 75
166 118 36
166 119 57
166 120 37
166 121 36
166 141 31
166 142 31
166 143 31
166 161 37
166 162 37
166 163 58
166 164 58
166 165 88
167 118 36
167 119 57
167 120 36
167 121 36
167 141 31
167 142 31
167 143 31
167 161 37
167 162 37
167 163 83
167 164 58
167 165 76
168 117 70
168 118 37
168 119 57
168 120 36
168 121 36
168 141 31
168 142 50
168 143 50
168 161 37
168 162 37
168 163 83
168 164 58
168 165 76
169 117 70
169 118 37
169 119 57
169 120 57
169 121 36
169 141 51
169 142 51
169 143 50
169 144 31
169 161 37
169 162 37
169 163 83
169 164 68
169 165 75
170 117 70
170 118 36
170 119 57
170 120 57
170 121 36
170 140 31
170 141 51
170 142 50
170 143 50
170 144 50
170 161 37
170 162 45
170 163 58
170 164 63
170 165 37
171 118 37
171 119 75
171 120 57
171 121 36
171 140 31
171 141 51
171 142 51
171 143 50
171 144 52
171 145 23
171 161 37
171 162 58
171 163 58
171 164 75
171 165 34
172 118 37
172 119 36
172 120 57
172 121 36
172 140 50
172 141 51
172 142 64
172 143 80
172 144 63
172 145 23
172 146 23
172 161 37
172 162 68
172 163 58
172 164 37
173 118 37
173 119 36
173 120 71
173 121 36
173 140 51
173 141 50
173 142 50
173 143 52
173 144 58
173 145 45
173 146 23
173 161 37
173 162 58
173 163 67
173 164 37
174 118 70
174 119 36
174 120 58
174 121 36
174 139 31
174 140 58
174 141 50
174 142 62
174 143 68
174 144 58
174 145 84
174 146 23
174 161 37
174 162 58
174 163 80
174 164 34
175 118 68
175 119 36
175 120 57
175 121 16
175 138 23
175 139 97
175 140 46
175 141 124
175 142 87
175 143 58
175 144 58
175 145 84
175 146 37
175 160 23
175 161 58
175 162 58
175 163 75
175 164 34
176 119 36
176 120 57
176 121 16
176 138 75
176 139 37
176 140 59
176 141 99
176 142 68
176 143 97
176 144 58
176 145 84
176 146 38
176 160 23
176 161 58
176 162 58
176 163 75
177 119 36
177 120 57
177 121 36
177 137 23
177 138 37
177 139 59
177 140 95
177 141 37
177 143 37
177 144 58
177 145 58
177 146 37
177 160 75
177 161 58
177 162 68
177 163 37
178 119 79
178 120 57
178 121 36
178 137 76
178 138 90
178 139 64
178 140 77
178 143 37
178 144 58
178 145 59
178 146 37
178 147 38
178 160 54
178 161 58
178 162 58
178 163 37
179 119 93
179 120 68
179 121 36
179 136 37
179 137 45
179 138 58
179 139 101
179 140 37
179 144 97
179 145 59
179 146 37
179 147 38
179 159 50
179 160 45
179 161 58
179 162 58
179 163 37
180 119 67
180 120 76
180 121 36
180 136 76
180 137 68
180 138 59
180 139 77
180 140 34
180 144 37
180 145 59
180 146 38
180 147 38
180 159 75
180 160 84
180 161 58
180 162 58
180 163 52
181 119 69
181 120 68
181 121 36
181 136 37
181 137 58
181 138 69
181 139 37
181 144 37
181 145 58
181 146 45
181 147 38
181 159 37
181 160 58
181 161 68
181 162 63
182 119 69
182 120 67
182 121 54
182 136 58
182 137 84
182 138 78
182 139 37
182 144 38
182 145 58
182 146 46
182 147 38
182 159 45
182 160 58
182 161 58
182 162 63
183 119 67
183 120 95
183 121 75
183 136 68
183 137 84
183 138 77
183 139 37
183 144 38
183 145 59
183 146 60
183 147 38
183 159 53
183 160 58
183 161 67
183 162 77
184 119 67
184 120 94
184 121 37
184 135 28
184 136 92
184 137 84
184 138 37
184 144 38
184 145 74
184 146 73
184 147 38
184 159 58
184 160 58
184 161 57
184 162 77
185 119 67
185 120 71
185 121 36
185 135 28
185 136 83
185 137 73
185 138 37
185 144 38
185 145 78
185 146 70
185 147 38
185 159 58
185 160 58
185 161 67
185 162 77
186 120 78
186 121 51
186 135 28
186 136 58
186 137 64
186 138 37
186 144 38
186 145 78
186 146 70
186 147 38
186 158 34
186 159 58
186 160 58
186 161 67
186 162 68
187 120 49
187 121 67
187 135 28
187 136 68
187 137 77
187 144 53
187 145 70
187 146 59
187 147 38
187 148 17
187 158 33
187 159 58
187 160 58
187 161 84
187 162 68
188 120 49
188 121 82
188 135 37
188 136 69
188 137 99
188 145 59
188 146 38
188 147 38
188 148 17
188 158 45
188 159 68
188 160 59
188 161 84
188 162 68
189 120 55
189 121 67
189 135 38
189 136 80
189 137 81
189 145 59
189 146 38
189 147 38
189 148 17
189 158 57
189 159 69
189 160 59
189 161 85
189 162 69
190 120 69
190 121 62
190 134 24
190 135 38
190 136 91
190 137 37
190 145 59
190 146 70
190 147 38
190 158 68
190 159 84
190 160 59
190 161 84
190 162 58
191 120 69
191 121 62
191 134 56
191 135 38
191 136 59
191 137 38
191 145 78
191 146 60
191 147 39
191 157 44
191 158 69
191 159 84
191 160 69
191 161 58
191 162 84
192 119 67
192 120 69
192 121 79
192 133 24
192 134 38
192 135 73
192 136 82
192 137 52
192 145 51
192 146 60
192 147 57
192 157 44
192 158 84
192 159 84
192 160 68
192 161 58
192 162 76
193 119 67
193 120 69
193 121 90
193 133 24
193 134 38
193 135 85
193 136 78
193 145 70
193 146 60
193 147 54
193 157 44
193 158 67
193 159 84
193 160 68
193 161 58
193 162 68
194 120 70
194 121 81
194 133 24
194 134 37
194 135 59
194 136 52
194 145 70
194 146 59
194 147 74
194 157 44
194 158 68
194 159 83
194 160 58
194 161 58
195 120 70
195 121 83
195 133 24
195 134 63
195 135 84
195 136 52
195 145 70
195 146 60
195 147 74
195 157 23
195 158 58
195 159 68
195 160 58
195 161 58
196 120 55
196 121 36
196 134 38
196 135 90
196 145 70
196 146 82
196 147 38
196 158 37
196 159 68
196 160 57
196 161 58
196 162 68
197 120 79
197 121 37
197 134 38
197 135 64
197 145 61
197 146 78
197 147 38
197 158 37
197 159 76
197 160 58
197 161 58
197 162 71
198 120 57
198 121 37
198 135 59
198 145 52
198 146 78
198 147 24
198 158 23
198 159 71
198 160 58
198 161 58
198 162 71
199 119 68
199 120 58
199 121 37
199 135 64
199 136 70
199 146 86
199 147 23
199 159 58
199 160 58
199 161 58
199 162 69
200 119 68
200 120 58
200 121 37
200 135 46
200 136 70
200 146 86
200 159 44
200 160 57
200 161 58
200 162 71
201 119 68
201 120 37
201 121 33
201 135 53
201 136 82
201 145 70
201 146 60
201 147 41
201 159 37
201 160 68
201 161 59
201 162 71
202 120 72
202 121 33
202 135 51
202 136 100
202 145 70
202 146 94
202 147 41
202 158 17
202 159 37
202 160 68
202 161 58
202 162 71
203 120 93
203 121 53
203 136 89
203 145 52
203 146 106
203 147 41
203 158 17
203 159 37
203 160 59
203 161 69
203 162 71
204 120 93
204 121 61
204 135 24
204 136 103
204 145 85
204 146 102
204 158 17
204 159 45
204 160 84
204 161 59
204 162 71
205 120 122
205 121 57
205 135 59
205 136 85
205 145 77
205 146 92
205 159 45
205 160 84
205 161 64
205 162 69
206 120 120
206 121 36
206 135 59
206 136 93
206 145 89
206 146 55
206 159 37
206 160 83
206 161 59
206 162 69
207 120 99
207 121 17
207 135 24
207 136 82
207 145 90
207 159 39
207 160 64
207 161 59
208 120 101
208 136 59
208 145 87
208 159 28
208 160 64
208 161 59
209 120 68
209 136 92
209 145 87
209 146 29
209 159 42
209 160 73
209 161 59
210 119 95
210 120 34
210 136 67
210 145 87
210 146 67
210 159 38
210 160 85
210 161 82
211 119 83
211 136 62
211 145 97
211 146 80
211 158 32
211 159 59
211 160 59
211 161 77
212 119 38
212 136 64
212 145 71
212 146 99
212 158 31
212 159 72
212 160 59
213 119 38
213 136 60
213 145 87
213 146 105
213 158 62
213 159 85
213 160 69
214 119 58
214 136 48
214 145 104
214 146 83
214 158 62
214 159 85
214 160 99
215 119 80
215 136 48
215 145 94
215 146 87
215 158 32
215 159 91
215 160 96
216 119 113
216 120 31
216 136 74
216 145 103
216 146 54
216 159 85
216 160 70
217 119 78
217 120 39
217 136 73
217 145 109
217 159 85
218 119 78
218 120 41
218 136 74
218 145 89
218 159 95
219 119 97
219 136 84
219 145 61
219 158 24
219 159 78
220 119 103
220 136 111
220 145 65
220 158 53
220 159 102
221 119 96
221 135 55
221 136 99
221 145 108
221 158 52
221 159 120
222 119 120
222 120 67
222 134 65
222 135 84
222 145 90
222 146 32
222 157 32
222 158 36
222 159 116
223 119 70
223 120 119
223 121 63
223 133 32
223 134 61
223 135 98
223 146 82
223 157 34
223 158 65
223 159 98
224 120 70
224 121 107
224 122 60
224 123 40
224 133 78
224 134 99
224 146 91
224 157 39
224 158 94
224 159 71
225 122 107
225 123 55
225 124 40
225 132 76
225 133 122
225 146 106
225 157 55
225 158 87
226 123 116
226 124 39
226 131 32
226 132 135
226 133 71
226 146 70
226 147 68
226 157 81
227 123 99
227 124 48
227 131 97
227 132 71
227 147 123
227 156 69
227 157 97
228 123 96
228 124 47
228 130 81
228 131 123
228 147 127
228 148 59
228 155 59
228 156 102
228 157 70
229 122 71
229 123 96
229 124 48
229 129 32
229 130 118
229 131 69
229 147 96
229 148 75
229 149 41
229 150 32
229 151 32
229 153 38
229 154 69
229 155 89
229 156 144
230 122 71
230 123 95
230 124 88
230 125 39
230 129 52
230 130 101
230 148 75
230 149 41
230 150 41
230 151 41
230 152 58
230 153 76
230 154 93
230 155 136
230 156 96
231 121 69
231 122 69
231 123 112
231 124 82
231 125 40
231 129 46
231 130 111
231 148 66
231 149 41
231 150 41
231 151 41
231 152 71
231 153 87
231 154 134
231 155 144
231 156 70
232 120 68
232 121 69
232 122 95
232 123 131
232 124 86
232 125 52
232 129 36
232 130 114
232 147 69
232 148 65
232 149 41
232 150 41
232 151 41
232 152 60
232 153 98
232 154 137
232 155 126
232 156 69
233 120 68
233 121 112
233 122 135
233 123 103
233 124 74
233 125 46
233 129 36
233 130 97
233 147 69
233 148 93
233 149 41
233 150 41
233 151 41
233 152 41
233 153 94
233 154 136
233 155 127
233 156 69
234 120 68
234 121 112
234 122 147
234 123 77
234 124 68
234 125 46
234 126 46
234 129 31
234 130 128
234 148 98
234 149 50
234 150 41
234 151 41
234 152 41
234 153 59
234 154 125
234 155 126
234 156 68
235 121 143
235 122 104
235 123 68
235 124 46
235 125 46
235 126 46
235 127 46
235 128 31
235 129 78
235 148 71
235 149 94
235 150 40
235 151 41
235 152 41
235 153 56
235 154 102
235 155 125
235 156 68
236 121 134
236 122 76
236 123 46
236 124 46
236 125 46
236 126 46
236 127 53
236 128 74
236 129 94
236 149 110
236 150 78
236 151 41
236 152 41
236 153 46
236 154 81
236 155 128
236 156 68
237 121 68
237 122 99
237 123 46
237 124 45
237 125 45
237 126 52
237 127 89
237 128 111
237 149 68
237 150 110
237 151 44
237 152 40
237 153 47
237 154 69
237 155 129
238 122 126
238 123 77
238 124 52
238 125 58
238 126 123
238 127 68
238 150 68
238 151 110
238 152 46
238 153 46
238 154 82
238 155 123
239 124 93
239 151 68
239 152 123
239 153 113
239 154 130
