36 151 44
36 152 44
36 153 46
36 154 46
36 155 46
36 156 46
37 140 43
37 141 43
37 142 43
37 143 43
37 144 43
37 150 44
37 151 46
37 152 46
37 153 46
37 154 46
37 155 46
37 156 47
37 157 46
37 158 46
38 139 43
38 140 43
38 141 43
38 142 43
38 143 43
38 144 43
38 145 43
38 149 44
38 150 46
38 151 46
38 152 46
38 153 46
38 154 46
38 155 47
38 156 47
38 157 47
38 158 46
38 159 46
39 138 43
39 139 43
39 140 43
39 141 43
39 142 43
39 143 43
39 144 43
39 145 43
39 146 43
39 148 44
39 149 44
39 150 46
39 151 46
39 152 46
39 153 46
39 154 46
39 155 47
39 156 47
39 157 47
39 158 47
39 159 46
39 160 46
40 127 57
40 128 60
40 129 65
40 130 60
40 131 48
40 132 60
40 133 60
40 134 58
40 135 58
40 136 58
40 137 71
40 138 71
40 139 89
40 140 89
40 141 89
40 142 89
40 143 89
40 144 72
40 145 89
40 146 90
40 147 73
40 148 73
40 149 73
40 150 63
40 151 73
40 152 46
40 153 46
40 154 47
40 155 47
40 156 47
40 157 47
40 158 47
40 159 46
40 160 46
41 123 58
41 124 60
41 125 48
41 126 43
41 127 43
41 128 43
41 129 43
41 130 43
41 131 43
41 132 62
41 133 73
41 134 73
41 135 63
41 136 80
41 137 73
41 138 64
41 139 88
41 140 89
41 141 89
41 142 89
41 143 88
41 144 80
41 145 80
41 146 82
41 147 81
41 148 102
41 149 60
41 150 60
41 151 79
41 152 82
41 153 82
41 154 74
41 155 47
41 156 47
41 157 47
41 158 47
41 159 47
41 160 46
41 161 46
42 122 58
42 123 60
42 124 43
42 125 43
42 126 43
42 127 43
42 128 43
42 129 43
42 130 43
42 131 43
42 132 43
42 133 59
42 134 57
42 135 57
42 136 56
42 137 56
42 138 65
42 139 65
42 140 76
42 141 76
42 142 97
42 143 85
42 144 79
42 145 70
42 146 89
42 147 73
42 148 60
42 149 81
42 150 82
42 151 64
42 152 67
42 153 70
42 154 70
42 155 64
42 156 73
42 157 47
42 158 47
42 159 47
42 160 46
42 161 46
43 122 60
43 123 48
43 124 43
43 125 43
43 126 43
43 127 43
43 128 43
43 129 43
43 130 43
43 131 43
43 132 43
43 133 44
43 134 56
43 135 57
43 136 52
43 137 52
43 138 56
43 139 59
43 140 69
43 141 72
43 142 72
43 143 75
43 144 81
43 145 80
43 146 83
43 147 69
43 148 59
43 149 50
43 150 60
43 151 64
43 152 71
43 153 64
43 154 70
43 155 70
43 156 64
43 157 47
43 158 47
43 159 47
43 160 46
43 161 46
44 121 58
44 122 48
44 123 43
44 124 43
44 125 43
44 126 43
44 127 43
44 128 43
44 129 43
44 130 43
44 131 43
44 132 43
44 133 44
44 134 51
44 135 56
44 136 52
44 137 46
44 138 56
44 139 59
44 140 64
44 141 74
44 142 70
44 143 65
44 144 70
44 145 78
44 146 74
44 147 52
44 148 59
44 149 50
44 150 60
44 151 60
44 152 64
44 153 71
44 154 69
44 155 70
44 156 64
44 157 74
44 158 47
44 159 47
44 160 46
44 161 46
45 120 58
45 121 60
45 122 48
45 123 43
45 124 43
45 125 43
45 126 43
45 127 43
45 128 43
45 129 43
45 130 43
45 131 43
45 132 43
45 133 44
45 134 51
45 135 46
45 136 46
45 137 46
45 138 46
45 139 75
45 140 76
45 141 58
45 142 65
45 143 67
45 144 78
45 145 60
45 146 60
45 147 52
45 148 59
45 149 60
45 150 60
45 151 60
45 152 64
45 153 65
45 154 68
45 155 80
45 156 61
45 157 74
45 158 39
45 159 50
45 160 50
45 161 49
46 119 58
46 120 58
46 121 60
46 122 48
46 123 43
46 124 43
46 125 43
46 126 43
46 127 43
46 128 43
46 129 43
46 130 43
46 131 43
46 132 43
46 133 44
46 134 51
46 135 46
46 136 46
46 137 46
46 138 46
46 139 57
46 140 58
46 141 65
46 142 65
46 143 75
46 144 69
46 145 59
46 146 52
46 147 50
46 148 61
46 149 61
46 150 61
46 151 61
46 152 61
46 153 65
46 154 65
46 155 99
46 156 61
46 157 59
46 158 50
46 159 50
46 160 50
46 161 50
46 162 50
47 119 58
47 120 60
47 121 60
47 122 48
47 123 43
47 124 43
47 125 43
47 126 43
47 127 43
47 128 43
47 129 43
47 130 43
47 131 43
47 132 44
47 133 44
47 134 43
47 135 43
47 136 46
47 137 46
47 138 71
47 139 67
47 140 58
47 141 66
47 142 90
47 143 69
47 144 60
47 145 52
47 146 52
47 147 62
47 148 61
47 149 61
47 150 61
47 151 61
47 152 61
47 153 64
47 154 82
47 155 94
47 156 54
47 157 66
47 158 50
47 159 50
47 160 50
47 161 50
47 162 50
47 163 50
48 119 58
48 120 60
48 121 48
48 122 43
48 123 43
48 124 43
48 125 43
48 126 43
48 127 43
48 128 43
48 129 43
48 130 43
48 131 43
48 132 44
48 133 44
48 134 44
48 135 43
48 136 44
48 137 44
48 138 52
48 139 52
48 140 52
48 141 63
48 142 77
48 143 51
48 144 50
48 145 52
48 146 51
48 147 72
48 148 61
48 149 61
48 150 61
48 151 61
48 152 61
48 153 66
48 154 82
48 155 92
48 156 63
48 157 67
48 158 51
48 159 51
48 160 51
48 161 51
48 162 50
48 163 50
48 164 50
49 119 58
49 120 60
49 121 43
49 122 43
49 123 43
49 124 43
49 125 43
49 126 43
49 127 43
49 128 43
49 129 43
49 130 43
49 131 43
49 132 44
49 133 44
49 134 44
49 135 44
49 136 44
49 137 44
49 138 52
49 139 52
49 140 52
49 141 87
49 142 38
49 143 51
49 144 51
49 145 43
49 146 51
49 147 62
49 148 61
49 149 61
49 150 61
49 151 62
49 152 62
49 153 83
49 154 65
49 155 92
49 156 63
49 157 67
49 158 51
49 159 51
49 160 51
49 161 51
49 162 51
49 163 50
49 164 50
49 165 50
50 119 60
50 120 60
50 121 43
50 122 43
50 123 43
50 124 43
50 125 43
50 126 44
50 127 44
50 128 43
50 129 43
50 130 43
50 131 44
50 132 44
50 133 44
50 134 44
50 135 44
50 136 44
50 137 60
50 138 52
50 139 52
50 140 53
50 141 68
50 142 32
50 143 51
50 144 51
50 145 43
50 146 64
50 147 73
50 148 62
50 149 62
50 150 61
50 151 62
50 152 62
50 153 83
50 154 59
50 155 77
50 156 63
50 157 67
50 158 51
50 159 51
50 160 51
50 161 51
50 162 52
50 163 52
50 164 51
50 165 50
50 166 50
51 119 60
51 120 43
51 121 43
51 122 43
51 123 43
51 124 43
51 125 44
51 126 44
51 127 44
51 128 43
51 129 43
51 130 43
51 131 44
51 132 44
51 133 44
51 134 44
51 135 44
51 136 44
51 137 57
51 138 51
51 139 52
51 140 52
51 141 32
51 142 33
51 143 51
51 144 43
51 145 43
51 146 72
51 147 72
51 148 73
51 149 62
51 150 62
51 151 62
51 152 62
51 153 65
51 154 59
51 155 59
51 156 83
51 157 67
51 158 52
51 159 52
51 160 52
51 161 52
51 162 52
51 163 52
51 164 52
51 165 51
51 166 50
52 118 58
52 119 60
52 120 43
52 121 43
52 122 43
52 123 43
52 124 43
52 125 44
52 126 44
52 127 44
52 128 43
52 129 44
52 130 43
52 131 43
52 132 44
52 133 44
52 134 44
52 135 44
52 136 49
52 137 60
52 138 53
52 139 51
52 140 74
52 141 33
52 142 33
52 143 42
52 144 43
52 145 58
52 146 72
52 147 72
52 148 72
52 149 73
52 150 62
52 151 62
52 152 62
52 153 65
52 154 67
52 155 59
52 156 63
52 157 67
52 158 76
52 159 52
52 160 52
52 161 52
52 162 52
52 163 52
52 164 52
52 165 52
52 166 51
53 118 60
53 119 60
53 120 43
53 121 43
53 122 43
53 123 43
53 124 43
53 125 44
53 126 44
53 127 44
53 128 44
53 129 44
53 130 44
53 131 43
53 132 44
53 133 44
53 134 44
53 135 44
53 136 64
53 137 55
53 138 55
53 139 51
53 140 82
53 141 25
53 142 9
53 143 33
53 144 33
53 145 51
53 146 58
53 147 72
53 148 72
53 149 73
53 150 62
53 151 62
53 152 63
53 153 77
53 154 67
53 155 59
53 156 63
53 157 73
53 158 76
53 159 52
53 160 52
53 161 52
53 162 52
53 163 52
53 164 52
53 165 52
53 166 52
54 118 60
54 119 60
54 120 43
54 121 43
54 122 43
54 123 43
54 124 44
54 125 44
54 126 44
54 127 44
54 128 44
54 129 44
54 130 44
54 131 44
54 132 44
54 133 44
54 134 44
54 135 44
54 136 58
54 137 53
54 138 51
54 139 51
54 140 68
54 141 8
54 142 8
54 143 26
54 144 33
54 145 51
54 146 51
54 147 72
54 148 72
54 149 72
54 150 62
54 151 62
54 152 63
54 153 84
54 154 67
54 155 67
54 156 63
54 157 73
54 158 77
54 159 52
54 160 52
54 161 52
54 162 52
54 163 52
54 164 52
54 165 52
54 166 52
55 118 60
55 119 60
55 120 43
55 121 43
55 122 43
55 123 43
55 124 43
55 125 44
55 126 44
55 127 44
55 128 44
55 129 44
55 130 44
55 131 44
55 132 44
55 133 44
55 134 44
55 135 44
55 136 61
55 137 53
55 138 51
55 139 51
55 140 57
55 141 8
55 142 8
55 143 32
55 144 33
55 145 44
55 146 51
55 147 60
55 148 72
55 149 73
55 150 62
55 151 63
55 152 63
55 153 67
55 154 67
55 155 66
55 156 70
55 157 72
55 158 77
55 159 52
55 160 52
55 161 52
55 162 52
55 163 52
55 164 52
55 165 52
55 166 52
55 167 49
56 118 58
56 119 60
56 120 43
56 121 43
56 122 43
56 123 43
56 124 43
56 125 44
56 126 44
56 127 44
56 128 44
56 129 44
56 130 44
56 131 44
56 132 44
56 133 44
56 134 44
56 135 44
56 136 71
56 137 52
56 138 52
56 139 51
56 140 57
56 141 8
56 142 26
56 143 33
56 144 33
56 145 44
56 146 52
56 147 60
56 148 60
56 149 74
56 150 63
56 151 63
56 152 63
56 153 67
56 154 67
56 155 70
56 156 70
56 157 72
56 158 52
56 159 52
56 160 52
56 161 52
56 162 52
56 163 53
56 164 53
56 165 53
56 166 53
56 167 53
57 119 60
57 120 48
57 121 43
57 122 43
57 123 43
57 124 43
57 125 43
57 126 44
57 127 44
57 128 44
57 129 44
57 130 44
57 131 44
57 132 44
57 133 44
57 134 44
57 135 44
57 136 44
57 137 52
57 138 51
57 139 51
57 140 57
57 141 35
57 142 26
57 143 33
57 144 33
57 145 44
57 146 51
57 147 52
57 148 60
57 149 67
57 150 74
57 151 63
57 152 64
57 153 67
57 154 67
57 155 70
57 156 73
57 157 85
57 158 52
57 159 53
57 160 53
57 161 53
57 162 53
57 163 53
57 164 53
57 165 53
57 166 53
57 167 53
57 168 50
58 119 60
58 120 48
58 121 43
58 122 43
58 123 43
58 124 43
58 125 43
58 126 44
58 127 44
58 128 44
58 129 43
58 130 43
58 131 44
58 132 44
58 133 44
58 134 43
58 135 44
58 136 44
58 137 68
58 138 51
58 139 51
58 140 57
58 141 53
58 142 33
58 143 33
58 144 44
58 145 44
58 146 52
58 147 52
58 148 52
58 149 67
58 150 74
58 151 74
58 152 64
58 153 74
58 154 67
58 155 70
58 156 73
58 157 76
58 158 52
58 159 53
58 160 53
58 161 53
58 162 53
58 163 53
58 164 53
58 165 53
58 166 53
58 167 53
58 168 53
59 119 58
59 120 48
59 121 43
59 122 43
59 123 43
59 124 43
59 125 43
59 126 43
59 127 44
59 128 44
59 129 43
59 130 43
59 131 44
59 132 44
59 133 44
59 134 43
59 135 44
59 136 44
59 137 71
59 138 51
59 139 51
59 140 57
59 141 57
59 142 33
59 143 33
59 144 44
59 145 45
59 146 52
59 147 51
59 148 51
59 149 60
59 150 67
59 151 74
59 152 76
59 153 74
59 154 67
59 155 70
59 156 87
59 157 50
59 158 50
59 159 53
59 160 53
59 161 53
59 162 53
59 163 53
59 164 53
59 165 53
59 166 53
59 167 53
59 168 53
59 169 53
60 120 60
60 121 48
60 122 43
60 123 43
60 124 43
60 125 43
60 126 43
60 127 44
60 128 44
60 129 43
60 130 43
60 131 43
60 132 44
60 133 44
60 134 44
60 135 44
60 136 44
60 137 44
60 138 52
60 139 52
60 140 57
60 141 57
60 142 33
60 143 33
60 144 45
60 145 45
60 146 52
60 147 52
60 148 51
60 149 52
60 150 67
60 151 74
60 152 82
60 153 68
60 154 71
60 155 74
60 156 77
60 157 50
60 158 50
60 159 53
60 160 53
60 161 53
60 162 53
60 163 53
60 164 44
60 165 44
60 166 44
60 167 44
60 168 54
60 169 54
60 170 52
61 120 58
61 121 48
61 122 48
61 123 43
61 124 43
61 125 43
61 126 43
61 127 43
61 128 43
61 129 43
61 130 43
61 131 43
61 132 44
61 133 44
61 134 44
61 135 44
61 136 44
61 137 44
61 138 57
61 139 51
61 140 57
61 141 48
61 142 26
61 143 33
61 144 45
61 145 45
61 146 52
61 147 51
61 148 52
61 149 52
61 150 74
61 151 75
61 152 68
61 153 68
61 154 71
61 155 106
61 156 53
61 157 50
61 158 50
61 159 53
61 160 53
61 161 53
61 162 53
61 163 44
61 164 44
61 165 44
61 166 44
61 167 44
61 168 44
61 169 44
61 170 53
61 171 53
62 121 60
62 122 48
62 123 43
62 124 43
62 125 43
62 126 43
62 127 43
62 128 44
62 129 44
62 130 43
62 131 43
62 132 44
62 133 44
62 134 44
62 135 44
62 136 44
62 137 44
62 138 57
62 139 51
62 140 65
62 141 26
62 142 26
62 143 26
62 144 41
62 145 42
62 146 41
62 147 45
62 148 52
62 149 51
62 150 75
62 151 87
62 152 68
62 153 68
62 154 91
62 155 53
62 156 51
62 157 51
62 158 51
62 159 53
62 160 53
62 161 53
62 162 44
62 163 44
62 164 44
62 165 44
62 166 44
62 167 44
62 168 44
62 169 44
62 170 54
62 171 53
62 172 53
63 121 58
63 122 48
63 123 48
63 124 43
63 125 43
63 126 43
63 127 44
63 128 44
63 129 44
63 130 43
63 131 44
63 132 44
63 133 44
63 134 45
63 135 44
63 136 46
63 137 75
63 138 52
63 139 58
63 140 4
63 141 6
63 142 26
63 143 27
63 144 42
63 145 42
63 146 42
63 147 45
63 148 45
63 149 49
63 150 75
63 151 82
63 152 79
63 153 74
63 154 94
63 155 53
63 156 51
63 157 51
63 158 51
63 159 51
63 160 53
63 161 54
63 162 44
63 163 44
63 164 44
63 165 44
63 166 44
63 167 44
63 168 44
63 169 44
63 170 44
63 171 53
63 172 54
63 173 54
64 122 60
64 123 48
64 124 43
64 125 43
64 126 44
64 127 44
64 128 44
64 129 44
64 130 45
64 131 45
64 132 44
64 133 46
64 134 46
64 135 46
64 136 73
64 137 52
64 138 53
64 139 28
64 140 7
64 141 6
64 142 7
64 143 7
64 144 27
64 145 42
64 146 42
64 147 28
64 148 35
64 149 59
64 150 66
64 151 90
64 152 77
64 153 95
64 154 94
64 155 53
64 156 51
64 157 51
64 158 51
64 159 54
64 160 54
64 161 54
64 162 44
64 163 44
64 164 44
64 165 44
64 166 44
64 167 44
64 168 44
64 169 44
64 170 56
64 171 57
64 172 54
64 173 54
64 174 54
65 122 60
65 123 48
65 124 44
65 125 44
65 126 44
65 127 45
65 128 45
65 129 45
65 130 46
65 131 45
65 132 46
65 133 46
65 134 46
65 135 74
65 136 53
65 137 53
65 138 29
65 139 5
65 140 5
65 141 5
65 142 6
65 143 6
65 144 6
65 145 7
65 146 7
65 147 28
65 148 28
65 149 44
65 150 69
65 151 82
65 152 72
65 153 92
65 154 65
65 155 54
65 156 51
65 157 51
65 158 51
65 159 54
65 160 54
65 161 54
65 162 44
65 163 44
65 164 44
65 165 44
65 166 44
65 167 44
65 168 44
65 169 44
65 170 57
65 171 57
65 172 54
65 173 54
65 174 54
65 175 54
66 122 48
66 123 43
66 124 44
66 125 45
66 126 45
66 127 46
66 128 46
66 129 46
66 130 46
66 131 46
66 132 46
66 133 46
66 134 92
66 135 63
66 136 70
66 137 5
66 138 4
66 139 5
66 140 5
66 141 5
66 142 5
66 143 6
66 144 6
66 145 6
66 146 6
66 147 6
66 148 6
66 149 35
66 150 36
66 151 48
66 152 80
66 153 64
66 154 92
66 155 75
66 156 58
66 157 54
66 158 54
66 159 54
66 160 54
66 161 44
66 162 44
66 163 44
66 164 44
66 165 44
66 166 45
66 167 45
66 168 45
66 169 44
66 170 57
66 171 57
66 172 54
66 173 54
66 174 54
66 175 54
66 176 54
67 121 61
67 122 49
67 123 45
67 124 46
67 125 46
67 126 46
67 127 46
67 128 46
67 129 46
67 130 46
67 131 46
67 132 46
67 133 76
67 134 58
67 135 39
67 136 4
67 137 4
67 138 4
67 139 5
67 140 5
67 141 5
67 142 5
67 143 7
67 144 6
67 145 6
67 146 6
67 147 6
67 148 6
67 149 35
67 150 36
67 151 36
67 152 56
67 153 61
67 154 76
67 155 62
67 156 80
67 157 82
67 158 58
67 159 54
67 160 44
67 161 45
67 162 45
67 163 45
67 164 45
67 165 45
67 166 41
67 167 41
67 168 41
67 169 46
67 170 57
67 171 57
67 172 57
67 173 54
67 174 54
67 175 54
67 176 54
68 121 50
68 122 45
68 123 46
68 124 46
68 125 46
68 126 54
68 127 46
68 128 46
68 129 46
68 130 47
68 131 93
68 132 71
68 137 4
68 139 5
68 140 4
68 141 4
68 143 7
68 144 6
68 145 6
68 146 6
68 147 6
68 148 6
68 149 35
68 150 37
68 151 37
68 152 37
68 153 54
68 154 62
68 155 55
68 156 71
68 157 64
68 158 60
68 159 60
68 160 45
68 161 45
68 162 45
68 163 45
68 164 41
68 165 41
68 166 41
68 167 41
68 168 41
68 169 46
68 170 46
68 171 57
68 172 57
68 173 54
68 174 54
68 175 54
68 176 54
68 177 54
69 120 63
69 121 51
69 122 46
69 123 74
69 124 63
69 125 54
69 126 45
69 127 46
69 128 75
69 129 48
69 143 7
69 144 6
69 145 6
69 146 6
69 147 6
69 148 6
69 149 36
69 150 37
69 151 37
69 152 37
69 153 37
69 154 48
69 155 83
69 156 60
69 157 60
69 158 57
69 159 65
69 160 55
69 161 56
69 162 41
69 163 41
69 164 41
69 165 41
69 166 41
69 167 41
69 168 41
69 169 47
69 170 47
69 171 46
69 172 57
69 173 54
69 174 54
69 175 54
69 176 55
69 177 54
70 120 64
70 121 73
70 122 74
70 123 45
70 124 74
70 125 46
70 126 69
70 127 40
70 143 7
70 144 6
70 145 6
70 146 6
70 147 6
70 148 6
70 149 23
70 150 36
70 151 37
70 152 37
70 153 37
70 154 34
70 155 34
70 156 67
70 157 100
70 158 59
70 159 57
70 160 57
70 161 58
70 162 56
70 163 71
70 164 41
70 165 41
70 166 41
70 167 41
70 168 41
70 169 47
70 170 47
70 171 47
70 172 58
70 173 54
70 174 54
70 175 54
70 176 55
70 177 55
71 120 86
71 121 45
71 122 46
71 123 53
71 124 34
71 125 64
71 144 5
71 145 6
71 146 6
71 147 6
71 148 6
71 149 6
71 150 37
71 151 37
71 152 37
71 153 37
71 154 34
71 155 35
71 156 35
71 157 35
71 158 41
71 159 70
71 160 85
71 161 56
71 162 58
71 163 56
71 164 60
71 165 72
71 166 42
71 167 42
71 168 41
71 169 47
71 170 47
71 171 47
71 172 47
71 173 58
71 174 54
71 175 54
71 176 55
71 177 55
72 119 86
72 120 45
72 121 74
72 122 54
72 123 34
72 124 64
72 145 5
72 146 6
72 147 6
72 148 6
72 149 6
72 150 38
72 151 38
72 152 38
72 153 37
72 154 34
72 155 35
72 156 35
72 157 35
72 158 35
72 159 35
72 160 47
72 161 61
72 162 100
72 163 80
72 164 56
72 165 56
72 166 60
72 167 71
72 168 42
72 169 47
72 170 47
72 171 47
72 172 47
72 173 47
72 174 57
72 175 54
72 176 54
72 177 54
73 118 64
73 119 54
73 120 45
73 121 54
73 122 53
73 123 75
73 124 29
73 147 5
73 148 6
73 149 6
73 150 23
73 151 38
73 152 39
73 153 38
73 154 35
73 155 35
73 156 35
73 157 35
73 158 35
73 159 35
73 160 35
73 161 40
73 162 39
73 163 55
73 164 79
73 165 56
73 166 56
73 167 61
73 168 71
73 169 47
73 170 47
73 171 47
73 172 47
73 173 47
73 174 58
73 175 54
73 176 54
73 177 54
74 118 77
74 119 45
74 120 74
74 121 54
74 122 34
74 123 46
74 148 5
74 149 5
74 150 5
74 151 39
74 152 39
74 153 39
74 154 35
74 155 36
74 156 36
74 157 35
74 158 35
74 159 36
74 160 36
74 161 35
74 162 39
74 163 39
74 164 52
74 165 75
74 166 56
74 167 56
74 168 60
74 169 42
74 170 47
74 171 47
74 172 47
74 173 47
74 174 47
74 175 58
74 176 54
74 177 54
75 117 87
75 118 46
75 119 46
75 120 63
75 121 43
75 122 69
75 123 46
75 149 4
75 150 4
75 151 24
75 152 39
75 153 39
75 154 36
75 155 36
75 156 36
75 157 36
75 158 35
75 159 36
75 160 36
75 161 35
75 162 39
75 163 39
75 164 39
75 165 56
75 166 73
75 167 56
75 168 60
75 169 72
75 170 42
75 171 47
75 172 47
75 173 47
75 174 47
75 175 59
75 176 59
75 177 54
76 116 87
76 117 46
76 118 46
76 119 46
76 120 67
76 121 34
76 122 70
76 150 4
76 151 4
76 152 40
76 153 39
76 154 36
76 155 36
76 156 36
76 157 36
76 158 36
76 159 36
76 160 36
76 161 36
76 162 39
76 163 39
76 164 39
76 165 40
76 166 56
76 167 57
76 168 56
76 169 60
76 170 72
76 171 42
76 172 47
76 173 47
76 174 47
76 175 59
76 176 59
76 177 59
77 115 63
77 116 46
77 117 46
77 118 46
77 119 74
77 120 63
77 121 34
77 122 54
77 152 40
77 153 40
77 154 37
77 155 37
77 156 37
77 157 37
77 158 36
77 159 36
77 160 36
77 161 36
77 162 36
77 163 40
77 164 40
77 165 39
77 166 40
77 167 79
77 168 57
77 169 56
77 170 72
77 171 42
77 172 42
77 173 47
77 174 47
77 175 59
77 176 59
77 177 59
77 178 58
78 114 63
78 115 59
78 116 46
78 117 46
78 118 46
78 119 70
78 120 41
78 121 34
78 122 33
78 152 41
78 153 40
78 154 40
78 155 38
78 156 38
78 157 37
78 158 36
78 159 37
78 160 37
78 161 36
78 162 36
78 163 40
78 164 40
78 165 40
78 166 41
78 167 41
78 168 77
78 169 57
78 170 61
78 171 72
78 172 42
78 173 42
78 174 48
78 175 47
78 176 59
78 177 59
78 178 59
78 179 58
79 114 63
79 115 46
79 116 46
79 117 46
79 118 46
79 119 63
79 120 34
79 121 34
79 152 41
79 153 40
79 154 40
79 155 39
79 156 38
79 157 38
79 158 37
79 159 37
79 160 37
79 161 37
79 162 36
79 163 40
79 164 40
79 165 40
79 166 41
79 167 41
79 168 57
79 169 57
79 170 56
79 171 72
79 172 42
79 173 42
79 174 42
79 175 48
79 176 59
79 177 59
79 178 59
79 179 59
80 114 58
80 115 46
80 116 46
80 117 46
80 118 105
80 119 41
80 120 34
80 121 71
80 152 28
80 153 43
80 154 42
80 155 39
80 156 39
80 157 39
80 158 37
80 159 37
80 160 37
80 161 37
80 162 37
80 163 40
80 164 40
80 165 40
80 166 40
80 167 41
80 168 41
80 169 54
80 170 56
80 171 61
80 172 72
80 173 42
80 174 42
80 175 48
80 176 59
80 177 59
80 178 59
80 179 59
81 114 58
81 115 58
81 116 46
81 117 46
81 118 81
81 119 34
81 120 34
81 121 54
81 153 43
81 154 43
81 155 39
81 156 39
81 157 39
81 158 38
81 159 38
81 160 38
81 161 37
81 162 37
81 163 40
81 164 41
81 165 40
81 166 39
81 167 41
81 168 41
81 169 66
81 170 56
81 171 56
81 172 72
81 173 42
81 174 43
81 175 42
81 176 48
81 177 59
81 178 59
81 179 59
81 180 58
82 113 63
82 114 46
82 115 46
82 116 46
82 117 47
82 118 63
82 119 34
82 120 34
82 121 46
82 153 43
82 154 44
82 155 40
82 156 39
82 157 39
82 158 38
82 159 38
82 160 38
82 161 38
82 162 37
82 163 38
82 164 40
82 165 40
82 166 39
82 167 41
82 168 41
82 169 46
82 170 65
82 171 56
82 172 61
82 173 43
82 174 43
82 175 43
82 176 48
82 177 48
82 178 59
82 179 59
82 180 58
83 113 63
83 114 57
83 115 46
83 116 46
83 117 46
83 118 59
83 119 34
83 120 34
83 121 46
83 153 28
83 154 44
83 155 40
83 156 40
83 157 40
83 158 39
83 159 39
83 160 38
83 161 38
83 162 39
83 163 38
83 164 40
83 165 40
83 166 39
83 167 39
83 168 41
83 169 41
83 170 80
83 171 56
83 172 56
83 173 72
83 174 43
83 175 43
83 176 48
83 177 48
83 178 59
83 179 59
83 180 58
84 113 51
84 114 46
84 115 46
84 116 46
84 117 59
84 118 39
84 119 35
84 120 90
84 154 44
84 155 43
84 156 43
84 157 40
84 158 39
84 159 39
84 160 39
84 161 39
84 162 40
84 163 39
84 164 40
84 165 39
84 166 39
84 167 39
84 168 41
84 169 41
84 170 102
84 171 56
84 172 56
84 173 73
84 174 43
84 175 43
84 176 48
84 177 48
84 178 48
84 179 59
84 180 59
85 113 51
85 114 46
85 115 46
85 116 46
85 117 59
85 118 39
85 119 35
85 120 64
85 154 43
85 155 43
85 156 43
85 157 43
85 158 39
85 159 39
85 160 39
85 161 41
85 162 40
85 163 39
85 164 39
85 165 39
85 166 39
85 167 39
85 168 39
85 169 42
85 170 61
85 171 57
85 172 57
85 173 68
85 174 43
85 175 43
85 176 48
85 177 48
85 178 62
85 179 62
85 180 59
86 113 46
86 114 45
86 115 46
86 116 46
86 117 55
86 118 34
86 119 35
86 120 46
86 155 43
86 156 44
86 157 43
86 158 40
86 159 40
86 160 40
86 161 41
86 162 41
86 163 40
86 164 39
86 165 39
86 166 39
86 167 39
86 168 39
86 169 41
86 170 52
86 171 57
86 172 57
86 173 57
86 174 43
86 175 43
86 176 43
86 177 48
86 178 62
86 179 62
86 180 59
87 113 46
87 114 46
87 115 46
87 116 92
87 117 55
87 118 34
87 119 35
87 155 44
87 156 44
87 157 44
87 158 40
87 159 40
87 160 40
87 161 41
87 162 40
87 163 40
87 164 39
87 165 39
87 166 39
87 167 39
87 168 39
87 169 39
87 170 50
87 171 79
87 172 57
87 173 57
87 174 71
87 175 43
87 176 43
87 177 62
87 178 62
87 179 62
87 180 59
87 181 59
88 113 62
88 114 46
88 115 46
88 116 83
88 117 54
88 118 35
88 119 69
88 155 45
88 156 46
88 157 45
88 158 41
88 159 40
88 160 41
88 161 40
88 162 40
88 163 40
88 164 39
88 165 39
88 166 39
88 167 39
88 168 39
88 169 39
88 170 44
88 171 83
88 172 57
88 173 72
88 174 71
88 175 50
88 176 50
88 177 50
88 178 62
88 179 62
88 180 59
88 181 59
89 113 74
89 114 46
89 115 46
89 116 71
89 117 54
89 118 35
89 119 69
89 155 46
89 156 46
89 157 46
89 158 41
89 159 41
89 160 40
89 161 40
89 162 40
89 163 40
89 164 39
89 165 39
89 166 39
89 167 39
89 168 39
89 169 39
89 170 41
89 171 82
89 172 61
89 173 76
89 174 75
89 175 75
89 176 50
89 177 50
89 178 50
89 179 62
89 180 59
90 113 67
90 114 47
90 115 46
90 116 63
90 117 54
90 118 42
90 119 69
90 155 46
90 156 46
90 157 46
90 158 41
90 159 41
90 160 39
90 161 40
90 162 40
90 163 40
90 164 39
90 165 39
90 166 39
90 167 39
90 168 39
90 169 40
90 170 42
90 171 62
90 172 61
90 173 69
90 174 75
90 175 75
90 176 50
90 177 50
90 178 50
90 179 62
90 180 59
91 112 63
91 113 64
91 114 47
91 115 46
91 116 59
91 117 54
91 118 42
91 119 81
91 155 45
91 156 45
91 157 47
91 158 45
91 159 41
91 160 40
91 161 40
91 162 40
91 163 40
91 164 39
91 165 39
91 166 39
91 167 40
91 168 40
91 169 40
91 170 42
91 171 58
91 172 56
91 173 74
91 174 93
91 175 75
91 176 50
91 177 50
91 178 50
91 179 62
91 180 59
92 112 65
92 113 47
92 114 47
92 115 46
92 116 59
92 117 54
92 118 42
92 119 68
92 155 44
92 156 45
92 157 47
92 158 45
92 159 41
92 160 40
92 161 40
92 162 40
92 163 40
92 164 39
92 165 41
92 166 40
92 167 40
92 168 40
92 169 40
92 170 40
92 171 42
92 172 73
92 173 74
92 174 93
92 175 75
92 176 50
92 177 50
92 178 50
92 179 50
92 180 59
92 181 59
93 112 104
93 113 47
93 114 46
93 115 46
93 116 59
93 117 54
93 118 70
93 119 40
93 156 45
93 157 47
93 158 45
93 159 45
93 160 40
93 161 40
93 162 41
93 163 40
93 164 41
93 165 41
93 166 40
93 167 40
93 168 40
93 169 40
93 170 41
93 171 42
93 172 58
93 173 71
93 174 91
93 175 93
93 176 50
93 177 50
93 178 50
93 179 50
93 180 60
93 181 59
94 112 86
94 113 47
94 114 46
94 115 46
94 116 59
94 117 54
94 118 59
94 156 45
94 157 47
94 158 45
94 159 45
94 160 40
94 161 40
94 162 41
94 163 40
94 164 41
94 165 40
94 166 40
94 167 40
94 168 40
94 169 41
94 170 41
94 171 42
94 172 61
94 173 71
94 174 91
94 175 91
94 176 75
94 177 50
94 178 50
94 179 63
94 180 60
94 181 59
95 112 72
95 113 47
95 114 46
95 115 46
95 116 59
95 117 53
95 118 47
95 156 44
95 157 47
95 158 45
95 159 45
95 160 40
95 161 41
95 162 41
95 163 41
95 164 41
95 165 41
95 166 41
95 167 41
95 168 40
95 169 41
95 170 41
95 171 42
95 172 61
95 173 71
95 174 79
95 175 91
95 176 93
95 177 51
95 178 50
95 179 63
95 180 60
95 181 60
96 111 63
96 112 64
96 113 47
96 114 47
96 115 46
96 116 59
96 117 71
96 118 58
96 156 44
96 157 47
96 158 45
96 159 45
96 160 41
96 161 41
96 162 41
96 163 41
96 164 41
96 165 41
96 166 41
96 167 41
96 168 42
96 169 41
96 170 42
96 171 42
96 172 61
96 173 86
96 174 70
96 175 87
96 176 92
96 177 51
96 178 51
96 179 63
96 180 60
97 111 66
97 112 59
97 113 47
97 114 47
97 115 92
97 116 54
97 117 60
97 118 58
97 157 46
97 158 45
97 159 45
97 160 41
97 161 41
97 162 41
97 163 41
97 164 41
97 165 42
97 166 42
97 167 42
97 168 42
97 169 41
97 170 41
97 171 41
97 172 61
97 173 83
97 174 70
97 175 87
97 176 92
97 177 51
97 178 51
97 179 63
97 180 60
98 111 66
98 112 76
98 113 47
98 114 46
98 115 74
98 116 54
98 117 50
98 118 47
98 157 45
98 158 45
98 159 42
98 160 41
98 161 41
98 162 41
98 163 41
98 164 41
98 165 41
98 166 42
98 167 42
98 168 42
98 169 43
98 170 41
98 171 41
98 172 52
98 173 83
98 174 87
98 175 80
98 176 92
98 177 74
98 178 51
98 179 63
99 112 76
99 113 47
99 114 46
99 115 63
99 116 54
99 117 46
99 118 46
99 157 45
99 158 45
99 159 45
99 160 45
99 161 42
99 162 41
99 163 41
99 164 41
99 165 42
99 166 41
99 167 42
99 168 43
99 169 43
99 170 43
99 171 41
99 172 50
99 173 68
99 174 87
99 175 80
99 176 92
99 177 74
99 178 51
99 179 61
100 112 66
100 113 76
100 114 74
100 115 63
100 116 78
100 117 46
100 118 46
100 157 45
100 158 45
100 159 44
100 160 45
100 161 45
100 162 42
100 163 41
100 164 54
100 165 42
100 166 42
100 167 42
100 168 43
100 169 43
100 170 43
100 171 43
100 172 41
100 173 64
100 174 82
100 175 80
100 176 84
100 177 92
100 178 62
100 179 62
101 113 76
101 114 83
101 115 53
101 116 80
101 117 46
101 118 46
101 157 45
101 158 45
101 159 44
101 160 45
101 161 45
101 162 45
101 163 55
101 164 54
101 165 42
101 166 42
101 167 42
101 168 42
101 169 43
101 170 43
101 171 43
101 172 43
101 173 71
101 174 86
101 175 84
101 176 84
101 177 101
101 178 83
101 179 62
102 113 88
102 114 66
102 115 53
102 116 75
102 117 46
102 118 28
102 157 45
102 158 45
102 159 44
102 160 45
102 161 45
102 162 45
102 163 55
102 164 54
102 165 42
102 166 42
102 167 42
102 168 42
102 169 43
102 170 43
102 171 43
102 172 43
102 173 52
102 174 77
102 175 79
102 176 84
102 177 101
102 178 101
103 113 66
103 114 83
103 115 55
103 116 74
103 117 46
103 118 28
103 158 45
103 159 45
103 160 45
103 161 45
103 162 45
103 163 55
103 164 54
103 165 42
103 166 42
103 167 42
103 168 42
103 169 43
103 170 43
103 171 43
103 172 43
103 173 52
103 174 69
103 175 92
103 176 84
103 177 101
103 178 101
104 114 83
104 115 63
104 116 67
104 117 46
104 118 28
104 158 45
104 159 45
104 160 45
104 161 45
104 162 46
104 163 60
104 164 54
104 165 42
104 166 42
104 167 43
104 168 43
104 169 43
104 170 43
104 171 43
104 172 43
104 173 46
104 174 66
104 175 93
104 176 84
104 177 93
104 178 65
105 114 91
105 115 64
105 116 51
105 117 46
105 158 45
105 159 47
105 160 45
105 161 45
105 162 46
105 163 63
105 164 54
105 165 42
105 166 43
105 167 43
105 168 43
105 169 43
105 170 43
105 171 43
105 172 43
105 173 43
105 174 68
105 175 92
105 176 93
105 177 74
105 178 66
105 179 63
106 114 91
106 115 85
106 116 60
106 117 46
106 158 44
106 159 47
106 160 45
106 161 45
106 162 46
106 163 63
106 164 54
106 165 42
106 166 43
106 167 43
106 168 43
106 169 43
106 170 44
106 171 43
106 172 43
106 173 43
106 174 72
106 175 96
106 176 93
106 177 74
106 178 66
106 179 63
107 113 102
107 114 81
107 115 82
107 116 59
107 117 46
107 158 45
107 159 47
107 160 46
107 161 46
107 162 46
107 163 60
107 164 41
107 165 41
107 166 41
107 167 43
107 168 43
107 169 44
107 170 44
107 171 44
107 172 44
107 173 43
107 174 70
107 175 103
107 176 74
107 177 74
107 178 52
107 179 65
108 113 115
108 114 78
108 115 60
108 116 59
108 117 46
108 158 45
108 159 47
108 160 46
108 161 46
108 162 45
108 163 60
108 164 40
108 165 41
108 166 41
108 167 42
108 168 42
108 169 41
108 170 41
108 171 41
108 172 42
108 173 43
108 174 67
108 175 80
108 176 70
108 177 74
108 178 52
108 179 65
109 113 113
109 114 77
109 115 59
109 116 46
109 117 28
109 158 45
109 159 47
109 160 46
109 161 46
109 162 46
109 163 59
109 164 40
109 165 40
109 166 40
109 167 41
109 168 41
109 169 42
109 170 42
109 171 40
109 172 41
109 173 44
109 174 73
109 175 80
109 176 70
109 177 73
109 178 52
109 179 65
109 180 63
110 112 61
110 113 102
110 114 82
110 115 59
110 116 45
110 158 45
110 159 47
110 160 45
110 161 46
110 162 45
110 163 71
110 164 40
110 165 53
110 166 42
110 167 39
110 168 39
110 169 39
110 170 39
110 171 41
110 172 41
110 173 43
110 174 73
110 175 83
110 176 90
110 177 73
110 178 52
110 179 66
110 180 63
111 112 64
111 113 91
111 114 93
111 115 59
111 116 46
111 158 28
111 159 47
111 160 46
111 161 46
111 162 46
111 163 71
111 164 53
111 165 41
111 166 41
111 167 42
111 168 39
111 169 39
111 170 41
111 171 40
111 172 41
111 173 41
111 174 49
111 175 74
111 176 89
111 177 73
111 178 52
111 179 66
111 180 63
112 111 60
112 112 50
112 113 70
112 114 92
112 115 50
112 116 46
112 159 47
112 160 46
112 161 46
112 162 46
112 163 51
112 164 41
112 165 44
112 166 43
112 167 43
112 168 40
112 169 40
112 170 40
112 171 41
112 172 40
112 173 41
112 174 50
112 175 82
112 176 103
112 177 73
112 178 52
112 179 66
112 180 63
113 111 63
113 112 45
113 113 70
113 114 91
113 115 63
113 159 45
113 160 45
113 161 46
113 162 46
113 163 41
113 164 43
113 165 43
113 166 43
113 167 43
113 168 40
113 169 40
113 170 40
113 171 40
113 172 40
113 173 43
113 174 52
113 175 76
113 176 103
113 177 73
113 178 52
113 179 66
113 180 63
114 111 50
114 112 46
114 113 63
114 114 91
114 115 66
114 159 28
114 160 48
114 161 46
114 162 46
114 163 46
114 164 43
114 165 43
114 166 43
114 167 43
114 168 40
114 169 40
114 170 40
114 171 40
114 172 40
114 173 45
114 174 51
114 175 70
114 176 88
114 177 73
114 178 52
114 179 66
114 180 63
115 110 63
115 111 50
115 112 46
115 113 83
115 114 82
115 115 59
115 160 48
115 161 46
115 162 46
115 163 46
115 164 73
115 165 43
115 166 43
115 167 42
115 168 42
115 169 42
115 170 42
115 171 42
115 172 42
115 173 45
115 174 51
115 175 64
115 176 88
115 177 73
115 178 52
115 179 66
115 180 63
116 110 50
116 111 50
116 112 46
116 113 99
116 114 73
116 115 50
116 160 46
116 161 47
116 162 46
116 163 46
116 164 60
116 165 42
116 166 42
116 167 42
116 168 42
116 169 42
116 170 42
116 171 42
116 172 42
116 173 42
116 174 51
116 175 51
116 176 74
116 177 75
116 178 52
116 179 66
117 109 63
117 110 50
117 111 45
117 112 46
117 113 93
117 114 73
117 115 15
117 160 45
117 161 46
117 162 46
117 163 47
117 164 60
117 165 72
117 166 42
117 167 42
117 168 42
117 169 42
117 170 42
117 171 42
117 172 42
117 173 42
117 174 45
117 175 51
117 176 71
117 177 90
117 178 52
117 179 66
118 109 50
118 110 45
118 111 45
118 112 46
118 113 76
118 114 69
118 115 30
118 160 45
118 161 45
118 162 47
118 163 47
118 164 47
118 165 72
118 166 42
118 167 42
118 168 41
118 169 42
118 170 42
118 171 42
118 172 42
118 173 42
118 174 42
118 175 51
118 176 71
118 177 92
118 178 52
118 179 66
118 180 63
119 108 60
119 109 50
119 110 45
119 111 46
119 112 46
119 113 76
119 114 69
119 115 45
119 160 45
119 161 46
119 162 46
119 163 47
119 164 47
119 165 74
119 166 42
119 167 41
119 168 41
119 169 41
119 170 41
119 171 41
119 172 42
119 173 42
119 174 42
119 175 50
119 176 85
119 177 92
119 178 52
119 179 66
119 180 66
120 108 60
120 109 50
120 110 45
120 111 45
120 112 46
120 113 62
120 114 71
120 115 45
120 116 28
120 160 45
120 161 46
120 162 46
120 163 47
120 164 47
120 165 63
120 166 41
120 167 41
120 168 41
120 169 41
120 170 41
120 171 41
120 172 41
120 173 41
120 174 42
120 175 50
120 176 66
120 177 92
120 178 76
120 179 66
120 180 66
121 108 60
121 109 50
121 110 45
121 111 45
121 112 45
121 113 62
121 114 61
121 115 45
121 116 45
121 160 45
121 161 46
121 162 46
121 163 47
121 164 47
121 165 63
121 166 41
121 167 41
121 168 41
121 169 41
121 170 41
121 171 41
121 172 41
121 173 41
121 174 41
121 175 49
121 176 66
121 177 92
121 178 76
121 179 52
121 180 66
122 108 60
122 109 45
122 110 45
122 111 45
122 112 45
122 113 53
122 114 49
122 115 45
122 116 45
122 117 45
122 160 45
122 161 46
122 162 46
122 163 47
122 164 47
122 165 45
122 166 41
122 167 41
122 168 41
122 169 40
122 170 40
122 171 41
122 172 41
122 173 41
122 174 41
122 175 45
122 176 59
122 177 92
122 178 77
122 179 52
122 180 66
122 181 66
123 108 60
123 109 50
123 110 45
123 111 45
123 112 45
123 113 62
123 114 47
123 115 45
123 116 45
123 117 45
123 118 45
123 160 45
123 161 45
123 162 46
123 163 47
123 164 47
123 165 45
123 166 41
123 167 41
123 168 40
123 169 40
123 170 40
123 171 40
123 172 41
123 173 41
123 174 42
123 175 42
123 176 59
123 177 92
123 178 73
123 179 52
123 180 66
123 181 66
124 109 50
124 110 45
124 111 45
124 112 45
124 113 54
124 114 44
124 115 45
124 116 45
124 117 45
124 118 45
124 119 28
124 160 45
124 161 45
124 162 46
124 163 47
124 164 47
124 165 45
124 166 41
124 167 40
124 168 40
124 169 40
124 170 40
124 171 40
124 172 41
124 173 41
124 174 42
124 175 45
124 176 59
124 177 73
124 178 73
124 179 52
124 180 52
124 181 66
125 109 50
125 110 50
125 111 45
125 112 72
125 113 83
125 114 44
125 115 44
125 116 44
125 117 45
125 118 45
125 119 45
125 160 45
125 161 46
125 162 47
125 163 47
125 164 46
125 165 41
125 166 40
125 167 40
125 168 40
125 169 40
125 170 41
125 171 41
125 172 41
125 173 42
125 174 42
125 175 45
125 176 59
125 177 73
125 178 73
125 179 52
125 180 52
125 181 63
126 109 63
126 110 50
126 111 45
126 112 75
126 113 46
126 114 44
126 115 44
126 116 44
126 117 45
126 118 45
126 119 45
126 120 28
126 160 28
126 161 46
126 162 47
126 163 47
126 164 46
126 165 42
126 166 40
126 167 40
126 168 40
126 169 40
126 170 41
126 171 41
126 172 41
126 173 42
126 174 45
126 175 45
126 176 59
126 177 73
126 178 73
126 179 52
126 180 52
126 181 63
127 109 63
127 110 50
127 111 76
127 112 79
127 113 44
127 114 43
127 115 43
127 116 44
127 117 44
127 118 45
127 119 44
127 120 44
127 160 28
127 161 46
127 162 47
127 163 46
127 164 46
127 165 42
127 166 40
127 167 40
127 168 40
127 169 41
127 170 41
127 171 41
127 172 40
127 173 45
127 174 45
127 175 53
127 176 74
127 177 73
127 178 47
127 179 52
127 180 52
127 181 63
128 110 63
128 111 62
128 112 62
128 113 48
128 114 43
128 115 43
128 116 43
128 117 44
128 118 44
128 119 45
128 120 43
128 160 28
128 161 46
128 162 47
128 163 46
128 164 42
128 165 41
128 166 40
128 167 40
128 168 40
128 169 40
128 170 41
128 171 41
128 172 44
128 173 45
128 174 45
128 175 54
128 176 45
128 177 73
128 178 47
128 179 52
128 180 63
128 181 63
129 110 62
129 111 61
129 112 65
129 113 62
129 114 44
129 115 44
129 116 43
129 117 44
129 118 45
129 119 45
129 120 45
129 121 44
129 160 28
129 161 46
129 162 59
129 163 46
129 164 54
129 165 41
129 166 40
129 167 57
129 168 57
129 169 45
129 170 40
129 171 44
129 172 44
129 173 45
129 174 58
129 175 58
129 176 73
129 177 47
129 178 47
129 179 52
129 180 63
129 181 63
130 111 72
130 112 79
130 113 62
130 114 48
130 115 44
130 116 43
130 117 43
130 118 45
130 119 44
130 120 44
130 121 44
130 122 27
130 161 46
130 162 47
130 163 46
130 164 42
130 165 40
130 166 57
130 167 57
130 168 57
130 169 58
130 170 46
130 171 44
130 172 44
130 173 44
130 174 54
130 175 74
130 176 73
130 177 47
130 178 52
130 179 65
130 180 63
131 111 83
131 112 69
131 113 65
131 114 62
131 115 44
131 116 43
131 117 43
131 118 43
131 119 44
131 120 45
131 121 44
131 122 27
131 161 46
131 162 48
131 163 46
131 164 42
131 165 45
131 166 58
131 167 58
131 168 57
131 169 58
131 170 49
131 171 44
131 172 44
131 173 47
131 174 59
131 175 91
131 176 47
131 177 47
131 178 52
131 179 63
132 111 60
132 112 87
132 113 87
132 114 62
132 115 57
132 116 43
132 117 43
132 118 43
132 119 44
132 120 44
132 121 44
132 122 27
132 161 57
132 162 48
132 163 46
132 164 42
132 165 46
132 166 57
132 167 57
132 168 57
132 169 63
132 170 48
132 171 44
132 172 44
132 173 52
132 174 63
132 175 92
132 176 46
132 177 52
132 178 65
132 179 63
133 111 59
133 112 79
133 113 69
133 114 65
133 115 66
133 116 46
133 117 42
133 118 42
133 119 42
133 120 44
133 121 44
133 122 27
133 161 58
133 162 48
133 163 46
133 164 42
133 165 46
133 166 57
133 167 57
133 168 57
133 169 63
133 170 48
133 171 44
133 172 46
133 173 53
133 174 81
133 175 92
133 176 46
133 177 52
133 178 63
134 112 59
134 113 68
134 114 79
134 115 65
134 116 52
134 117 44
134 118 42
134 119 42
134 120 44
134 121 44
134 122 27
134 161 63
134 162 48
134 163 46
134 164 54
134 165 46
134 166 57
134 167 57
134 168 63
134 169 58
134 170 44
134 171 44
134 172 52
134 173 62
134 174 79
134 175 46
134 176 52
134 177 65
134 178 62
135 112 59
135 113 69
135 114 79
135 115 69
135 116 52
135 117 52
135 118 44
135 119 55
135 120 44
135 121 44
135 122 27
135 161 46
135 162 48
135 163 48
135 164 41
135 165 42
135 166 57
135 167 58
135 168 58
135 169 48
135 170 44
135 171 52
135 172 61
135 173 62
135 174 87
135 175 46
135 176 52
135 177 62
136 113 84
136 114 79
136 115 69
136 116 51
136 117 51
136 118 46
136 119 52
136 120 44
136 121 44
136 122 27
136 161 46
136 162 48
136 163 48
136 164 41
136 165 42
136 166 59
136 167 58
136 168 58
136 169 48
136 170 44
136 171 61
136 172 62
136 173 73
136 174 46
136 175 52
136 176 52
136 177 62
137 113 60
137 114 79
137 115 69
137 116 57
137 117 51
137 118 51
137 119 53
137 120 44
137 121 44
137 122 27
137 161 46
137 162 46
137 163 48
137 164 41
137 165 45
137 166 48
137 167 58
137 168 58
137 169 48
137 170 61
137 171 61
137 172 61
137 173 74
137 174 46
137 175 52
137 176 65
137 177 62
138 114 69
138 115 69
138 116 58
138 117 51
138 118 51
138 119 53
138 120 44
138 121 44
138 122 27
138 161 45
138 162 46
138 163 46
138 164 46
138 165 45
138 166 48
138 167 59
138 168 58
138 169 58
138 170 61
138 171 61
138 172 63
138 173 46
138 174 46
138 175 51
138 176 64
138 177 62
139 114 69
139 115 79
139 116 65
139 117 51
139 118 51
139 119 53
139 120 44
139 121 44
139 122 44
139 161 45
139 162 46
139 163 46
139 164 58
139 165 45
139 166 48
139 167 58
139 168 58
139 169 82
139 170 61
139 171 62
139 172 46
139 173 46
139 174 46
139 175 51
139 176 64
139 177 62
140 114 79
140 115 88
140 116 76
140 117 51
140 118 51
140 119 57
140 120 44
140 121 44
140 122 44
140 161 45
140 162 46
140 163 46
140 164 58
140 165 45
140 166 48
140 167 58
140 168 58
140 169 69
140 170 62
140 171 77
140 172 46
140 173 46
140 174 46
140 175 51
140 176 64
141 114 84
141 115 68
141 116 79
141 117 52
141 118 52
141 119 65
141 120 48
141 121 44
141 122 44
141 161 45
141 162 58
141 163 46
141 164 45
141 165 74
141 166 58
141 167 58
141 168 76
141 169 70
141 170 62
141 171 92
141 172 46
141 173 46
141 174 46
141 175 51
141 176 64
142 115 67
142 116 87
142 117 52
142 118 51
142 119 64
142 120 49
142 121 44
142 122 44
142 161 46
142 162 58
142 163 46
142 164 44
142 165 44
142 166 58
142 167 58
142 168 79
142 169 62
142 170 73
142 171 46
142 172 46
142 173 46
142 174 46
142 175 64
142 176 64
143 115 50
143 116 67
143 117 52
143 118 52
143 119 75
143 120 53
143 121 48
143 122 27
143 161 46
143 162 58
143 163 46
143 164 44
143 165 48
143 166 58
143 167 77
143 168 79
143 169 62
143 170 82
143 171 46
143 172 46
143 173 46
143 174 46
143 175 64
143 176 64
144 116 33
144 117 68
144 118 52
144 119 65
144 120 61
144 121 49
144 122 27
144 162 58
144 163 46
144 164 45
144 165 48
144 166 59
144 167 77
144 168 79
144 169 62
144 170 74
144 171 46
144 172 46
144 173 46
144 174 52
144 175 65
144 176 64
145 116 63
145 117 68
145 118 79
145 119 65
145 120 61
145 121 61
145 122 27
145 162 58
145 163 75
145 164 45
145 165 48
145 166 59
145 167 79
145 168 82
145 169 74
145 170 74
145 171 46
145 172 46
145 173 46
145 174 52
145 175 65
145 176 64
146 117 48
146 118 68
146 119 80
146 120 61
146 121 53
146 122 33
146 162 58
146 163 75
146 164 45
146 165 73
146 166 59
146 167 79
146 168 88
146 169 91
146 170 46
146 171 46
146 172 46
146 173 46
146 174 52
146 175 65
146 176 64
147 118 67
147 119 77
147 120 80
147 121 53
147 122 40
147 161 45
147 162 58
147 163 75
147 164 46
147 165 45
147 166 62
147 167 82
147 168 92
147 169 103
147 170 46
147 171 46
147 172 46
147 173 52
147 174 65
147 175 65
147 176 62
148 118 61
148 119 76
148 120 77
148 121 76
148 122 40
148 161 45
148 162 58
148 163 75
148 164 46
148 165 45
148 166 66
148 167 97
148 168 114
148 169 87
148 170 70
148 171 46
148 172 46
148 173 51
148 174 64
148 175 64
149 118 51
149 119 45
149 120 77
149 121 53
149 122 53
149 161 45
149 162 58
149 163 74
149 164 46
149 165 47
149 166 92
149 167 114
149 168 87
149 169 87
149 170 87
149 171 70
149 172 46
149 173 64
149 174 64
149 175 62
150 118 45
150 119 45
150 120 59
150 121 53
150 122 76
150 161 45
150 162 58
150 163 47
150 164 46
150 165 87
150 166 89
150 167 102
150 168 87
150 169 87
150 170 87
150 171 87
150 172 62
150 173 62
150 174 62
151 118 45
151 119 45
151 120 46
151 121 53
151 122 66
151 161 45
151 162 58
151 163 46
151 164 46
151 165 106
151 166 101
151 167 86
151 168 87
151 169 87
151 170 62
152 118 45
152 119 45
152 120 46
152 121 63
152 122 59
152 161 28
152 162 46
152 163 46
152 164 53
152 165 77
152 166 86
152 167 86
152 168 86
153 117 61
153 118 45
153 119 45
153 120 46
153 121 54
153 122 59
153 162 46
153 163 46
153 164 63
153 165 73
153 166 86
153 167 63
154 117 63
154 118 45
154 119 45
154 120 46
154 121 53
154 122 49
154 162 46
154 163 54
154 164 53
154 165 74
154 166 63
155 117 50
155 118 45
155 119 45
155 120 46
155 121 53
155 162 46
155 163 54
155 164 54
155 165 75
155 166 63
156 117 45
156 118 45
156 119 46
156 120 83
156 121 59
156 162 46
156 163 63
156 164 54
156 165 92
156 166 62
157 116 61
157 117 45
157 118 45
157 119 46
157 120 53
157 121 59
157 161 28
157 162 46
157 163 67
157 164 54
157 165 73
157 166 62
158 116 50
158 117 45
158 118 45
158 119 46
158 120 53
158 121 59
158 161 28
158 162 46
158 163 67
158 164 54
158 165 67
159 116 51
159 117 45
159 118 45
159 119 46
159 120 74
159 121 59
159 161 28
159 162 46
159 163 59
159 164 54
159 165 68
160 116 51
160 117 45
160 118 45
160 119 46
160 120 45
160 121 59
160 161 45
160 162 46
160 163 67
160 164 54
160 165 75
161 116 51
161 117 46
161 118 46
161 119 46
161 120 45
161 121 59
161 140 29
161 142 29
161 143 29
161 161 45
161 162 46
161 163 67
161 164 54
161 165 74
162 116 45
162 117 46
162 118 46
162 119 46
162 120 45
162 121 59
162 139 29
162 140 29
162 141 43
162 142 46
162 143 46
162 144 29
162 161 45
162 162 46
162 163 63
162 164 54
162 165 70
163 116 45
163 117 46
163 118 46
163 119 46
163 120 57
163 121 59
163 139 46
163 140 46
163 141 74
163 142 46
163 143 46
163 144 46
163 161 45
163 162 55
163 163 63
163 164 55
163 165 87
164 116 46
164 117 46
164 118 46
164 119 46
164 120 59
164 121 59
164 138 29
164 139 46
164 140 46
164 141 74
164 142 46
164 143 50
164 144 50
164 161 45
164 162 54
164 163 54
164 164 60
164 165 87
165 116 46
165 117 46
165 118 46
165 119 57
165 120 53
165 121 59
165 138 46
165 139 46
165 140 46
165 141 74
165 142 50
165 143 50
165 144 50
165 161 45
165 162 54
165 163 54
165 164 60
165 165 92
166 116 46
166 117 46
166 118 46
166 119 57
166 120 53
166 121 50
166 138 46
166 139 46
166 140 58
166 141 75
166 142 71
166 143 60
166 144 45
166 161 46
166 162 46
166 163 78
166 164 55
166 165 92
167 116 46
167 117 46
167 118 46
167 119 46
167 120 74
167 121 46
167 137 29
167 138 46
167 139 46
167 140 50
167 141 50
167 142 77
167 143 60
167 144 60
167 161 46
167 162 46
167 163 63
167 164 55
167 165 85
168 116 46
168 117 46
168 118 46
168 119 46
168 120 46
168 121 45
168 137 29
168 138 46
168 139 46
168 140 60
168 141 60
168 142 60
168 143 60
168 144 60
168 161 46
168 162 46
168 163 54
168 164 55
168 165 85
168 166 62
169 116 46
169 117 46
169 118 46
169 119 46
169 120 46
169 121 45
169 137 29
169 138 46
169 139 60
169 140 59
169 141 59
169 142 60
169 143 60
169 144 60
169 145 37
169 161 46
169 162 46
169 163 54
169 164 60
169 165 75
169 166 63
170 116 45
170 117 45
170 118 46
170 119 46
170 120 46
170 121 49
170 137 29
170 138 60
170 139 59
170 140 60
170 141 60
170 142 60
170 143 60
170 144 60
170 145 37
170 161 46
170 162 46
170 163 78
170 164 60
170 165 63
170 166 63
171 116 64
171 117 54
171 118 45
171 119 57
171 120 46
171 121 59
171 122 46
171 137 29
171 138 64
171 139 63
171 140 59
171 141 60
171 142 60
171 143 68
171 144 60
171 145 60
171 160 29
171 161 46
171 162 78
171 163 78
171 164 64
171 165 65
172 116 61
172 117 73
172 118 45
172 119 57
172 120 46
172 121 59
172 122 46
172 137 59
172 138 71
172 139 63
172 140 63
172 141 60
172 142 60
172 143 71
172 144 60
172 145 61
172 160 29
172 161 74
172 162 54
172 163 60
172 164 46
172 165 63
173 117 45
173 118 45
173 119 57
173 120 46
173 121 59
173 122 46
173 137 59
173 138 74
173 139 74
173 140 63
173 141 60
173 142 79
173 143 78
173 144 71
173 145 80
173 160 29
173 161 74
173 162 54
173 163 60
173 164 63
173 165 63
174 117 45
174 118 45
174 119 57
174 120 46
174 121 59
174 122 46
174 136 28
174 137 64
174 138 74
174 139 74
174 140 74
174 141 79
174 142 60
174 143 69
174 144 64
174 145 81
174 159 29
174 160 40
174 161 49
174 162 54
174 163 46
174 164 71
175 117 45
175 118 46
175 119 57
175 120 46
175 121 59
175 122 46
175 136 46
175 137 64
175 138 74
175 139 74
175 140 84
175 141 71
175 142 79
175 143 74
175 144 71
175 145 79
175 159 29
175 160 40
175 161 54
175 162 55
175 163 74
175 164 66
176 117 45
176 118 46
176 119 57
176 120 45
176 121 59
176 122 46
176 136 50
176 137 83
176 138 46
176 139 46
176 140 86
176 141 84
176 142 95
176 143 75
176 144 60
176 145 54
176 159 29
176 160 46
176 161 94
176 162 60
176 163 81
176 164 65
177 116 61
177 117 46
177 118 46
177 119 73
177 120 46
177 121 59
177 122 46
177 123 29
177 135 46
177 136 64
177 137 46
177 138 46
177 139 46
177 140 101
177 141 81
177 142 75
177 143 75
177 144 72
177 145 55
177 159 29
177 160 46
177 161 86
177 162 60
177 163 82
178 116 61
178 117 46
178 118 46
178 119 46
178 120 46
178 121 59
178 122 58
178 123 46
178 135 46
178 136 64
178 137 46
178 138 46
178 139 64
178 140 83
178 141 88
178 142 46
178 143 46
178 144 79
178 145 55
178 159 46
178 160 48
178 161 94
178 162 77
178 163 75
179 117 46
179 118 45
179 119 46
179 120 46
179 121 70
179 122 46
179 123 46
179 135 46
179 136 75
179 137 46
179 138 46
179 139 94
179 140 47
179 141 66
179 142 51
179 143 46
179 144 46
179 145 55
179 146 29
179 159 46
179 160 49
179 161 54
179 162 88
179 163 47
180 117 46
180 118 62
180 119 46
180 120 46
180 121 54
180 122 46
180 123 58
180 135 55
180 136 75
180 137 46
180 138 48
180 139 109
180 140 76
180 141 64
180 142 51
180 143 46
180 144 58
180 145 55
180 146 51
180 159 46
180 160 54
180 161 55
180 162 88
180 163 52
181 117 46
181 118 62
181 119 46
181 120 46
181 121 46
181 122 46
181 123 58
181 135 55
181 136 75
181 137 46
181 138 61
181 139 94
181 140 66
181 142 52
181 143 46
181 144 47
181 145 65
181 146 61
181 159 46
181 160 64
181 161 64
181 162 94
181 163 52
182 117 46
182 118 62
182 119 45
182 120 58
182 121 46
182 122 50
182 123 58
182 135 47
182 136 75
182 137 48
182 138 72
182 139 76
182 140 64
182 142 63
182 143 47
182 144 47
182 145 55
182 146 61
182 159 46
182 160 55
182 161 64
182 162 75
182 163 52
183 117 45
183 118 73
183 119 73
183 120 46
183 121 46
183 122 67
183 123 58
183 135 47
183 136 75
183 137 48
183 138 92
183 139 76
183 143 47
183 144 47
183 145 64
183 146 61
183 159 46
183 160 79
183 161 55
183 162 47
183 163 66
184 117 50
184 118 73
184 119 73
184 120 46
184 121 46
184 122 63
184 123 46
184 135 46
184 136 46
184 137 54
184 138 95
184 139 64
184 143 47
184 144 47
184 145 64
184 146 61
184 158 28
184 159 46
184 160 79
184 161 54
184 162 46
184 163 71
185 118 46
185 119 83
185 120 46
185 121 46
185 122 46
185 123 46
185 135 46
185 136 46
185 137 60
185 138 46
185 143 52
185 144 47
185 145 47
185 146 72
185 158 29
185 159 46
185 160 96
185 161 55
185 162 46
185 163 71
186 118 50
186 119 74
186 120 54
186 121 46
186 122 46
186 123 47
186 124 41
186 135 55
186 136 46
186 137 67
186 138 59
186 143 64
186 144 47
186 145 83
186 146 72
186 158 41
186 159 46
186 160 64
186 161 55
186 162 47
186 163 71
187 118 50
187 119 73
187 120 54
187 121 45
187 122 46
187 123 46
187 124 40
187 135 55
187 136 46
187 137 93
187 138 47
187 144 46
187 145 66
187 146 84
187 158 46
187 159 49
187 160 64
187 161 55
187 162 47
187 163 71
188 118 50
188 119 46
188 120 54
188 121 45
188 122 54
188 123 46
188 124 29
188 135 55
188 136 75
188 137 83
188 138 47
188 144 64
188 145 66
188 146 38
188 158 46
188 159 56
188 160 55
188 161 65
188 162 46
188 163 71
189 117 60
189 118 50
189 119 73
189 120 46
189 121 46
189 122 77
189 123 46
189 135 60
189 136 75
189 137 59
189 138 63
189 144 61
189 145 80
189 146 29
189 158 46
189 159 54
189 160 55
189 161 69
189 162 47
189 163 87
190 117 60
190 118 50
190 119 67
190 120 46
190 121 46
190 122 83
190 123 46
190 134 47
190 135 61
190 136 85
190 137 47
190 145 83
190 146 47
190 157 46
190 158 55
190 159 55
190 160 55
190 161 84
190 162 47
191 117 63
191 118 45
191 119 63
191 120 46
191 121 46
191 122 74
191 123 46
191 124 29
191 134 47
191 135 64
191 136 93
191 137 46
191 145 63
191 146 48
191 157 46
191 158 54
191 159 55
191 160 55
191 161 93
191 162 47
192 117 63
192 118 46
192 119 63
192 120 46
192 121 46
192 122 74
192 123 46
192 124 29
192 134 60
192 135 83
192 136 58
192 145 78
192 146 70
192 157 59
192 158 64
192 159 55
192 160 55
192 161 75
192 162 70
193 117 45
193 118 46
193 119 63
193 120 46
193 121 46
193 122 59
193 123 46
193 124 29
193 134 74
193 135 101
193 136 70
193 145 78
193 146 56
193 147 29
193 156 28
193 157 54
193 158 54
193 159 54
193 160 55
193 161 75
193 162 63
194 117 45
194 118 57
194 119 46
194 120 46
194 121 46
194 122 38
194 123 46
194 124 29
194 134 74
194 135 114
194 136 63
194 145 46
194 146 56
194 147 29
194 156 28
194 157 54
194 158 54
194 159 54
194 160 68
194 161 47
194 162 63
195 117 46
195 118 46
195 119 46
195 120 46
195 121 46
195 122 56
195 123 46
195 124 29
195 134 68
195 135 126
195 145 47
195 146 66
195 147 29
195 157 54
195 158 54
195 159 54
195 160 71
195 161 46
195 162 63
196 116 60
196 117 46
196 118 46
196 119 46
196 120 47
196 121 74
196 122 46
196 123 46
196 134 50
196 135 94
196 145 46
196 146 79
196 147 30
196 157 59
196 158 54
196 159 54
196 160 71
196 161 46
196 162 65
197 116 63
197 117 57
197 118 46
197 119 46
197 120 46
197 121 75
197 122 46
197 123 57
197 134 46
197 135 83
197 136 64
197 144 64
197 145 47
197 146 95
197 157 46
197 158 54
197 159 54
197 160 68
197 161 47
197 162 65
198 116 51
198 117 57
198 118 46
198 119 46
198 120 46
198 121 54
198 122 45
198 123 46
198 135 94
198 136 67
198 144 66
198 145 47
198 146 92
198 156 28
198 157 45
198 158 54
198 159 54
198 160 68
198 161 47
198 162 70
199 116 51
199 117 57
199 118 46
199 119 47
199 120 46
199 121 54
199 122 58
199 123 29
199 135 84
199 136 95
199 144 66
199 145 47
199 146 79
199 156 28
199 157 46
199 158 54
199 159 68
199 160 72
199 161 47
199 162 71
200 116 51
200 117 46
200 118 46
200 119 47
200 120 47
200 121 55
200 122 82
200 135 68
200 136 73
200 144 66
200 145 47
200 146 65
200 156 28
200 157 57
200 158 54
200 159 78
200 160 79
200 161 47
200 162 47
201 116 61
201 117 51
201 118 63
201 119 46
201 120 47
201 121 71
201 122 46
201 135 51
201 136 100
201 144 47
201 145 48
201 146 37
201 157 58
201 158 54
201 159 54
201 160 79
201 161 47
201 162 52
202 117 51
202 118 63
202 119 46
202 120 47
202 121 75
202 122 49
202 135 47
202 136 102
202 137 89
202 144 69
202 145 77
202 157 58
202 158 68
202 159 55
202 160 79
202 161 47
202 162 52
202 163 63
203 117 51
203 118 74
203 119 58
203 120 47
203 121 50
203 122 49
203 135 47
203 136 104
203 137 89
203 144 105
203 145 85
203 146 29
203 157 46
203 158 79
203 159 54
203 160 76
203 161 47
203 162 52
203 163 63
204 117 62
204 118 74
204 119 46
204 120 46
204 121 50
204 122 82
204 135 47
204 136 70
204 137 65
204 144 116
204 145 73
204 146 38
204 157 46
204 158 54
204 159 55
204 160 56
204 161 47
204 162 66
205 117 62
205 118 74
205 119 74
205 120 59
205 121 68
205 122 94
205 135 69
205 136 98
205 137 65
205 144 90
205 145 57
205 146 38
205 157 49
205 158 54
205 159 55
205 160 55
205 161 47
205 162 63
206 117 64
206 118 75
206 119 64
206 120 59
206 121 42
206 122 72
206 134 29
206 135 85
206 136 108
206 144 92
206 145 55
206 146 30
206 156 28
206 157 49
206 158 54
206 159 55
206 160 55
206 161 47
206 162 63
207 116 62
207 117 65
207 118 74
207 119 50
207 120 47
207 121 34
207 122 61
207 134 41
207 135 85
207 136 73
207 137 64
207 144 74
207 145 56
207 146 30
207 156 28
207 157 55
207 158 79
207 159 55
207 160 55
207 161 47
208 116 65
208 117 65
208 118 75
208 119 50
208 120 47
208 121 70
208 122 37
208 134 41
208 135 69
208 136 62
208 137 90
208 143 48
208 144 66
208 145 66
208 146 48
208 157 54
208 158 79
208 159 55
208 160 55
208 161 76
209 116 65
209 117 90
209 118 75
209 119 50
209 120 76
209 121 71
209 135 47
209 136 60
209 137 108
209 143 48
209 144 57
209 145 80
209 146 48
209 157 54
209 158 55
209 159 65
209 160 59
209 161 63
210 116 66
210 117 75
210 118 75
210 119 47
210 120 56
210 121 71
210 135 47
210 136 47
210 137 90
210 143 89
210 144 65
210 145 96
210 146 52
210 156 40
210 157 55
210 158 55
210 159 55
210 160 47
211 116 65
211 117 75
211 118 75
211 119 47
211 120 34
211 121 76
211 135 76
211 136 48
211 137 90
211 143 89
211 144 65
211 145 93
211 146 66
211 156 49
211 157 79
211 158 65
211 159 55
211 160 47
212 116 66
212 117 75
212 118 76
212 119 47
212 120 35
212 121 76
212 134 47
212 135 94
212 136 92
212 137 65
212 143 89
212 144 77
212 145 101
212 146 53
212 156 55
212 157 65
212 158 55
212 159 76
213 116 63
213 117 75
213 118 46
213 119 76
213 120 35
213 121 47
213 134 47
213 135 76
213 136 92
213 137 65
213 143 64
213 144 90
213 145 103
213 146 53
213 155 29
213 156 55
213 157 65
213 158 55
213 159 47
214 117 75
214 118 47
214 119 95
214 120 47
214 121 61
214 134 51
214 135 76
214 136 78
214 137 65
214 144 90
214 145 108
214 146 53
214 156 50
214 157 65
214 158 91
214 159 63
215 117 75
215 118 47
215 119 77
215 120 48
215 121 29
215 133 29
215 134 51
215 135 76
215 136 71
215 144 90
215 145 103
215 146 38
215 156 29
215 157 72
215 158 90
215 159 63
216 117 65
216 118 47
216 119 57
216 120 47
216 121 30
216 133 38
216 134 69
216 135 76
216 136 50
216 144 90
216 145 99
216 146 30
216 157 52
216 158 80
216 159 63
217 117 61
217 118 48
217 119 56
217 120 82
217 133 38
217 134 86
217 135 77
217 136 63
217 144 62
217 145 54
217 157 16
217 158 105
217 159 66
218 117 61
218 118 52
218 119 57
218 120 96
218 133 57
218 134 66
218 135 84
218 136 36
218 144 94
218 145 30
218 158 91
218 159 118
219 117 61
219 118 51
219 119 79
219 120 82
219 121 39
219 133 61
219 134 77
219 135 78
219 136 88
219 143 65
219 144 87
219 157 30
219 158 72
219 159 132
220 117 61
220 118 61
220 119 52
220 120 62
220 121 97
220 122 30
220 133 85
220 134 84
220 135 94
220 136 65
220 143 90
220 144 74
220 157 38
220 158 64
220 159 133
221 117 61
221 118 61
221 119 51
221 120 48
221 121 67
221 122 77
221 132 30
221 133 86
221 134 102
221 135 107
221 143 89
221 144 80
221 145 35
221 156 30
221 157 58
221 158 64
221 159 107
222 117 105
222 118 61
222 119 51
222 120 48
222 121 48
222 122 48
222 123 74
222 132 62
222 133 95
222 134 105
222 144 80
222 145 84
222 156 30
222 157 58
222 158 74
222 159 64
223 117 63
223 118 61
223 119 61
223 120 47
223 121 48
223 122 48
223 123 93
223 124 53
223 131 62
223 132 72
223 133 74
223 134 89
223 144 89
223 145 76
223 146 30
223 156 30
223 157 58
223 158 79
224 118 63
224 119 61
224 120 51
224 121 47
224 122 48
224 123 48
224 124 88
224 125 30
224 130 29
224 131 61
224 132 94
224 133 100
224 145 73
224 146 73
224 157 65
224 158 106
225 120 79
225 121 47
225 122 48
225 123 48
225 124 92
225 125 30
225 126 30
225 129 29
225 130 51
225 131 95
225 132 72
225 133 73
225 145 88
225 146 85
225 147 29
225 157 62
226 120 62
226 121 47
226 122 47
226 123 47
226 124 82
226 125 30
226 126 30
226 129 47
226 130 72
226 131 65
226 132 65
226 146 99
226 147 61
226 156 65
226 157 105
227 121 68
227 122 47
227 123 47
227 124 70
227 125 30
227 129 61
227 130 59
227 131 76
227 132 107
227 147 81
227 148 29
227 156 83
228 121 67
228 122 46
228 123 76
228 124 91
228 125 30
228 128 29
228 129 47
228 130 59
228 131 73
228 132 105
228 147 107
228 148 29
228 155 99
228 156 109
229 121 50
229 122 45
229 123 75
229 124 99
229 125 57
229 128 45
229 129 49
229 130 71
229 131 91
229 132 105
229 147 88
229 148 29
229 154 92
229 155 81
229 156 105
230 120 64
230 121 50
230 122 46
230 123 75
230 124 98
230 125 72
230 126 51
230 127 52
230 128 69
230 129 65
230 130 87
230 131 91
230 132 89
230 153 92
230 154 104
230 155 92
230 156 63
231 120 63
231 121 50
231 122 50
231 123 85
231 124 86
231 125 72
231 126 57
231 127 52
231 128 65
231 129 63
231 130 95
231 131 95
231 132 88
231 152 29
231 153 81
231 154 108
231 155 108
232 119 62
232 120 49
232 121 50
232 122 81
232 123 75
232 124 86
232 125 92
232 126 56
232 127 57
232 128 81
232 129 71
232 130 95
232 131 88
232 132 63
232 148 46
232 152 29
232 153 92
232 154 115
232 155 107
232 156 62
233 119 86
233 120 49
233 121 49
233 122 81
233 123 91
233 124 86
233 125 76
233 126 58
233 127 57
233 128 67
233 129 65
233 130 109
233 131 104
233 148 85
233 153 69
233 154 108
233 155 115
233 156 62
234 119 86
234 120 49
234 121 80
234 122 97
234 123 93
234 124 76
234 125 77
234 126 59
234 127 59
234 128 60
234 129 77
234 130 101
234 148 114
234 149 37
234 153 29
234 154 106
234 155 108
234 156 62
235 119 85
235 120 74
235 121 74
235 122 105
235 123 84
235 124 99
235 125 90
235 126 59
235 127 58
235 128 67
235 129 116
235 149 102
235 150 29
235 154 61
235 155 113
235 156 64
236 119 60
236 120 86
236 121 74
236 122 106
236 123 99
236 124 96
236 125 98
236 126 90
236 127 117
236 128 73
236 149 62
236 150 78
236 154 55
236 155 99
236 156 111
236 157 62
237 120 84
237 121 85
237 122 94
237 123 98
237 124 108
237 125 105
237 126 84
237 127 72
237 128 61
237 150 122
237 151 77
237 152 29
237 153 40
237 154 55
237 155 95
237 156 128
237 157 102
237 158 62
238 121 84
238 122 89
238 123 80
238 124 80
238 125 66
238 126 69
238 127 60
238 151 110
238 152 80
238 153 55
238 154 88
238 155 108
238 156 130
238 157 86
238 158 62
238 159 62
238 160 62
239 122 83
239 123 101
239 124 81
239 125 81
239 126 84
239 152 118
239 153 99
239 154 113
239 155 132
239 156 62
239 157 62
239 158 62
239 159 62
239 160 62
