42 137 60
42 138 60
42 139 60
42 140 60
42 143 31
42 144 33
42 145 33
42 146 33
42 147 32
42 148 32
42 149 32
42 150 37
42 151 61
43 135 60
43 136 61
43 137 62
43 138 49
43 139 49
43 140 32
43 141 32
43 142 43
43 143 55
43 144 44
43 145 44
43 146 43
43 147 32
43 148 32
43 149 33
43 150 32
43 151 32
43 152 64
44 134 60
44 135 62
44 136 62
44 137 49
44 138 49
44 139 32
44 140 32
44 141 42
44 142 60
44 143 44
44 144 44
44 145 44
44 146 44
44 147 43
44 148 32
44 149 32
44 150 32
44 151 32
44 152 32
44 153 68
45 134 62
45 135 62
45 136 62
45 137 49
45 138 42
45 139 32
45 140 32
45 141 71
45 142 44
45 143 44
45 144 44
45 145 44
45 146 44
45 147 43
45 148 32
45 149 32
45 150 32
45 151 33
45 152 33
45 153 32
46 131 57
46 132 57
46 133 48
46 134 48
46 135 48
46 136 43
46 137 43
46 138 30
46 139 30
46 140 66
46 141 60
46 142 42
46 143 43
46 144 43
46 145 43
46 146 44
46 147 43
46 148 43
46 149 32
46 150 31
46 151 32
46 152 33
46 153 48
47 130 57
47 131 57
47 132 48
47 133 48
47 134 48
47 135 48
47 136 43
47 137 33
47 138 30
47 139 30
47 140 55
47 141 46
47 142 42
47 143 42
47 144 43
47 145 43
47 146 43
47 147 43
47 148 43
47 149 31
47 150 31
47 151 32
47 152 32
47 153 54
48 130 57
48 131 58
48 132 49
48 133 49
48 134 49
48 135 43
48 136 35
48 137 30
48 138 30
48 139 30
48 140 46
48 141 42
48 142 42
48 143 42
48 144 42
48 145 43
48 146 43
48 147 43
48 148 42
48 149 31
48 150 31
48 151 32
48 152 32
48 153 32
49 130 58
49 131 48
49 132 49
49 133 49
49 134 43
49 135 44
49 136 33
49 137 29
49 138 29
49 139 59
49 140 46
49 141 42
49 142 42
49 143 42
49 144 42
49 145 43
49 146 43
49 147 43
49 148 42
49 149 42
49 150 31
49 151 31
49 152 32
49 153 32
49 154 61
50 130 58
50 131 61
50 132 43
50 133 43
50 134 43
50 135 43
50 136 32
50 137 29
50 138 53
50 139 78
50 140 57
50 141 41
50 142 42
50 143 42
50 144 42
50 145 43
50 146 43
50 147 43
50 148 43
50 149 42
50 150 31
50 151 31
50 152 31
50 153 32
50 154 44
51 130 47
51 131 48
51 132 43
51 133 43
51 134 43
51 135 32
51 136 32
51 137 29
51 138 55
51 139 69
51 140 57
51 141 41
51 142 41
51 143 42
51 144 42
51 145 43
51 146 43
51 147 43
51 148 44
51 149 42
51 150 31
51 151 31
51 152 31
51 153 31
51 154 34
51 155 45
52 129 56
52 130 48
52 131 48
52 132 43
52 133 43
52 134 43
52 135 32
52 136 29
52 137 29
52 138 60
52 139 57
52 140 58
52 141 41
52 142 41
52 143 42
52 144 42
52 145 43
52 146 43
52 147 43
52 148 43
52 149 43
52 150 31
52 151 31
52 152 31
52 153 31
52 154 34
52 155 44
53 128 56
53 129 59
53 130 48
53 131 43
53 132 43
53 133 43
53 134 43
53 135 32
53 136 29
53 137 68
53 138 69
53 139 49
53 140 41
53 141 41
53 142 41
53 143 41
53 144 42
53 145 43
53 146 43
53 147 43
53 148 43
53 149 43
53 150 31
53 151 31
53 152 31
53 153 31
53 154 31
53 155 44
53 156 61
54 128 56
54 129 59
54 130 48
54 131 43
54 132 43
54 133 43
54 134 43
54 135 29
54 136 63
54 137 68
54 138 69
54 139 49
54 140 41
54 141 41
54 142 41
54 143 41
54 144 42
54 145 42
54 146 42
54 147 42
54 148 43
54 149 43
54 150 42
54 151 31
54 152 31
54 153 31
54 154 32
54 155 45
54 156 61
55 127 56
55 128 59
55 129 59
55 130 48
55 131 43
55 132 43
55 133 43
55 134 43
55 135 62
55 136 63
55 137 64
55 138 59
55 139 41
55 140 41
55 141 41
55 142 41
55 143 41
55 144 42
55 145 42
55 146 42
55 147 42
55 148 43
55 149 43
55 150 42
55 151 31
55 152 31
55 153 31
55 154 32
55 155 57
56 127 56
56 128 59
56 129 59
56 130 48
56 131 43
56 132 43
56 133 43
56 134 68
56 135 63
56 136 63
56 137 68
56 138 67
56 139 41
56 140 41
56 141 41
56 142 41
56 143 41
56 144 42
56 145 42
56 146 42
56 147 43
56 148 43
56 149 42
56 150 42
56 151 31
56 152 31
56 153 31
56 154 32
56 155 68
57 127 59
57 128 59
57 129 59
57 130 48
57 131 43
57 132 43
57 133 68
57 134 68
57 135 64
57 136 63
57 137 49
57 138 55
57 139 40
57 140 40
57 141 40
57 142 40
57 143 40
57 144 41
57 145 42
57 146 42
57 147 42
57 148 43
57 149 42
57 150 42
57 151 31
57 152 31
57 153 31
57 154 44
57 155 62
58 127 59
58 128 59
58 129 59
58 130 48
58 131 43
58 132 43
58 133 68
58 134 68
58 135 68
58 136 63
58 137 48
58 138 48
58 139 40
58 140 40
58 141 40
58 142 40
58 143 40
58 144 42
58 145 42
58 146 42
58 147 43
58 148 43
58 149 42
58 150 42
58 151 31
58 152 31
58 153 31
58 154 56
58 155 60
59 127 59
59 128 60
59 129 47
59 130 43
59 131 43
59 132 43
59 133 68
59 134 68
59 135 68
59 136 63
59 137 52
59 138 49
59 139 50
59 140 40
59 141 40
59 142 40
59 143 40
59 144 41
59 145 42
59 146 43
59 147 43
59 148 43
59 149 42
59 150 42
59 151 31
59 152 31
59 153 31
59 154 49
59 155 60
60 127 57
60 128 47
60 129 47
60 130 43
60 131 43
60 132 43
60 133 67
60 134 68
60 135 68
60 136 64
60 137 53
60 138 48
60 139 49
60 140 40
60 141 40
60 142 40
60 143 41
60 144 41
60 145 42
60 146 43
60 147 43
60 148 43
60 149 42
60 150 31
60 151 31
60 152 31
60 153 44
60 154 49
60 155 60
61 127 58
61 128 47
61 129 47
61 130 47
61 131 67
61 132 67
61 133 68
61 134 58
61 135 58
61 136 53
61 137 53
61 138 49
61 139 49
61 140 39
61 141 40
61 142 40
61 143 40
61 144 40
61 145 42
61 146 43
61 147 43
61 148 43
61 149 42
61 150 31
61 151 31
61 152 44
61 153 44
61 154 49
62 126 57
62 127 58
62 128 47
62 129 47
62 130 47
62 131 67
62 132 67
62 133 68
62 134 68
62 135 58
62 136 58
62 137 48
62 138 48
62 139 48
62 140 40
62 141 40
62 142 40
62 143 40
62 144 40
62 145 68
62 146 43
62 147 43
62 148 42
62 149 31
62 150 30
62 151 31
62 152 44
62 153 45
62 154 50
63 126 58
63 127 58
63 128 58
63 129 47
63 130 70
63 131 70
63 132 67
63 133 68
63 134 68
63 135 58
63 136 58
63 137 48
63 138 48
63 139 77
63 140 40
63 141 40
63 142 40
63 143 40
63 144 41
63 145 68
63 146 43
63 147 43
63 148 42
63 149 30
63 150 31
63 151 34
63 152 44
63 153 45
63 154 60
64 126 55
64 127 58
64 128 58
64 129 47
64 130 70
64 131 70
64 132 67
64 133 68
64 134 68
64 135 58
64 136 53
64 137 48
64 138 48
64 139 39
64 140 40
64 141 40
64 142 40
64 143 40
64 144 41
64 145 53
64 146 43
64 147 43
64 148 42
64 149 30
64 150 31
64 151 31
64 152 45
64 153 45
64 154 60
65 126 55
65 127 58
65 128 58
65 129 47
65 130 70
65 131 70
65 132 68
65 133 68
65 134 68
65 135 58
65 136 52
65 137 48
65 138 55
65 139 39
65 140 40
65 141 40
65 142 40
65 143 40
65 144 40
65 145 52
65 146 43
65 147 43
65 148 43
65 149 42
65 150 31
65 151 31
65 152 45
65 153 45
65 154 63
66 126 55
66 127 58
66 128 58
66 129 47
66 130 70
66 131 68
66 132 69
66 133 68
66 134 59
66 135 53
66 136 48
66 137 56
66 138 39
66 139 40
66 140 40
66 141 40
66 142 40
66 143 40
66 144 40
66 145 42
66 146 43
66 147 43
66 148 44
66 149 42
66 150 31
66 151 31
66 152 32
66 153 45
66 154 58
67 126 55
67 127 58
67 128 58
67 129 70
67 130 69
67 131 69
67 132 69
67 133 59
67 134 51
67 135 76
67 136 39
67 137 39
67 138 39
67 139 40
67 140 40
67 141 40
67 142 40
67 143 40
67 144 51
67 145 42
67 146 43
67 147 43
67 148 44
67 149 44
67 150 43
67 151 31
67 152 31
67 153 39
67 154 45
67 155 88
67 156 64
68 126 55
68 127 58
68 128 47
68 129 69
68 130 68
68 131 57
68 132 50
68 133 65
68 134 39
68 135 39
68 136 39
68 137 39
68 138 40
68 139 40
68 140 40
68 141 40
68 142 40
68 143 40
68 144 51
68 145 43
68 146 43
68 147 42
68 148 43
68 149 44
68 150 44
68 151 32
68 152 32
68 153 32
68 154 40
68 155 58
68 156 78
68 157 64
69 126 56
69 127 44
69 128 71
69 129 79
69 130 39
69 131 39
69 132 39
69 133 39
69 134 39
69 135 39
69 136 39
69 137 39
69 138 39
69 139 40
69 140 39
69 141 39
69 142 40
69 143 40
69 144 51
69 145 43
69 146 43
69 147 43
69 148 43
69 149 43
69 150 44
69 151 45
69 152 33
69 153 34
69 154 34
69 155 34
69 156 40
69 157 59
69 158 64
69 159 65
69 160 64
70 122 51
70 123 47
70 124 47
70 125 54
70 126 73
70 127 41
70 128 41
70 129 39
70 130 39
70 131 39
70 132 39
70 133 39
70 134 39
70 135 39
70 136 39
70 137 39
70 138 39
70 139 38
70 140 39
70 141 39
70 142 39
70 143 40
70 144 40
70 145 43
70 146 43
70 147 43
70 148 44
70 149 44
70 150 43
70 151 45
70 152 45
70 153 57
70 154 70
70 155 70
70 156 70
70 157 34
70 158 34
70 159 47
70 160 76
70 161 71
70 162 64
71 120 51
71 121 46
71 122 46
71 123 69
71 124 56
71 125 57
71 126 42
71 127 42
71 128 42
71 129 38
71 130 38
71 131 37
71 132 39
71 133 39
71 134 39
71 135 39
71 136 39
71 137 39
71 138 38
71 139 38
71 140 38
71 141 39
71 142 39
71 143 39
71 144 40
71 145 42
71 146 41
71 147 43
71 148 44
71 149 45
71 150 45
71 151 45
71 152 45
71 153 45
71 154 46
71 155 57
71 156 63
71 157 59
71 158 71
71 159 34
71 160 39
71 161 64
71 162 47
71 163 66
71 164 64
72 118 64
72 119 51
72 120 46
72 121 69
72 122 58
72 123 57
72 124 59
72 125 42
72 126 42
72 127 42
72 128 39
72 129 38
72 130 38
72 131 38
72 132 38
72 133 37
72 134 38
72 135 38
72 136 38
72 137 38
72 138 38
72 139 39
72 140 39
72 141 39
72 142 39
72 143 39
72 144 39
72 145 41
72 146 42
72 147 43
72 148 44
72 149 44
72 150 45
72 151 45
72 152 45
72 153 46
72 154 46
72 155 45
72 156 45
72 157 45
72 158 57
72 159 46
72 160 46
72 161 33
72 162 54
72 163 47
72 164 66
72 165 66
73 117 64
73 118 51
73 119 46
73 120 70
73 121 57
73 122 58
73 123 59
73 124 45
73 125 42
73 126 39
73 127 39
73 128 39
73 129 39
73 130 39
73 131 39
73 132 38
73 133 38
73 134 38
73 135 38
73 136 38
73 137 38
73 138 39
73 139 39
73 140 39
73 141 39
73 142 39
73 143 39
73 144 39
73 145 41
73 146 41
73 147 42
73 148 44
73 149 45
73 150 45
73 151 45
73 152 45
73 153 45
73 154 45
73 155 45
73 156 45
73 157 45
73 158 45
73 159 45
73 160 46
73 161 46
73 162 46
73 163 38
73 164 59
73 165 52
73 166 66
74 116 64
74 117 51
74 118 46
74 119 73
74 120 69
74 121 57
74 122 59
74 123 45
74 124 42
74 125 39
74 126 39
74 127 39
74 128 39
74 129 39
74 130 39
74 131 39
74 132 39
74 133 38
74 134 38
74 135 38
74 136 38
74 137 38
74 138 39
74 139 39
74 140 39
74 141 39
74 142 39
74 143 40
74 144 40
74 145 39
74 146 42
74 147 43
74 148 44
74 149 44
74 150 44
74 151 44
74 152 44
74 153 44
74 154 45
74 155 45
74 156 45
74 157 45
74 158 45
74 159 45
74 160 45
74 161 45
74 162 46
74 163 45
74 164 33
74 165 39
74 166 47
74 167 66
75 115 64
75 116 51
75 117 46
75 118 45
75 119 70
75 120 52
75 121 52
75 122 70
75 123 42
75 124 42
75 125 39
75 126 39
75 127 39
75 128 39
75 129 39
75 130 39
75 131 39
75 132 39
75 133 38
75 134 38
75 135 38
75 136 38
75 137 38
75 138 38
75 139 39
75 140 39
75 141 39
75 142 39
75 143 40
75 144 40
75 145 40
75 146 41
75 147 44
75 148 44
75 149 44
75 150 44
75 151 45
75 152 45
75 153 45
75 154 45
75 155 44
75 156 44
75 157 45
75 158 45
75 159 45
75 160 45
75 161 45
75 162 45
75 163 46
75 164 45
75 165 33
75 166 39
75 167 47
75 168 66
76 114 64
76 115 64
76 116 51
76 117 45
76 118 74
76 119 57
76 120 52
76 121 58
76 122 48
76 123 44
76 124 44
76 125 44
76 126 40
76 127 39
76 128 39
76 129 39
76 130 39
76 131 39
76 132 39
76 133 39
76 134 39
76 135 39
76 136 39
76 137 39
76 138 39
76 139 39
76 140 39
76 141 39
76 142 40
76 143 40
76 144 40
76 145 41
76 146 43
76 147 44
76 148 44
76 149 44
76 150 44
76 151 44
76 152 44
76 153 45
76 154 44
76 155 44
76 156 44
76 157 44
76 158 45
76 159 45
76 160 45
76 161 45
76 162 45
76 163 45
76 164 45
76 165 56
76 166 33
76 167 47
76 168 47
77 113 62
77 114 64
77 115 64
77 116 45
77 117 73
77 118 58
77 119 57
77 120 52
77 121 86
77 122 44
77 123 44
77 124 44
77 125 44
77 126 44
77 127 40
77 128 38
77 129 37
77 130 37
77 131 39
77 132 39
77 133 39
77 134 39
77 135 39
77 136 39
77 137 37
77 138 39
77 139 38
77 140 38
77 141 40
77 142 40
77 143 40
77 144 41
77 145 43
77 146 44
77 147 44
77 148 44
77 149 44
77 150 44
77 151 44
77 152 44
77 153 44
77 154 44
77 155 44
77 156 44
77 157 44
77 158 44
77 159 45
77 160 45
77 161 45
77 162 45
77 163 45
77 164 46
77 165 45
77 166 33
77 167 34
77 168 47
77 169 47
78 112 61
78 113 64
78 114 64
78 115 45
78 116 73
78 117 62
78 118 57
78 119 52
78 120 52
78 121 48
78 122 44
78 123 44
78 124 44
78 125 44
78 126 41
78 127 40
78 128 38
78 129 38
78 130 37
78 131 37
78 132 38
78 133 38
78 134 37
78 135 37
78 136 37
78 137 37
78 138 37
78 139 37
78 140 39
78 141 39
78 142 40
78 143 41
78 144 42
78 145 43
78 146 44
78 147 44
78 148 44
78 149 44
78 150 44
78 151 44
78 152 44
78 153 44
78 154 44
78 155 44
78 156 44
78 157 44
78 158 44
78 159 44
78 160 44
78 161 45
78 162 45
78 163 45
78 164 46
78 165 46
78 166 45
78 167 33
78 168 34
78 169 47
78 170 53
79 112 64
79 113 64
79 114 45
79 115 72
79 116 73
79 117 62
79 118 57
79 119 52
79 120 66
79 121 48
79 122 44
79 123 44
79 124 44
79 125 44
79 126 41
79 127 41
79 128 37
79 129 38
79 130 38
79 131 38
79 132 38
79 133 38
79 134 38
79 135 38
79 136 38
79 137 36
79 138 37
79 139 37
79 140 37
79 141 39
79 142 40
79 143 40
79 144 42
79 145 41
79 146 43
79 147 44
79 148 44
79 149 44
79 150 44
79 151 44
79 152 44
79 153 44
79 154 44
79 155 44
79 156 44
79 157 44
79 158 44
79 159 44
79 160 44
79 161 44
79 162 45
79 163 45
79 164 45
79 165 46
79 166 45
79 167 34
79 168 34
79 169 37
79 170 46
80 111 61
80 112 64
80 113 45
80 114 45
80 115 73
80 116 62
80 117 57
80 118 52
80 119 52
80 120 79
80 121 44
80 122 44
80 123 41
80 124 41
80 125 37
80 126 37
80 127 37
80 128 37
80 129 36
80 130 36
80 131 38
80 132 38
80 133 38
80 134 38
80 135 36
80 136 36
80 137 36
80 138 36
80 139 37
80 140 37
80 141 37
80 142 40
80 143 40
80 144 41
80 145 42
80 146 44
80 147 43
80 148 44
80 149 44
80 150 44
80 151 44
80 152 44
80 153 44
80 154 44
80 155 44
80 156 44
80 157 44
80 158 44
80 159 44
80 160 44
80 161 44
80 162 44
80 163 45
80 164 45
80 165 46
80 166 46
80 167 57
80 168 34
80 169 34
80 170 47
80 171 53
81 111 64
81 112 50
81 113 45
81 114 72
81 115 73
81 116 57
81 117 52
81 118 52
81 119 67
81 120 44
81 121 44
81 122 44
81 123 44
81 124 41
81 125 38
81 126 37
81 127 37
81 128 37
81 129 37
81 130 36
81 131 36
81 132 36
81 133 36
81 134 36
81 135 36
81 136 36
81 137 36
81 138 36
81 139 37
81 140 37
81 141 37
81 142 38
81 143 41
81 144 41
81 145 43
81 146 44
81 147 43
81 148 43
81 149 44
81 150 44
81 151 44
81 152 44
81 153 44
81 154 44
81 155 44
81 156 44
81 157 44
81 158 44
81 159 44
81 160 44
81 161 44
81 162 44
81 163 45
81 164 45
81 165 45
81 166 46
81 167 45
81 168 34
81 169 34
81 170 37
81 171 47
82 111 50
82 112 45
82 113 44
82 114 72
82 115 62
82 116 58
82 117 53
82 118 52
82 119 86
82 120 44
82 121 44
82 122 44
82 123 44
82 124 41
82 125 38
82 126 38
82 127 38
82 128 37
82 129 37
82 130 37
82 131 36
82 132 36
82 133 36
82 134 36
82 135 36
82 136 37
82 137 37
82 138 37
82 139 37
82 140 38
82 141 38
82 142 38
82 143 41
82 144 41
82 145 43
82 146 44
82 147 44
82 148 44
82 149 44
82 150 44
82 151 44
82 152 44
82 153 44
82 154 44
82 155 44
82 156 44
82 157 44
82 158 44
82 159 44
82 160 44
82 161 44
82 162 44
82 163 45
82 164 45
82 165 45
82 166 45
82 167 46
82 168 34
82 169 34
82 170 34
82 171 47
82 172 64
83 110 50
83 111 50
83 112 45
83 113 45
83 114 72
83 115 62
83 116 58
83 117 53
83 118 52
83 119 58
83 120 44
83 121 44
83 122 44
83 123 44
83 124 41
83 125 41
83 126 38
83 127 38
83 128 38
83 129 38
83 130 37
83 131 37
83 132 37
83 133 37
83 134 37
83 135 37
83 136 37
83 137 37
83 138 37
83 139 37
83 140 38
83 141 38
83 142 38
83 143 41
83 144 42
83 145 43
83 146 44
83 147 44
83 148 44
83 149 44
83 150 44
83 151 44
83 152 44
83 153 44
83 154 44
83 155 44
83 156 44
83 157 44
83 158 44
83 159 44
83 160 44
83 161 44
83 162 44
83 163 44
83 164 45
83 165 45
83 166 45
83 167 46
83 168 45
83 169 34
83 170 34
83 171 47
83 172 53
84 110 50
84 111 45
84 112 45
84 113 72
84 114 62
84 115 58
84 116 53
84 117 53
84 118 93
84 119 44
84 120 44
84 121 44
84 122 44
84 123 41
84 124 41
84 125 41
84 126 39
84 127 38
84 128 38
84 129 38
84 130 38
84 131 38
84 132 38
84 133 37
84 134 37
84 135 37
84 136 37
84 137 37
84 138 38
84 139 38
84 140 38
84 141 38
84 142 38
84 143 38
84 144 42
84 145 43
84 146 44
84 147 44
84 148 44
84 149 44
84 150 44
84 151 44
84 152 44
84 153 44
84 154 44
84 155 44
84 156 44
84 157 44
84 158 44
84 159 44
84 160 44
84 161 44
84 162 45
84 163 44
84 164 44
84 165 45
84 166 45
84 167 46
84 168 45
84 169 34
84 170 34
84 171 47
84 172 47
85 109 62
85 110 45
85 111 45
85 112 45
85 113 72
85 114 62
85 115 58
85 116 53
85 117 53
85 118 67
85 119 44
85 120 44
85 121 44
85 122 41
85 123 41
85 124 41
85 125 41
85 126 41
85 127 39
85 128 38
85 129 38
85 130 38
85 131 38
85 132 38
85 133 38
85 134 38
85 135 38
85 136 38
85 137 38
85 138 38
85 139 38
85 140 38
85 141 38
85 142 39
85 143 39
85 144 40
85 145 43
85 146 44
85 147 44
85 148 42
85 149 43
85 150 44
85 151 44
85 152 44
85 153 44
85 154 44
85 155 44
85 156 44
85 157 44
85 158 44
85 159 44
85 160 44
85 161 44
85 162 44
85 163 45
85 164 45
85 165 45
85 166 45
85 167 45
85 168 46
85 169 34
85 170 34
85 171 37
85 172 47
86 109 50
86 110 45
86 111 45
86 112 72
86 113 72
86 114 58
86 115 58
86 116 53
86 117 53
86 118 48
86 119 44
86 120 41
86 121 41
86 122 41
86 123 41
86 124 41
86 125 41
86 126 41
86 127 40
86 128 39
86 129 38
86 130 38
86 131 38
86 132 38
86 133 38
86 134 38
86 135 38
86 136 38
86 137 38
86 138 38
86 139 38
86 140 38
86 141 39
86 142 39
86 143 40
86 144 38
86 145 41
86 146 41
86 147 43
86 148 43
86 149 43
86 150 43
86 151 43
86 152 43
86 153 44
86 154 44
86 155 44
86 156 44
86 157 44
86 158 44
86 159 44
86 160 44
86 161 44
86 162 44
86 163 45
86 164 45
86 165 45
86 166 45
86 167 45
86 168 47
86 169 34
86 170 34
86 171 37
86 172 47
87 108 62
87 109 45
87 110 45
87 111 45
87 112 72
87 113 62
87 114 58
87 115 58
87 116 53
87 117 59
87 118 43
87 119 43
87 120 43
87 121 43
87 122 43
87 123 41
87 124 41
87 125 41
87 126 41
87 127 41
87 128 39
87 129 39
87 130 38
87 131 38
87 132 38
87 133 38
87 134 38
87 135 38
87 136 38
87 137 38
87 138 37
87 139 37
87 140 37
87 141 39
87 142 39
87 143 38
87 144 39
87 145 41
87 146 43
87 147 43
87 148 43
87 149 43
87 150 43
87 151 43
87 152 43
87 153 44
87 154 43
87 155 44
87 156 44
87 157 44
87 158 44
87 159 44
87 160 44
87 161 44
87 162 44
87 163 44
87 164 45
87 165 45
87 166 45
87 167 45
87 168 46
87 169 34
87 170 34
87 171 37
87 172 47
87 173 64
88 108 62
88 109 45
88 110 45
88 111 45
88 112 72
88 113 58
88 114 59
88 115 59
88 116 53
88 117 66
88 118 43
88 119 43
88 120 43
88 121 43
88 122 43
88 123 41
88 124 41
88 125 41
88 126 41
88 127 41
88 128 41
88 129 39
88 130 39
88 131 38
88 132 38
88 133 38
88 134 38
88 135 39
88 136 37
88 137 37
88 138 37
88 139 37
88 140 37
88 141 38
88 142 38
88 143 39
88 144 41
88 145 43
88 146 43
88 147 43
88 148 43
88 149 43
88 150 43
88 151 43
88 152 43
88 153 43
88 154 43
88 155 43
88 156 44
88 157 44
88 158 44
88 159 44
88 160 44
88 161 44
88 162 44
88 163 44
88 164 45
88 165 45
88 166 44
88 167 45
88 168 46
88 169 34
88 170 34
88 171 34
88 172 39
88 173 90
89 108 63
89 109 45
89 110 45
89 111 72
89 112 72
89 113 58
89 114 59
89 115 58
89 116 77
89 117 67
89 118 43
89 119 43
89 120 43
89 121 43
89 122 43
89 123 43
89 124 41
89 125 41
89 126 41
89 127 41
89 128 41
89 129 41
89 130 39
89 131 39
89 132 38
89 133 39
89 134 39
89 135 37
89 136 37
89 137 37
89 138 37
89 139 37
89 140 38
89 141 38
89 142 39
89 143 39
89 144 41
89 145 43
89 146 43
89 147 43
89 148 43
89 149 43
89 150 43
89 151 43
89 152 43
89 153 43
89 154 43
89 155 43
89 156 43
89 157 44
89 158 44
89 159 44
89 160 44
89 161 44
89 162 44
89 163 44
89 164 44
89 165 45
89 166 45
89 167 45
89 168 46
89 169 34
89 170 34
89 171 34
89 172 39
89 173 89
90 108 63
90 109 45
90 110 45
90 111 72
90 112 61
90 113 59
90 114 58
90 115 58
90 116 67
90 117 53
90 118 43
90 119 43
90 120 43
90 121 43
90 122 43
90 123 43
90 124 40
90 125 41
90 126 41
90 127 38
90 128 38
90 129 38
90 130 38
90 131 39
90 132 39
90 133 37
90 134 37
90 135 37
90 136 37
90 137 37
90 138 37
90 139 38
90 140 38
90 141 39
90 142 39
90 143 39
90 144 42
90 145 43
90 146 43
90 147 43
90 148 43
90 149 43
90 150 43
90 151 43
90 152 43
90 153 43
90 154 43
90 155 43
90 156 43
90 157 43
90 158 44
90 159 44
90 160 44
90 161 44
90 162 44
90 163 44
90 164 44
90 165 45
90 166 45
90 167 45
90 168 46
90 169 71
90 170 34
90 171 34
90 172 39
90 173 89
91 107 62
91 108 60
91 109 45
91 110 45
91 111 45
91 112 61
91 113 59
91 114 58
91 115 58
91 116 67
91 117 53
91 118 43
91 119 43
91 120 43
91 121 43
91 122 43
91 123 43
91 124 40
91 125 38
91 126 38
91 127 38
91 128 38
91 129 38
91 130 38
91 131 38
91 132 38
91 133 37
91 134 37
91 135 37
91 136 37
91 137 38
91 138 38
91 139 38
91 140 39
91 141 39
91 142 39
91 143 40
91 144 42
91 145 43
91 146 43
91 147 43
91 148 43
91 149 43
91 150 43
91 151 43
91 152 43
91 153 43
91 154 43
91 155 43
91 156 43
91 157 43
91 158 44
91 159 44
91 160 44
91 161 44
91 162 44
91 163 44
91 164 44
91 165 44
91 166 45
91 167 45
91 168 45
91 169 46
91 170 34
91 171 34
91 172 34
91 173 48
92 107 62
92 108 45
92 109 45
92 110 45
92 111 72
92 112 61
92 113 58
92 114 58
92 115 53
92 116 67
92 117 47
92 118 43
92 119 43
92 120 43
92 121 43
92 122 43
92 123 43
92 124 43
92 125 38
92 126 38
92 127 38
92 128 38
92 129 38
92 130 38
92 131 38
92 132 38
92 133 38
92 134 38
92 135 38
92 136 38
92 137 38
92 138 38
92 139 38
92 140 39
92 141 39
92 142 39
92 143 40
92 144 42
92 145 43
92 146 43
92 147 43
92 148 43
92 149 43
92 150 43
92 151 43
92 152 43
92 153 43
92 154 43
92 155 43
92 156 43
92 157 43
92 158 43
92 159 44
92 160 44
92 161 44
92 162 44
92 163 44
92 164 44
92 165 44
92 166 45
92 167 45
92 168 45
92 169 46
92 170 69
92 171 34
92 172 34
92 173 47
93 106 62
93 107 50
93 108 45
93 109 45
93 110 45
93 111 72
93 112 61
93 113 58
93 114 58
93 115 53
93 116 67
93 117 43
93 118 43
93 119 43
93 120 43
93 121 43
93 122 43
93 123 43
93 124 43
93 125 43
93 126 38
93 127 38
93 128 38
93 129 38
93 130 38
93 131 38
93 132 38
93 133 38
93 134 38
93 135 38
93 136 38
93 137 37
93 138 37
93 139 37
93 140 39
93 141 39
93 142 40
93 143 41
93 144 43
93 145 43
93 146 43
93 147 43
93 148 43
93 149 43
93 150 43
93 151 43
93 152 43
93 153 43
93 154 43
93 155 43
93 156 43
93 157 43
93 158 43
93 159 43
93 160 44
93 161 44
93 162 44
93 163 44
93 164 44
93 165 44
93 166 44
93 167 45
93 168 45
93 169 45
93 170 69
93 171 34
93 172 34
93 173 47
94 106 62
94 107 50
94 108 45
94 109 45
94 110 72
94 111 72
94 112 61
94 113 58
94 114 58
94 115 53
94 116 67
94 117 43
94 118 43
94 119 43
94 120 43
94 121 43
94 122 43
94 123 43
94 124 43
94 125 43
94 126 41
94 127 37
94 128 37
94 129 37
94 130 38
94 131 38
94 132 38
94 133 38
94 134 38
94 135 38
94 136 37
94 137 37
94 138 37
94 139 37
94 140 38
94 141 39
94 142 40
94 143 42
94 144 43
94 145 43
94 146 43
94 147 43
94 148 43
94 149 43
94 150 43
94 151 43
94 152 43
94 153 43
94 154 43
94 155 43
94 156 43
94 157 43
94 158 43
94 159 43
94 160 43
94 161 44
94 162 44
94 163 44
94 164 44
94 165 44
94 166 44
94 167 45
94 168 45
94 169 45
94 170 70
94 171 34
94 172 35
94 173 47
95 106 62
95 107 50
95 108 45
95 109 45
95 110 72
95 111 72
95 112 61
95 113 58
95 114 53
95 115 52
95 116 66
95 117 42
95 118 43
95 119 43
95 120 43
95 121 43
95 122 43
95 123 43
95 124 43
95 125 43
95 126 40
95 127 37
95 128 37
95 129 37
95 130 37
95 131 37
95 132 37
95 133 37
95 134 37
95 135 37
95 136 37
95 137 37
95 138 37
95 139 37
95 140 38
95 141 38
95 142 41
95 143 42
95 144 54
95 145 43
95 146 43
95 147 43
95 148 43
95 149 43
95 150 43
95 151 43
95 152 43
95 153 43
95 154 43
95 155 43
95 156 42
95 157 43
95 158 43
95 159 43
95 160 43
95 161 43
95 162 44
95 163 44
95 164 44
95 165 44
95 166 45
95 167 45
95 168 45
95 169 45
95 170 53
95 171 34
95 172 35
95 173 47
95 174 66
96 105 61
96 106 64
96 107 50
96 108 45
96 109 45
96 110 71
96 111 61
96 112 62
96 113 58
96 114 52
96 115 52
96 116 66
96 117 42
96 118 42
96 119 43
96 120 43
96 121 43
96 122 43
96 123 43
96 124 43
96 125 40
96 126 40
96 127 40
96 128 37
96 129 37
96 130 37
96 131 37
96 132 37
96 133 37
96 134 37
96 135 37
96 136 37
96 137 37
96 138 37
96 139 37
96 140 38
96 141 39
96 142 42
96 143 54
96 144 54
96 145 43
96 146 43
96 147 43
96 148 43
96 149 43
96 150 43
96 151 43
96 152 43
96 153 43
96 154 43
96 155 42
96 156 42
96 157 42
96 158 43
96 159 43
96 160 43
96 161 43
96 162 44
96 163 44
96 164 44
96 165 44
96 166 45
96 167 45
96 168 45
96 169 45
96 170 53
96 171 34
96 172 35
96 173 47
96 174 66
97 105 61
97 106 50
97 107 50
97 108 45
97 109 45
97 110 72
97 111 61
97 112 62
97 113 58
97 114 52
97 115 57
97 116 58
97 117 42
97 118 42
97 119 43
97 120 43
97 121 43
97 122 43
97 123 43
97 124 40
97 125 40
97 126 40
97 127 40
97 128 40
97 129 39
97 130 37
97 131 37
97 132 37
97 133 37
97 134 37
97 135 37
97 136 37
97 137 37
97 138 37
97 139 38
97 140 39
97 141 40
97 142 52
97 143 52
97 144 52
97 145 40
97 146 43
97 147 43
97 148 43
97 149 43
97 150 43
97 151 42
97 152 43
97 153 43
97 154 43
97 155 43
97 156 42
97 157 42
97 158 43
97 159 43
97 160 43
97 161 43
97 162 43
97 163 44
97 164 44
97 165 44
97 166 45
97 167 45
97 168 45
97 169 45
97 170 46
97 171 34
97 172 34
97 173 47
97 174 52
98 105 61
98 106 50
98 107 45
98 108 45
98 109 71
98 110 72
98 111 62
98 112 57
98 113 58
98 114 52
98 115 70
98 116 58
98 117 42
98 118 42
98 119 43
98 120 43
98 121 43
98 122 40
98 123 40
98 124 40
98 125 40
98 126 40
98 127 40
98 128 40
98 129 40
98 130 40
98 131 37
98 132 37
98 133 37
98 134 37
98 135 37
98 136 37
98 137 38
98 138 38
98 139 39
98 140 39
98 141 40
98 142 52
98 143 52
98 144 52
98 145 42
98 146 43
98 147 43
98 148 43
98 149 43
98 150 43
98 151 42
98 152 42
98 153 43
98 154 43
98 155 43
98 156 43
98 157 43
98 158 42
98 159 43
98 160 43
98 161 43
98 162 43
98 163 43
98 164 44
98 165 45
98 166 45
98 167 45
98 168 45
98 169 45
98 170 45
98 171 71
98 172 34
98 173 47
98 174 52
99 105 64
99 106 50
99 107 45
99 108 45
99 109 72
99 110 72
99 111 57
99 112 57
99 113 58
99 114 52
99 115 58
99 116 42
99 117 42
99 118 42
99 119 42
99 120 43
99 121 42
99 122 41
99 123 41
99 124 40
99 125 40
99 126 40
99 127 40
99 128 40
99 129 40
99 130 40
99 131 40
99 132 40
99 133 37
99 134 37
99 135 37
99 136 38
99 137 40
99 138 40
99 139 40
99 140 40
99 141 40
99 142 52
99 143 52
99 144 40
99 145 42
99 146 42
99 147 42
99 148 42
99 149 43
99 150 42
99 151 42
99 152 42
99 153 42
99 154 43
99 155 43
99 156 43
99 157 42
99 158 42
99 159 42
99 160 43
99 161 43
99 162 43
99 163 43
99 164 45
99 165 45
99 166 45
99 167 44
99 168 45
99 169 45
99 170 46
99 171 59
99 172 34
99 173 47
99 174 47
100 104 60
100 105 63
100 106 50
100 107 45
100 108 55
100 109 72
100 110 61
100 111 57
100 112 57
100 113 58
100 114 52
100 115 66
100 116 42
100 117 42
100 118 42
100 119 42
100 120 42
100 121 42
100 122 42
100 123 40
100 124 40
100 125 41
100 126 40
100 127 40
100 128 40
100 129 40
100 130 40
100 131 40
100 132 40
100 133 68
100 134 68
100 135 68
100 136 68
100 137 68
100 138 68
100 139 68
100 140 68
100 141 68
100 142 69
100 143 58
100 144 43
100 145 42
100 146 42
100 147 42
100 148 42
100 149 42
100 150 42
100 151 42
100 152 42
100 153 42
100 154 42
100 155 43
100 156 43
100 157 42
100 158 42
100 159 42
100 160 42
100 161 43
100 162 43
100 163 44
100 164 44
100 165 45
100 166 45
100 167 44
100 168 45
100 169 46
100 170 46
100 171 46
100 172 69
100 173 37
100 174 47
101 104 63
101 105 50
101 106 50
101 107 45
101 108 55
101 109 72
101 110 61
101 111 57
101 112 58
101 113 52
101 114 77
101 115 57
101 116 42
101 117 42
101 118 42
101 119 42
101 120 42
101 121 42
101 122 42
101 123 41
101 124 41
101 125 41
101 126 41
101 127 40
101 128 40
101 129 68
101 130 69
101 131 69
101 132 69
101 133 69
101 134 68
101 135 68
101 136 68
101 137 68
101 138 68
101 139 68
101 140 68
101 141 69
101 142 69
101 143 42
101 144 43
101 145 43
101 146 43
101 147 43
101 148 43
101 149 43
101 150 42
101 151 42
101 152 42
101 153 42
101 154 42
101 155 42
101 156 42
101 157 42
101 158 42
101 159 42
101 160 43
101 161 43
101 162 44
101 163 44
101 164 44
101 165 45
101 166 45
101 167 45
101 168 45
101 169 46
101 170 46
101 171 46
101 172 69
101 173 35
101 174 47
102 104 63
102 105 50
102 106 50
102 107 45
102 108 55
102 109 61
102 110 61
102 111 57
102 112 57
102 113 52
102 114 58
102 115 58
102 116 42
102 117 42
102 118 42
102 119 42
102 120 42
102 121 42
102 122 43
102 123 43
102 124 41
102 125 41
102 126 41
102 127 41
102 128 40
102 129 69
102 130 69
102 131 69
102 132 69
102 133 69
102 134 68
102 135 68
102 136 68
102 137 68
102 138 68
102 139 68
102 140 68
102 141 68
102 142 53
102 143 44
102 144 43
102 145 43
102 146 43
102 147 44
102 148 43
102 149 43
102 150 43
102 151 43
102 152 42
102 153 42
102 154 42
102 155 42
102 156 42
102 157 42
102 158 42
102 159 42
102 160 43
102 161 43
102 162 44
102 163 44
102 164 44
102 165 45
102 166 45
102 167 45
102 168 45
102 169 45
102 170 46
102 171 46
102 172 70
102 173 35
102 174 47
103 104 63
103 105 50
103 106 50
103 107 45
103 108 45
103 109 61
103 110 61
103 111 57
103 112 57
103 113 53
103 114 58
103 115 47
103 116 42
103 117 42
103 118 42
103 119 42
103 120 42
103 121 42
103 122 43
103 123 43
103 124 41
103 125 41
103 126 41
103 127 41
103 128 41
103 129 68
103 130 69
103 131 69
103 132 69
103 133 68
103 134 68
103 135 68
103 136 68
103 137 68
103 138 53
103 139 53
103 140 53
103 141 53
103 142 53
103 143 55
103 144 43
103 145 43
103 146 43
103 147 43
103 148 43
103 149 43
103 150 43
103 151 43
103 152 43
103 153 43
103 154 42
103 155 42
103 156 42
103 157 42
103 158 42
103 159 42
103 160 42
103 161 43
103 162 43
103 163 43
103 164 44
103 165 45
103 166 45
103 167 45
103 168 45
103 169 45
103 170 46
103 171 46
103 172 70
103 173 69
103 174 47
103 175 105
104 104 63
104 105 50
104 106 45
104 107 45
104 108 45
104 109 61
104 110 61
104 111 57
104 112 53
104 113 53
104 114 58
104 115 47
104 116 42
104 117 42
104 118 42
104 119 42
104 120 42
104 121 42
104 122 42
104 123 43
104 124 41
104 125 41
104 126 41
104 127 41
104 128 41
104 129 41
104 130 68
104 131 68
104 132 68
104 133 68
104 134 68
104 135 68
104 136 68
104 137 53
104 138 53
104 139 53
104 140 53
104 141 53
104 142 53
104 143 54
104 144 43
104 145 43
104 146 43
104 147 43
104 148 43
104 149 43
104 150 43
104 151 43
104 152 43
104 153 43
104 154 43
104 155 43
104 156 42
104 157 42
104 158 42
104 159 42
104 160 42
104 161 42
104 162 43
104 163 44
104 164 44
104 165 45
104 166 45
104 167 44
104 168 45
104 169 45
104 170 46
104 171 46
104 172 59
104 173 69
104 174 37
104 175 59
105 103 60
105 104 63
105 105 50
105 106 45
105 107 45
105 108 45
105 109 71
105 110 57
105 111 57
105 112 53
105 113 77
105 114 58
105 115 47
105 116 42
105 117 42
105 118 54
105 119 54
105 120 54
105 121 54
105 122 42
105 123 43
105 124 43
105 125 41
105 126 41
105 127 41
105 128 41
105 129 41
105 130 41
105 131 40
105 132 40
105 133 40
105 134 68
105 135 68
105 136 52
105 137 52
105 138 52
105 139 52
105 140 53
105 141 53
105 142 53
105 143 54
105 144 43
105 145 43
105 146 43
105 147 43
105 148 43
105 149 43
105 150 43
105 151 43
105 152 43
105 153 43
105 154 43
105 155 43
105 156 43
105 157 42
105 158 42
105 159 42
105 160 42
105 161 42
105 162 42
105 163 44
105 164 44
105 165 45
105 166 45
105 167 44
105 168 45
105 169 45
105 170 46
105 171 46
105 172 48
105 173 70
105 174 37
105 175 47
105 176 64
106 103 60
106 104 63
106 105 50
106 106 44
106 107 45
106 108 45
106 109 71
106 110 57
106 111 58
106 112 53
106 113 58
106 114 58
106 115 42
106 116 42
106 117 43
106 118 54
106 119 54
106 120 54
106 121 54
106 122 42
106 123 42
106 124 43
106 125 41
106 126 41
106 127 41
106 128 41
106 129 41
106 130 41
106 131 41
106 132 41
106 133 41
106 134 41
106 135 37
106 136 52
106 137 52
106 138 52
106 139 52
106 140 52
106 141 53
106 142 53
106 143 54
106 144 42
106 145 42
106 146 43
106 147 43
106 148 43
106 149 43
106 150 43
106 151 43
106 152 43
106 153 43
106 154 43
106 155 43
106 156 43
106 157 43
106 158 42
106 159 42
106 160 43
106 161 43
106 162 43
106 163 43
106 164 44
106 165 44
106 166 44
106 167 44
106 168 44
106 169 45
106 170 46
106 171 46
106 172 46
106 173 70
106 174 37
106 175 47
106 176 64
107 103 60
107 104 63
107 105 50
107 106 44
107 107 45
107 108 45
107 109 71
107 110 57
107 111 58
107 112 53
107 113 58
107 114 47
107 115 42
107 116 43
107 117 43
107 118 54
107 119 54
107 120 54
107 121 54
107 122 42
107 123 42
107 124 42
107 125 43
107 126 41
107 127 41
107 128 41
107 129 41
107 130 41
107 131 41
107 132 41
107 133 41
107 134 41
107 135 37
107 136 37
107 137 51
107 138 52
107 139 52
107 140 52
107 141 53
107 142 53
107 143 54
107 144 54
107 145 42
107 146 42
107 147 42
107 148 43
107 149 43
107 150 43
107 151 43
107 152 43
107 153 43
107 154 43
107 155 43
107 156 43
107 157 43
107 158 42
107 159 42
107 160 43
107 161 43
107 162 43
107 163 43
107 164 44
107 165 44
107 166 44
107 167 44
107 168 44
107 169 45
107 170 46
107 171 46
107 172 46
107 173 59
107 174 37
107 175 47
107 176 64
108 103 60
108 104 63
108 105 44
108 106 44
108 107 45
108 108 45
108 109 72
108 110 58
108 111 58
108 112 53
108 113 58
108 114 47
108 115 43
108 116 43
108 117 43
108 118 42
108 119 54
108 120 54
108 121 42
108 122 42
108 123 42
108 124 42
108 125 42
108 126 38
108 127 42
108 128 41
108 129 41
108 130 41
108 131 41
108 132 41
108 133 70
108 134 68
108 135 76
108 136 77
108 137 77
108 138 77
108 139 68
108 140 68
108 141 68
108 142 68
108 143 68
108 144 68
108 145 55
108 146 44
108 147 42
108 148 42
108 149 43
108 150 43
108 151 43
108 152 43
108 153 43
108 154 43
108 155 43
108 156 43
108 157 42
108 158 42
108 159 42
108 160 42
108 161 43
108 162 43
108 163 43
108 164 44
108 165 44
108 166 44
108 167 44
108 168 44
108 169 45
108 170 46
108 171 46
108 172 46
108 173 59
108 174 34
108 175 47
108 176 64
109 103 60
109 104 63
109 105 45
109 106 45
109 107 45
109 108 72
109 109 61
109 110 57
109 111 58
109 112 53
109 113 59
109 114 43
109 115 43
109 116 43
109 117 42
109 118 42
109 119 54
109 120 42
109 121 42
109 122 42
109 123 43
109 124 43
109 125 43
109 126 43
109 127 40
109 128 53
109 129 76
109 130 78
109 131 78
109 132 77
109 133 77
109 134 77
109 135 77
109 136 77
109 137 77
109 138 77
109 139 77
109 140 68
109 141 68
109 142 68
109 143 68
109 144 56
109 145 45
109 146 45
109 147 45
109 148 45
109 149 42
109 150 42
109 151 43
109 152 43
109 153 43
109 154 43
109 155 43
109 156 43
109 157 42
109 158 42
109 159 42
109 160 42
109 161 43
109 162 43
109 163 43
109 164 44
109 165 44
109 166 44
109 167 44
109 168 44
109 169 45
109 170 45
109 171 46
109 172 46
109 173 53
109 174 34
109 175 37
109 176 88
110 102 60
110 103 63
110 104 63
110 105 45
110 106 45
110 107 45
110 108 73
110 109 61
110 110 58
110 111 58
110 112 67
110 113 48
110 114 43
110 115 42
110 116 42
110 117 42
110 118 42
110 119 53
110 120 42
110 121 43
110 122 42
110 123 43
110 124 43
110 125 43
110 126 54
110 127 77
110 128 77
110 129 76
110 130 76
110 131 77
110 132 77
110 133 77
110 134 77
110 135 77
110 136 77
110 137 77
110 138 77
110 139 77
110 140 77
110 141 68
110 142 68
110 143 68
110 144 56
110 145 45
110 146 45
110 147 45
110 148 45
110 149 45
110 150 42
110 151 42
110 152 43
110 153 43
110 154 43
110 155 43
110 156 43
110 157 43
110 158 42
110 159 42
110 160 42
110 161 42
110 162 43
110 163 43
110 164 44
110 165 44
110 166 45
110 167 44
110 168 44
110 169 45
110 170 45
110 171 46
110 172 46
110 173 46
110 174 70
110 175 37
110 176 64
111 102 60
111 103 63
111 104 50
111 105 45
111 106 45
111 107 45
111 108 73
111 109 58
111 110 58
111 111 58
111 112 66
111 113 44
111 114 43
111 115 42
111 116 42
111 117 42
111 118 42
111 119 42
111 120 43
111 121 42
111 122 43
111 123 43
111 124 43
111 125 77
111 126 77
111 127 77
111 128 77
111 129 77
111 130 76
111 131 76
111 132 76
111 133 76
111 134 76
111 135 76
111 136 76
111 137 76
111 138 70
111 139 71
111 140 77
111 141 77
111 142 68
111 143 68
111 144 55
111 145 44
111 146 44
111 147 45
111 148 45
111 149 45
111 150 45
111 151 42
111 152 42
111 153 43
111 154 43
111 155 43
111 156 43
111 157 43
111 158 42
111 159 42
111 160 42
111 161 42
111 162 43
111 163 43
111 164 44
111 165 44
111 166 45
111 167 44
111 168 44
111 169 45
111 170 45
111 171 46
111 172 46
111 173 46
111 174 70
111 175 34
111 176 59
112 102 60
112 103 63
112 104 45
112 105 45
112 106 45
112 107 73
112 108 73
112 109 58
112 110 58
112 111 57
112 112 58
112 113 43
112 114 42
112 115 42
112 116 42
112 117 42
112 118 42
112 119 42
112 120 40
112 121 42
112 122 70
112 123 77
112 124 77
112 125 77
112 126 77
112 127 77
112 128 77
112 129 77
112 130 77
112 131 76
112 132 76
112 133 76
112 134 76
112 135 76
112 136 76
112 137 70
112 138 72
112 139 72
112 140 72
112 141 77
112 142 67
112 143 67
112 144 55
112 145 44
112 146 44
112 147 44
112 148 45
112 149 45
112 150 44
112 151 44
112 152 42
112 153 42
112 154 42
112 155 42
112 156 43
112 157 43
112 158 42
112 159 42
112 160 42
112 161 42
112 162 43
112 163 43
112 164 44
112 165 44
112 166 45
112 167 44
112 168 44
112 169 45
112 170 45
112 171 46
112 172 46
112 173 46
112 174 59
112 175 34
112 176 47
113 102 60
113 103 63
113 104 45
113 105 45
113 106 45
113 107 73
113 108 63
113 109 58
113 110 58
113 111 57
113 112 58
113 113 42
113 114 42
113 115 42
113 116 42
113 117 42
113 118 42
113 119 42
113 120 41
113 121 69
113 122 77
113 123 77
113 124 77
113 125 71
113 126 71
113 127 71
113 128 72
113 129 72
113 130 79
113 131 79
113 132 79
113 133 78
113 134 78
113 135 71
113 136 72
113 137 72
113 138 72
113 139 72
113 140 72
113 141 72
113 142 80
113 143 61
113 144 47
113 145 46
113 146 46
113 147 44
113 148 44
113 149 44
113 150 44
113 151 44
113 152 43
113 153 42
113 154 42
113 155 42
113 156 42
113 157 42
113 158 42
113 159 42
113 160 42
113 161 42
113 162 42
113 163 43
113 164 44
113 165 44
113 166 45
113 167 44
113 168 44
113 169 45
113 170 45
113 171 45
113 172 46
113 173 46
113 174 59
113 175 69
113 176 47
113 177 64
114 102 60
114 103 63
114 104 45
114 105 45
114 106 45
114 107 73
114 108 63
114 109 58
114 110 57
114 111 57
114 112 58
114 113 42
114 114 42
114 115 42
114 116 42
114 117 42
114 118 41
114 119 54
114 120 54
114 121 55
114 122 71
114 123 71
114 124 71
114 125 70
114 126 72
114 127 72
114 128 72
114 129 72
114 130 72
114 131 72
114 132 72
114 133 72
114 134 72
114 135 72
114 136 72
114 137 72
114 138 72
114 139 62
114 140 62
114 141 62
114 142 62
114 143 47
114 144 47
114 145 46
114 146 46
114 147 46
114 148 45
114 149 44
114 150 44
114 151 44
114 152 44
114 153 42
114 154 42
114 155 42
114 156 42
114 157 42
114 158 42
114 159 42
114 160 42
114 161 42
114 162 43
114 163 44
114 164 44
114 165 44
114 166 45
114 167 44
114 168 44
114 169 45
114 170 45
114 171 45
114 172 46
114 173 46
114 174 59
114 175 70
114 176 39
114 177 66
115 103 63
115 104 45
115 105 45
115 106 45
115 107 74
115 108 58
115 109 58
115 110 58
115 111 52
115 112 58
115 113 42
115 114 42
115 115 42
115 116 42
115 117 42
115 118 54
115 119 54
115 120 54
115 121 54
115 122 70
115 123 70
115 124 68
115 125 78
115 126 78
115 127 78
115 128 78
115 129 78
115 130 78
115 131 78
115 132 78
115 133 78
115 134 77
115 135 77
115 136 71
115 137 71
115 138 53
115 139 54
115 140 53
115 141 54
115 142 54
115 143 54
115 144 46
115 145 46
115 146 46
115 147 46
115 148 46
115 149 46
115 150 44
115 151 44
115 152 44
115 153 44
115 154 42
115 155 42
115 156 42
115 157 42
115 158 42
115 159 42
115 160 42
115 161 42
115 162 42
115 163 44
115 164 44
115 165 44
115 166 44
115 167 44
115 168 44
115 169 44
115 170 45
115 171 45
115 172 46
115 173 46
115 174 59
115 175 59
115 176 35
115 177 47
116 103 62
116 104 45
116 105 45
116 106 45
116 107 74
116 108 58
116 109 57
116 110 57
116 111 52
116 112 47
116 113 42
116 114 42
116 115 42
116 116 42
116 117 43
116 118 54
116 119 54
116 120 54
116 121 54
116 122 54
116 123 77
116 124 77
116 125 78
116 126 78
116 127 78
116 128 78
116 129 78
116 130 78
116 131 68
116 132 68
116 133 68
116 134 68
116 135 68
116 136 71
116 137 65
116 138 53
116 139 53
116 140 53
116 141 53
116 142 53
116 143 53
116 144 46
116 145 46
116 146 46
116 147 46
116 148 46
116 149 46
116 150 45
116 151 44
116 152 44
116 153 44
116 154 44
116 155 42
116 156 42
116 157 42
116 158 42
116 159 42
116 160 42
116 161 42
116 162 42
116 163 44
116 164 44
116 165 44
116 166 44
116 167 44
116 168 44
116 169 45
116 170 45
116 171 45
116 172 46
116 173 46
116 174 54
116 175 59
116 176 35
116 177 47
117 103 62
117 104 45
117 105 45
117 106 45
117 107 75
117 108 58
117 109 57
117 110 57
117 111 52
117 112 42
117 113 42
117 114 42
117 115 42
117 116 43
117 117 43
117 118 54
117 119 54
117 120 54
117 121 53
117 122 67
117 123 68
117 124 77
117 125 77
117 126 77
117 127 78
117 128 71
117 129 71
117 130 71
117 131 71
117 132 71
117 133 71
117 134 71
117 135 70
117 136 65
117 137 65
117 138 65
117 139 53
117 140 53
117 141 53
117 142 53
117 143 53
117 144 46
117 145 46
117 146 46
117 147 46
117 148 46
117 149 45
117 150 45
117 151 45
117 152 44
117 153 44
117 154 44
117 155 44
117 156 42
117 157 42
117 158 42
117 159 42
117 160 42
117 161 42
117 162 42
117 163 44
117 164 44
117 165 44
117 166 44
117 167 44
117 168 44
117 169 45
117 170 45
117 171 45
117 172 45
117 173 46
117 174 46
117 175 59
117 176 34
117 177 47
118 103 62
118 104 45
118 105 45
118 106 45
118 107 74
118 108 63
118 109 57
118 110 57
118 111 52
118 112 42
118 113 42
118 114 42
118 115 43
118 116 43
118 117 43
118 118 54
118 119 53
118 120 53
118 121 60
118 122 68
118 123 68
118 124 68
118 125 77
118 126 71
118 127 71
118 128 71
118 129 71
118 130 70
118 131 70
118 132 70
118 133 67
118 134 67
118 135 61
118 136 61
118 137 61
118 138 61
118 139 61
118 140 64
118 141 53
118 142 53
118 143 53
118 144 46
118 145 46
118 146 46
118 147 46
118 148 46
118 149 46
118 150 45
118 151 45
118 152 45
118 153 44
118 154 44
118 155 44
118 156 44
118 157 42
118 158 42
118 159 42
118 160 42
118 161 43
118 162 42
118 163 43
118 164 44
118 165 44
118 166 44
118 167 44
118 168 44
118 169 45
118 170 45
118 171 45
118 172 46
118 173 46
118 174 46
118 175 59
118 176 69
118 177 47
119 103 62
119 104 45
119 105 45
119 106 45
119 107 63
119 108 63
119 109 57
119 110 57
119 111 52
119 112 42
119 113 42
119 114 42
119 115 43
119 116 43
119 117 43
119 118 53
119 119 59
119 120 60
119 121 67
119 122 67
119 123 67
119 124 60
119 125 65
119 126 65
119 127 70
119 128 70
119 129 67
119 130 52
119 131 46
119 132 46
119 133 46
119 134 32
119 135 32
119 136 32
119 137 32
119 138 32
119 139 32
119 140 32
119 141 48
119 142 35
119 143 49
119 144 46
119 145 46
119 146 46
119 147 46
119 148 46
119 149 46
119 150 46
119 151 45
119 152 45
119 153 45
119 154 43
119 155 44
119 156 44
119 157 44
119 158 42
119 159 42
119 160 42
119 161 42
119 162 43
119 163 43
119 164 44
119 165 45
119 166 45
119 167 44
119 168 44
119 169 44
119 170 45
119 171 45
119 172 46
119 173 46
119 174 46
119 175 59
119 176 69
119 177 47
120 103 49
120 104 45
120 105 45
120 106 75
120 107 63
120 108 63
120 109 57
120 110 52
120 111 52
120 112 42
120 113 42
120 114 43
120 115 43
120 116 43
120 117 42
120 118 60
120 119 60
120 120 60
120 121 67
120 122 67
120 123 60
120 124 64
120 125 65
120 126 65
120 127 61
120 128 67
120 129 46
120 130 46
120 131 46
120 132 32
120 133 32
120 134 32
120 135 32
120 136 32
120 137 32
120 138 32
120 139 32
120 140 33
120 141 33
120 142 26
120 143 26
120 145 46
120 146 46
120 147 46
120 148 46
120 149 46
120 150 47
120 151 46
120 152 45
120 153 45
120 154 45
120 155 44
120 156 44
120 157 44
120 158 43
120 159 42
120 160 43
120 161 43
120 162 43
120 163 43
120 164 44
120 165 45
120 166 45
120 167 45
120 168 45
120 169 44
120 170 45
120 171 45
120 172 45
120 173 46
120 174 46
120 175 46
120 176 70
120 177 47
121 103 49
121 104 45
121 105 45
121 106 75
121 107 63
121 108 69
121 109 57
121 110 52
121 111 52
121 112 42
121 113 43
121 114 43
121 115 43
121 116 42
121 117 45
121 118 44
121 119 60
121 120 67
121 121 67
121 122 60
121 123 64
121 124 64
121 125 64
121 126 61
121 127 32
121 128 45
121 129 45
121 130 43
121 131 43
121 132 32
121 133 32
121 134 32
121 135 32
121 136 32
121 137 32
121 138 32
121 139 32
121 140 32
121 141 33
121 142 33
121 146 29
121 147 46
121 148 46
121 149 46
121 150 46
121 151 46
121 152 46
121 153 45
121 154 45
121 155 45
121 156 44
121 157 43
121 158 43
121 159 42
121 160 43
121 161 43
121 162 43
121 163 43
121 164 44
121 165 45
121 166 45
121 167 45
121 168 45
121 169 44
121 170 45
121 171 45
121 172 45
121 173 46
121 174 46
121 175 46
121 176 59
121 177 47
122 103 62
122 104 45
122 105 45
122 106 74
122 107 63
122 108 63
122 109 57
122 110 52
122 111 52
122 112 57
122 113 42
122 114 43
122 115 42
122 116 44
122 117 44
122 118 44
122 119 60
122 120 67
122 121 64
122 122 64
122 123 64
122 124 64
122 125 47
122 126 46
122 127 45
122 128 45
122 129 45
122 130 45
122 131 43
122 132 43
122 133 43
122 134 43
122 135 25
122 136 32
122 137 32
122 138 32
122 139 32
122 140 33
122 141 33
122 142 33
122 143 26
122 147 29
122 148 46
122 149 46
122 150 46
122 151 46
122 152 46
122 153 45
122 154 45
122 155 45
122 156 45
122 157 43
122 158 43
122 159 42
122 160 43
122 161 43
122 162 43
122 163 43
122 164 44
122 165 44
122 166 45
122 167 45
122 168 45
122 169 44
122 170 45
122 171 45
122 172 45
122 173 46
122 174 46
122 175 46
122 176 59
122 177 37
122 178 64
123 103 62
123 104 44
123 105 45
123 106 75
123 107 63
123 108 57
123 109 58
123 110 52
123 111 52
123 112 57
123 113 42
123 114 42
123 115 43
123 116 44
123 117 44
123 118 44
123 119 44
123 120 64
123 121 64
123 122 64
123 123 64
123 124 46
123 125 46
123 126 46
123 127 45
123 128 45
123 129 45
123 130 45
123 131 45
123 132 43
123 133 43
123 134 31
123 135 31
123 136 32
123 137 45
123 138 32
123 139 32
123 140 33
123 141 33
123 142 33
123 143 26
123 149 29
123 150 46
123 151 46
123 152 46
123 153 46
123 154 45
123 155 45
123 156 45
123 157 45
123 158 43
123 159 42
123 160 43
123 161 43
123 162 43
123 163 43
123 164 44
123 165 44
123 166 45
123 167 45
123 168 45
123 169 45
123 170 45
123 171 45
123 172 45
123 173 46
123 174 46
123 175 46
123 176 59
123 177 69
123 178 47
124 103 62
124 104 50
124 105 44
124 106 75
124 107 63
124 108 58
124 109 58
124 110 52
124 111 52
124 112 57
124 113 42
124 114 43
124 115 44
124 116 44
124 117 44
124 118 44
124 119 60
124 120 64
124 121 64
124 122 79
124 123 45
124 124 45
124 125 45
124 126 45
124 127 45
124 128 46
124 129 45
124 130 45
124 131 45
124 132 45
124 133 32
124 134 32
124 135 32
124 136 32
124 137 32
124 138 45
124 139 45
124 140 33
124 141 33
124 142 33
124 143 26
124 151 29
124 152 46
124 153 46
124 154 46
124 155 45
124 156 45
124 157 45
124 158 44
124 159 43
124 160 43
124 161 43
124 162 43
124 163 44
124 164 44
124 165 44
124 166 45
124 167 44
124 168 45
124 169 45
124 170 45
124 171 45
124 172 45
124 173 46
124 174 46
124 175 46
124 176 54
124 177 70
124 178 47
125 103 62
125 104 50
125 105 73
125 106 74
125 107 63
125 108 58
125 109 58
125 110 53
125 111 52
125 112 57
125 113 42
125 114 43
125 115 44
125 116 45
125 117 48
125 118 45
125 119 60
125 120 63
125 121 78
125 122 59
125 123 45
125 124 45
125 125 45
125 126 45
125 127 45
125 128 45
125 129 54
125 130 53
125 131 53
125 132 43
125 133 32
125 134 32
125 135 32
125 136 32
125 137 32
125 138 32
125 139 45
125 140 46
125 141 33
125 142 33
125 143 26
125 144 26
125 152 29
125 153 46
125 154 46
125 155 46
125 156 45
125 157 45
125 158 45
125 159 44
125 160 43
125 161 43
125 162 43
125 163 44
125 164 44
125 165 44
125 166 44
125 167 44
125 168 45
125 169 45
125 170 45
125 171 45
125 172 45
125 173 46
125 174 46
125 175 46
125 176 46
125 177 70
125 178 47
126 103 62
126 104 49
126 105 73
126 106 74
126 107 58
126 108 58
126 109 58
126 110 53
126 111 52
126 112 57
126 113 42
126 114 43
126 115 45
126 116 48
126 117 48
126 118 49
126 119 60
126 120 70
126 121 59
126 122 45
126 123 45
126 124 45
126 125 45
126 126 54
126 127 54
126 128 54
126 129 54
126 130 54
126 131 45
126 132 43
126 133 44
126 134 44
126 135 44
126 136 32
126 137 32
126 138 32
126 139 32
126 140 46
126 141 33
126 142 26
126 143 26
126 144 26
126 153 29
126 154 46
126 155 46
126 156 46
126 157 45
126 158 44
126 159 44
126 160 43
126 161 43
126 162 44
126 163 44
126 164 44
126 165 44
126 166 44
126 167 44
126 168 45
126 169 45
126 170 45
126 171 45
126 172 45
126 173 46
126 174 45
126 175 46
126 176 46
126 177 69
126 178 47
127 103 60
127 104 49
127 105 73
127 106 73
127 107 58
127 108 58
127 109 58
127 110 52
127 111 52
127 112 65
127 113 43
127 114 43
127 115 44
127 116 48
127 117 48
127 118 49
127 119 64
127 120 33
127 121 33
127 122 45
127 123 45
127 124 45
127 125 54
127 126 54
127 127 54
127 128 54
127 129 54
127 130 54
127 131 45
127 132 45
127 133 45
127 134 45
127 135 45
127 136 45
127 137 32
127 138 32
127 139 33
127 140 32
127 141 33
127 142 26
127 143 26
127 144 26
127 154 45
127 155 45
127 156 46
127 157 45
127 158 44
127 159 43
127 160 42
127 161 43
127 162 44
127 163 44
127 164 43
127 165 44
127 166 44
127 167 44
127 168 45
127 169 45
127 170 45
127 171 45
127 172 45
127 173 46
127 174 45
127 175 46
127 176 48
127 177 35
127 178 47
128 104 49
128 105 73
128 106 73
128 107 58
128 108 67
128 109 58
128 110 52
128 111 52
128 112 51
128 113 58
128 114 44
128 115 48
128 116 48
128 117 49
128 118 36
128 119 33
128 120 33
128 121 32
128 122 45
128 123 54
128 124 54
128 125 54
128 126 54
128 127 54
128 128 54
128 129 54
128 130 55
128 131 45
128 132 45
128 133 54
128 134 54
128 135 54
128 136 45
128 137 45
128 138 45
128 139 33
128 140 33
128 141 33
128 142 26
128 143 26
128 144 26
128 155 45
128 156 46
128 157 46
128 158 44
128 159 43
128 160 42
128 161 43
128 162 44
128 163 44
128 164 44
128 165 44
128 166 44
128 167 44
128 168 45
128 169 45
128 170 45
128 171 45
128 172 45
128 173 46
128 174 45
128 175 46
128 176 58
128 177 35
128 178 37
129 104 62
129 105 73
129 106 73
129 107 58
129 108 67
129 109 58
129 110 52
129 111 52
129 112 52
129 113 58
129 114 45
129 115 48
129 116 57
129 117 46
129 118 47
129 119 33
129 120 33
129 121 32
129 122 45
129 123 54
129 124 54
129 125 54
129 126 54
129 127 54
129 128 54
129 129 54
129 130 54
129 131 54
129 132 54
129 133 54
129 134 54
129 135 54
129 136 54
129 137 45
129 138 45
129 139 45
129 140 33
129 141 33
129 142 33
129 143 26
129 144 26
129 155 29
129 156 45
129 157 45
129 158 45
129 159 43
129 160 43
129 161 43
129 162 44
129 163 44
129 164 44
129 165 44
129 166 44
129 167 45
129 168 45
129 169 45
129 170 45
129 171 45
129 172 45
129 173 46
129 174 46
129 175 46
129 176 34
129 177 35
129 178 37
130 105 72
130 106 62
130 107 58
130 108 77
130 109 57
130 110 52
130 111 52
130 112 52
130 113 67
130 114 59
130 115 28
130 116 44
130 117 43
130 118 49
130 119 33
130 120 33
130 121 45
130 122 45
130 123 45
130 124 45
130 125 54
130 126 54
130 127 54
130 128 55
130 129 55
130 130 55
130 131 55
130 132 55
130 133 55
130 134 55
130 135 55
130 136 55
130 137 54
130 138 45
130 139 45
130 140 45
130 141 33
130 142 33
130 143 26
130 144 26
130 156 45
130 157 45
130 158 45
130 159 43
130 160 43
130 161 43
130 162 44
130 163 44
130 164 44
130 165 44
130 166 44
130 167 45
130 168 45
130 169 45
130 170 45
130 171 45
130 172 45
130 173 46
130 174 46
130 175 70
130 176 34
130 177 35
130 178 35
131 105 49
131 106 62
131 107 58
131 108 76
131 109 60
131 110 57
131 111 52
131 112 52
131 113 53
131 114 50
131 116 44
131 117 43
131 118 49
131 119 26
131 120 33
131 121 45
131 122 45
131 123 45
131 124 54
131 125 54
131 126 54
131 127 54
131 128 54
131 129 55
131 130 55
131 131 55
131 132 55
131 133 55
131 134 55
131 135 55
131 136 55
131 137 55
131 138 52
131 139 45
131 140 45
131 141 45
131 142 33
131 143 26
131 144 26
131 157 45
131 158 45
131 159 43
131 160 43
131 161 43
131 162 44
131 163 44
131 164 44
131 165 44
131 166 44
131 167 44
131 168 45
131 169 45
131 170 45
131 171 45
131 172 45
131 173 46
131 174 48
131 175 35
131 176 34
131 177 35
131 178 35
131 179 64
132 105 59
132 106 62
132 107 58
132 108 77
132 109 66
132 110 57
132 111 52
132 112 53
132 113 53
132 114 47
132 115 29
132 116 44
132 117 43
132 118 49
132 119 35
132 120 45
132 121 45
132 122 45
132 123 54
132 124 54
132 125 54
132 126 54
132 127 54
132 128 54
132 129 55
132 130 55
132 131 55
132 132 55
132 133 55
132 134 55
132 135 54
132 136 55
132 137 52
132 138 52
132 139 54
132 140 45
132 141 45
132 142 46
132 143 33
132 144 26
132 158 28
132 159 56
132 160 43
132 161 44
132 162 44
132 163 44
132 164 44
132 165 44
132 166 44
132 167 44
132 168 45
132 169 45
132 170 45
132 171 45
132 172 45
132 173 45
132 174 89
132 175 35
132 176 35
132 177 34
132 178 35
132 179 64
133 106 62
133 107 58
133 108 77
133 109 79
133 110 57
133 111 57
133 112 53
133 113 44
133 114 70
133 115 29
133 117 43
133 118 34
133 119 26
133 120 33
133 121 45
133 122 54
133 123 54
133 124 54
133 125 54
133 126 54
133 127 54
133 128 54
133 129 54
133 130 54
133 131 55
133 132 54
133 133 55
133 134 55
133 135 55
133 136 55
133 137 54
133 138 54
133 139 54
133 140 54
133 141 45
133 142 45
133 143 46
133 159 45
133 160 42
133 161 43
133 162 44
133 163 44
133 164 44
133 165 45
133 166 44
133 167 44
133 168 45
133 169 45
133 170 45
133 171 45
133 172 46
133 173 48
133 174 34
133 175 35
133 176 35
133 177 34
133 178 47
133 179 66
134 106 61
134 107 58
134 108 77
134 109 79
134 110 57
134 111 57
134 112 53
134 113 38
134 114 35
134 115 29
134 118 26
134 119 26
134 120 33
134 121 54
134 122 54
134 123 54
134 124 54
134 125 54
134 126 54
134 127 54
134 128 55
134 129 54
134 130 54
134 131 55
134 132 55
134 133 55
134 134 55
134 135 55
134 136 54
134 137 54
134 138 54
134 139 54
134 140 54
134 141 45
134 142 46
134 143 33
134 144 25
134 159 28
134 160 42
134 161 43
134 162 43
134 163 44
134 164 44
134 165 45
134 166 45
134 167 45
134 168 45
134 169 45
134 170 45
134 171 45
134 172 45
134 173 66
134 174 34
134 175 34
134 176 35
134 177 35
134 178 47
135 106 77
135 107 58
135 108 58
135 109 75
135 110 57
135 111 57
135 112 58
135 113 38
135 114 57
135 115 29
135 118 26
135 119 33
135 120 46
135 121 45
135 122 54
135 123 54
135 124 54
135 125 54
135 126 55
135 127 54
135 128 54
135 129 55
135 130 54
135 131 54
135 132 54
135 133 55
135 134 54
135 135 54
135 136 54
135 137 54
135 138 54
135 139 54
135 140 55
135 141 46
135 142 33
135 143 33
135 144 26
135 160 43
135 161 43
135 162 43
135 163 44
135 164 44
135 165 45
135 166 45
135 167 45
135 168 45
135 169 45
135 170 45
135 171 45
135 172 45
135 173 88
135 174 35
135 175 34
135 176 35
135 177 39
135 178 47
136 106 91
136 107 58
136 108 58
136 109 75
136 110 57
136 111 58
136 112 58
136 113 38
136 114 58
136 115 29
136 118 26
136 119 46
136 120 46
136 121 45
136 122 45
136 123 54
136 124 55
136 125 55
136 126 55
136 127 55
136 128 54
136 129 58
136 130 58
136 131 58
136 132 58
136 133 59
136 134 59
136 135 59
136 136 55
136 137 55
136 138 55
136 139 53
136 140 46
136 141 46
136 142 33
136 143 33
136 144 26
136 160 44
136 161 54
136 162 43
136 163 44
136 164 44
136 165 45
136 166 45
136 167 45
136 168 45
136 169 45
136 170 45
136 171 45
136 172 62
136 173 35
136 174 35
136 175 35
136 176 35
136 177 47
137 106 91
137 107 71
137 108 58
137 109 75
137 110 56
137 111 58
137 112 58
137 113 38
137 114 48
137 115 46
137 118 26
137 119 46
137 120 46
137 121 45
137 122 45
137 123 55
137 124 55
137 125 55
137 126 55
137 127 55
137 128 58
137 129 58
137 130 58
137 131 58
137 132 58
137 133 58
137 134 59
137 135 59
137 136 59
137 137 59
137 138 53
137 139 53
137 140 53
137 141 46
137 142 46
137 143 33
137 144 26
137 145 26
137 159 28
137 160 44
137 161 54
137 162 54
137 163 44
137 164 44
137 165 45
137 166 44
137 167 45
137 168 45
137 169 45
137 170 45
137 171 45
137 172 88
137 173 35
137 174 35
137 175 35
137 176 47
137 177 52
138 106 75
138 107 80
138 108 58
138 109 88
138 110 56
138 111 58
138 112 58
138 113 38
138 114 48
138 115 47
138 118 26
138 119 46
138 120 46
138 121 46
138 122 45
138 123 55
138 124 55
138 125 55
138 126 59
138 127 59
138 128 59
138 129 58
138 130 58
138 131 59
138 132 59
138 133 59
138 134 59
138 135 59
138 136 56
138 137 57
138 138 57
138 139 53
138 140 53
138 141 53
138 142 46
138 143 33
138 144 26
138 145 26
138 159 28
138 160 43
138 161 43
138 162 55
138 163 44
138 164 44
138 165 44
138 166 44
138 167 44
138 168 45
138 169 45
138 170 45
138 171 45
138 172 68
138 173 35
138 174 35
138 175 37
138 176 52
139 106 84
139 107 88
139 108 66
139 109 79
139 110 64
139 111 58
139 112 58
139 113 47
139 114 48
139 115 47
139 118 26
139 119 46
139 120 46
139 121 46
139 122 55
139 123 54
139 124 54
139 125 61
139 126 61
139 127 61
139 128 59
139 129 59
139 130 59
139 131 58
139 132 58
139 133 58
139 134 56
139 135 57
139 136 57
139 137 57
139 138 57
139 139 57
139 140 53
139 141 53
139 142 46
139 143 33
139 144 26
139 160 43
139 161 43
139 162 54
139 163 44
139 164 44
139 165 44
139 166 44
139 167 44
139 168 45
139 169 45
139 170 45
139 171 72
139 172 35
139 173 35
139 174 35
139 175 47
140 106 84
140 107 88
140 108 80
140 109 81
140 110 64
140 111 58
140 112 50
140 113 47
140 114 47
140 115 47
140 118 26
140 119 46
140 120 46
140 121 55
140 122 54
140 123 58
140 124 60
140 125 60
140 126 59
140 127 62
140 128 59
140 129 57
140 130 56
140 131 56
140 132 57
140 133 57
140 134 57
140 135 57
140 136 57
140 137 57
140 138 57
140 139 57
140 140 57
140 141 54
140 142 54
140 143 46
140 144 26
140 160 44
140 161 43
140 162 54
140 163 44
140 164 45
140 165 44
140 166 44
140 167 44
140 168 45
140 169 45
140 170 45
140 171 69
140 172 35
140 173 35
140 174 37
140 175 63
141 106 63
141 107 90
141 108 80
141 109 72
141 110 63
141 111 58
141 112 47
141 113 47
141 114 38
141 115 47
141 118 26
141 119 46
141 120 55
141 121 54
141 122 58
141 123 58
141 124 60
141 125 60
141 126 60
141 127 60
141 128 59
141 129 69
141 130 67
141 131 67
141 132 67
141 133 67
141 134 67
141 135 67
141 136 67
141 137 57
141 138 57
141 139 57
141 140 58
141 141 54
141 142 54
141 143 45
141 144 26
141 160 44
141 161 43
141 162 43
141 163 44
141 164 45
141 165 44
141 166 44
141 167 44
141 168 45
141 169 45
141 170 56
141 171 69
141 172 35
141 173 35
141 174 47
142 106 63
142 107 91
142 108 80
142 109 67
142 110 64
142 111 58
142 112 47
142 113 47
142 114 38
142 115 48
142 118 26
142 119 26
142 120 55
142 121 59
142 122 58
142 123 58
142 124 60
142 125 60
142 126 70
142 127 70
142 128 70
142 129 44
142 130 43
142 131 41
142 132 41
142 133 41
142 134 41
142 135 41
142 136 41
142 137 67
142 138 67
142 139 58
142 140 58
142 141 58
142 142 55
142 143 45
142 144 26
142 160 27
142 161 43
142 162 44
142 163 45
142 164 45
142 165 45
142 166 44
142 167 44
142 168 44
142 169 45
142 170 72
142 171 69
142 172 35
142 173 34
142 174 87
143 106 62
143 107 74
143 108 80
143 109 67
143 110 66
143 111 49
143 112 47
143 113 47
143 114 38
143 115 37
143 116 46
143 118 27
143 119 26
143 120 58
143 121 58
143 122 58
143 123 58
143 124 60
143 125 70
143 126 70
143 127 70
143 128 46
143 129 46
143 130 45
143 131 43
143 132 42
143 133 42
143 134 41
143 135 41
143 136 41
143 137 41
143 138 68
143 139 69
143 140 59
143 141 59
143 142 55
143 143 45
143 144 42
143 160 27
143 161 43
143 162 54
143 163 45
143 164 45
143 165 45
143 166 44
143 167 44
143 168 45
143 169 45
143 170 47
143 171 68
143 172 35
143 173 37
144 106 62
144 107 50
144 108 57
144 109 67
144 110 60
144 111 47
144 112 47
144 113 47
144 114 38
144 115 38
144 116 37
144 117 27
144 118 27
144 119 27
144 120 58
144 121 58
144 122 58
144 123 59
144 124 70
144 125 70
144 126 46
144 127 47
144 128 46
144 129 46
144 130 46
144 131 46
144 132 43
144 133 43
144 134 42
144 135 42
144 136 42
144 137 44
144 138 44
144 139 44
144 140 69
144 141 59
144 142 59
144 143 45
144 144 42
144 160 27
144 161 43
144 162 54
144 163 45
144 164 45
144 165 45
144 166 45
144 167 45
144 168 45
144 169 56
144 170 47
144 171 34
144 172 35
144 173 53
145 106 61
145 107 45
145 108 71
145 109 84
145 110 53
145 111 46
145 112 47
145 113 47
145 114 47
145 115 38
145 116 48
145 117 48
145 118 28
145 119 43
145 120 50
145 121 58
145 122 58
145 123 70
145 124 46
145 125 47
145 126 47
145 127 47
145 128 47
145 129 46
145 130 46
145 131 47
145 132 46
145 133 45
145 134 45
145 135 45
145 136 45
145 137 45
145 138 45
145 139 45
145 140 45
145 141 70
145 142 58
145 143 46
145 144 42
145 161 43
145 162 55
145 163 45
145 164 45
145 165 45
145 166 45
145 167 45
145 168 45
145 169 72
145 170 69
145 171 35
145 172 35
145 173 63
146 106 63
146 107 46
146 108 71
146 109 97
146 110 49
146 111 46
146 112 47
146 113 47
146 114 47
146 115 37
146 116 48
146 117 41
146 118 49
146 119 50
146 120 50
146 121 58
146 122 68
146 123 47
146 124 46
146 125 47
146 126 47
146 127 47
146 128 47
146 129 47
146 130 47
146 131 47
146 132 47
146 133 46
146 134 46
146 135 46
146 136 46
146 137 46
146 138 46
146 139 46
146 140 46
146 141 68
146 142 58
146 143 58
146 144 43
146 161 43
146 162 45
146 163 45
146 164 45
146 165 45
146 166 45
146 167 45
146 168 45
146 169 47
146 170 69
146 171 35
146 172 37
147 106 61
147 107 50
147 108 71
147 109 108
147 110 52
147 111 45
147 112 47
147 113 47
147 114 47
147 115 47
147 116 38
147 117 41
147 118 34
147 119 50
147 120 50
147 121 68
147 122 43
147 123 46
147 124 46
147 125 47
147 126 47
147 127 47
147 128 47
147 129 47
147 130 47
147 131 47
147 132 47
147 133 47
147 134 47
147 135 47
147 136 46
147 137 46
147 138 46
147 139 46
147 140 43
147 141 43
147 142 68
147 143 58
147 144 25
147 161 59
147 162 45
147 163 46
147 164 45
147 165 45
147 166 45
147 167 44
147 168 62
147 169 69
147 170 35
147 171 35
147 172 65
148 106 61
148 107 50
148 108 46
148 109 108
148 110 61
148 111 45
148 112 45
148 113 47
148 114 47
148 115 47
148 116 48
148 117 48
148 118 44
148 119 56
148 120 68
148 121 43
148 122 43
148 123 44
148 124 46
148 125 47
148 126 49
148 127 49
148 128 47
148 129 47
148 130 47
148 131 47
148 132 47
148 133 47
148 134 47
148 135 47
148 136 47
148 137 47
148 138 46
148 139 43
148 140 43
148 141 44
148 142 44
148 143 69
148 144 38
148 161 59
148 162 46
148 163 46
148 164 45
148 165 45
148 166 45
148 167 47
148 168 79
148 169 76
148 170 35
148 171 58
149 107 50
149 108 50
149 109 98
149 110 61
149 111 45
149 112 45
149 113 45
149 114 73
149 115 58
149 116 58
149 117 48
149 118 44
149 119 52
149 120 72
149 121 43
149 122 42
149 123 42
149 124 47
149 125 49
149 126 49
149 127 49
149 128 49
149 129 49
149 130 47
149 131 47
149 132 47
149 133 47
149 134 47
149 135 47
149 136 47
149 137 43
149 138 44
149 139 44
149 140 44
149 141 44
149 142 44
149 143 69
149 144 38
149 161 70
149 162 46
149 163 49
149 164 48
149 165 48
149 166 48
149 167 65
149 168 92
149 169 70
149 170 58
149 171 63
150 107 61
150 108 50
150 109 82
150 110 61
150 111 60
150 112 45
150 113 45
150 114 45
150 115 73
150 116 58
150 117 58
150 118 49
150 119 52
150 120 52
150 121 76
150 122 43
150 123 43
150 124 45
150 125 46
150 126 45
150 127 49
150 128 49
150 129 49
150 130 49
150 131 49
150 132 47
150 133 47
150 134 47
150 135 47
150 136 44
150 137 44
150 138 44
150 139 44
150 140 44
150 141 44
150 142 44
150 143 45
150 144 40
150 161 46
150 162 49
150 163 49
150 164 48
150 165 48
150 166 48
150 167 78
150 168 76
150 169 47
151 107 61
151 108 50
151 109 55
151 110 60
151 111 60
151 112 45
151 113 45
151 114 45
151 115 45
151 116 73
151 117 59
151 118 48
151 119 60
151 120 52
151 121 52
151 122 43
151 123 42
151 124 43
151 125 46
151 126 49
151 127 49
151 128 49
151 129 49
151 130 49
151 131 49
151 132 49
151 133 49
151 134 47
151 135 44
151 136 44
151 137 44
151 138 44
151 139 44
151 140 47
151 141 48
151 142 49
151 143 42
151 144 59
151 161 28
151 162 49
151 163 49
151 164 48
151 165 48
151 166 77
151 167 68
151 168 85
152 108 50
152 109 45
152 110 57
152 111 44
152 112 45
152 113 45
152 114 45
152 115 45
152 116 45
152 117 73
152 118 59
152 119 52
152 120 52
152 121 52
152 122 43
152 123 43
152 124 43
152 125 49
152 126 49
152 127 49
152 128 49
152 129 49
152 130 49
152 131 49
152 132 50
152 133 50
152 134 50
152 135 50
152 136 50
152 137 47
152 138 48
152 139 50
152 140 51
152 141 50
152 142 46
152 143 43
152 144 59
152 162 49
152 163 49
152 164 57
152 165 57
152 166 53
152 167 97
152 168 60
153 108 63
153 109 45
153 110 55
153 111 45
153 112 45
153 113 45
153 114 45
153 115 45
153 116 45
153 117 45
153 118 59
153 119 58
153 120 52
153 121 52
153 122 43
153 123 44
153 124 43
153 125 49
153 126 49
153 127 49
153 128 49
153 129 49
153 130 49
153 131 49
153 132 50
153 133 50
153 134 50
153 135 50
153 136 50
153 137 50
153 138 50
153 139 50
153 140 50
153 141 51
153 142 46
153 143 43
153 144 43
153 145 24
153 162 48
153 163 59
153 164 58
153 165 52
153 166 81
153 167 85
153 168 60
154 108 63
154 109 72
154 110 57
154 111 45
154 112 45
154 113 45
154 114 45
154 115 45
154 116 45
154 117 48
154 118 50
154 119 58
154 120 53
154 121 77
154 122 43
154 123 44
154 124 43
154 125 46
154 126 47
154 127 49
154 128 49
154 129 49
154 130 49
154 131 49
154 132 50
154 133 50
154 134 50
154 135 50
154 136 50
154 137 50
154 138 50
154 139 50
154 140 50
154 141 47
154 142 43
154 143 46
154 144 45
154 145 26
154 162 49
154 163 59
154 164 58
154 165 52
154 166 66
154 167 61
155 108 63
155 109 72
155 110 57
155 111 45
155 112 45
155 113 45
155 114 45
155 115 45
155 116 45
155 117 48
155 118 49
155 119 58
155 120 53
155 121 53
155 122 43
155 123 44
155 124 43
155 125 46
155 126 49
155 127 49
155 128 49
155 129 49
155 130 49
155 131 49
155 132 49
155 133 50
155 134 50
155 135 50
155 136 50
155 137 50
155 138 50
155 139 50
155 140 50
155 141 47
155 142 47
155 143 49
155 144 46
155 145 40
155 162 57
155 163 58
155 164 52
155 165 61
155 166 77
155 167 61
156 108 61
156 109 87
156 110 48
156 111 45
156 112 45
156 113 45
156 114 45
156 115 45
156 116 45
156 117 48
156 118 47
156 119 58
156 120 52
156 121 53
156 122 43
156 123 43
156 124 42
156 125 48
156 126 49
156 127 49
156 128 49
156 129 49
156 130 49
156 131 49
156 132 49
156 133 49
156 134 49
156 135 49
156 136 51
156 137 50
156 138 50
156 139 63
156 140 63
156 141 47
156 142 50
156 143 49
156 144 46
156 145 43
156 147 5
156 148 5
156 162 57
156 163 58
156 164 62
156 165 65
156 166 76
157 109 84
157 110 49
157 111 45
157 112 56
157 113 45
157 114 45
157 115 45
157 116 45
157 117 49
157 118 47
157 119 58
157 120 52
157 121 43
157 122 43
157 123 42
157 124 42
157 125 48
157 126 49
157 127 49
157 128 49
157 129 49
157 130 49
157 131 49
157 132 49
157 133 49
157 134 50
157 135 49
157 136 50
157 137 50
157 138 63
157 139 69
157 140 63
157 141 68
157 142 50
157 143 49
157 144 43
157 145 44
157 147 5
157 162 58
157 163 58
157 164 62
157 165 65
157 166 85
158 109 83
158 110 65
158 111 45
158 112 56
158 113 46
158 114 45
158 115 45
158 116 48
158 117 47
158 118 48
158 119 53
158 120 52
158 121 43
158 122 43
158 123 42
158 124 41
158 125 45
158 126 49
158 127 49
158 128 49
158 129 49
158 130 49
158 131 49
158 132 49
158 133 49
158 134 50
158 135 50
158 136 50
158 137 50
158 138 50
158 139 50
158 140 50
158 141 68
158 142 50
158 143 50
158 144 43
158 145 44
158 146 26
158 147 5
158 162 49
158 163 58
158 164 62
158 165 78
158 166 84
159 109 61
159 110 89
159 111 45
159 112 45
159 113 46
159 114 46
159 115 45
159 116 48
159 117 47
159 118 48
159 119 53
159 120 52
159 121 43
159 122 43
159 123 43
159 124 42
159 125 45
159 126 46
159 127 48
159 128 48
159 129 49
159 130 49
159 131 49
159 132 49
159 133 49
159 134 50
159 135 50
159 136 50
159 137 50
159 138 50
159 139 64
159 140 64
159 141 85
159 142 53
159 143 50
159 144 46
159 145 48
159 146 39
159 162 49
159 163 58
159 164 70
159 165 79
159 166 85
160 109 61
160 110 61
160 111 45
160 112 45
160 113 56
160 114 46
160 115 46
160 116 48
160 117 48
160 118 48
160 119 53
160 120 53
160 121 43
160 122 44
160 123 43
160 124 42
160 125 42
160 126 48
160 127 48
160 128 48
160 129 48
160 130 48
160 131 49
160 132 49
160 133 49
160 134 50
160 135 50
160 136 50
160 137 50
160 138 50
160 139 63
160 140 63
160 141 101
160 142 56
160 143 50
160 144 52
160 145 49
160 146 27
160 147 5
160 161 44
160 162 50
160 163 59
160 164 73
160 165 82
160 166 61
161 110 45
161 111 45
161 112 45
161 113 46
161 114 45
161 115 46
161 116 48
161 117 47
161 118 49
161 119 42
161 120 53
161 121 48
161 122 44
161 123 43
161 124 43
161 125 45
161 126 48
161 127 48
161 128 48
161 129 48
161 130 48
161 131 49
161 132 49
161 133 49
161 134 49
161 135 50
161 136 50
161 137 50
161 138 64
161 139 68
161 140 68
161 141 104
161 142 82
161 143 62
161 144 62
161 145 49
161 161 44
161 162 50
161 163 58
161 164 73
161 165 91
161 166 61
162 110 45
162 111 44
162 112 45
162 113 46
162 114 45
162 115 45
162 116 48
162 117 47
162 118 49
162 119 37
162 120 52
162 121 48
162 122 44
162 123 43
162 124 43
162 125 46
162 126 45
162 127 46
162 128 48
162 129 48
162 130 48
162 131 49
162 132 49
162 133 49
162 134 49
162 135 50
162 136 49
162 137 50
162 138 63
162 139 68
162 140 68
162 141 94
162 142 82
162 143 84
162 144 62
162 145 46
162 161 44
162 162 50
162 163 63
162 164 66
162 165 86
162 166 61
163 110 45
163 111 44
163 112 45
163 113 45
163 114 45
163 115 45
163 116 48
163 117 47
163 118 48
163 119 47
163 120 62
163 121 44
163 122 44
163 123 43
163 124 43
163 125 46
163 126 46
163 127 48
163 128 48
163 129 48
163 130 49
163 131 49
163 132 49
163 133 49
163 134 49
163 135 49
163 136 49
163 137 50
163 138 80
163 139 80
163 140 63
163 141 90
163 142 62
163 143 62
163 144 62
163 161 27
163 162 50
163 163 71
163 164 79
163 165 103
163 166 61
164 110 45
164 111 45
164 112 45
164 113 45
164 114 45
164 115 45
164 116 48
164 117 47
164 118 48
164 119 47
164 120 58
164 121 44
164 122 44
164 123 44
164 124 43
164 125 45
164 126 48
164 127 48
164 128 48
164 129 48
164 130 48
164 131 48
164 132 49
164 133 49
164 134 49
164 135 49
164 136 49
164 137 50
164 138 79
164 139 79
164 140 63
164 141 73
164 142 62
164 143 62
164 144 48
164 162 59
164 163 71
164 164 80
164 165 103
164 166 63
165 110 45
165 111 45
165 112 45
165 113 45
165 114 45
165 115 45
165 116 48
165 117 47
165 118 48
165 119 47
165 120 34
165 121 44
165 122 44
165 123 44
165 124 44
165 125 44
165 126 48
165 127 48
165 128 48
165 129 48
165 130 48
165 131 49
165 132 49
165 133 49
165 134 49
165 135 49
165 136 49
165 137 58
165 138 49
165 139 49
165 140 63
165 141 73
165 142 69
165 143 52
165 144 48
165 162 50
165 163 74
165 164 80
165 165 104
165 166 61
166 110 72
166 111 45
166 112 45
166 113 45
166 114 46
166 115 46
166 116 48
166 117 47
166 118 47
166 119 47
166 120 34
166 122 44
166 123 44
166 124 44
166 125 43
166 126 45
166 127 48
166 128 48
166 129 48
166 130 48
166 131 49
166 132 49
166 133 49
166 134 49
166 135 49
166 136 49
166 137 50
166 138 49
166 139 49
166 140 87
166 141 85
166 142 69
166 143 48
166 144 48
166 162 49
166 163 76
166 164 80
166 165 86
166 166 61
167 110 68
167 111 44
167 112 45
167 113 45
167 114 45
167 115 75
167 116 48
167 117 47
167 118 47
167 119 47
167 120 34
167 122 27
167 123 44
167 124 44
167 125 43
167 126 45
167 127 46
167 128 48
167 129 48
167 130 48
167 131 49
167 132 48
167 133 49
167 134 49
167 135 49
167 136 49
167 137 50
167 138 48
167 139 48
167 140 96
167 141 87
167 142 59
167 143 48
167 144 48
167 162 37
167 163 70
167 164 79
167 165 87
167 166 61
168 111 44
168 112 44
168 113 45
168 114 57
168 115 75
168 116 48
168 117 47
168 118 47
168 119 47
168 120 34
168 123 44
168 124 44
168 125 42
168 126 45
168 127 48
168 128 48
168 129 48
168 130 48
168 131 48
168 132 48
168 133 48
168 134 49
168 135 49
168 136 49
168 137 49
168 138 48
168 139 48
168 140 78
168 141 62
168 142 84
168 143 48
168 144 48
168 162 51
168 163 75
168 164 79
168 165 93
168 166 62
169 111 64
169 112 44
169 113 45
169 114 57
169 115 46
169 116 48
169 117 46
169 118 47
169 119 38
169 120 34
169 124 44
169 125 43
169 126 44
169 127 48
169 128 48
169 129 48
169 130 48
169 131 48
169 132 48
169 133 48
169 134 48
169 135 48
169 136 49
169 137 49
169 138 48
169 139 48
169 140 78
169 141 62
169 142 73
169 143 48
169 144 48
169 162 68
169 163 84
169 164 89
169 165 87
169 166 62
170 111 67
170 112 44
170 113 57
170 114 45
170 115 57
170 116 64
170 117 46
170 118 49
170 119 38
170 120 34
170 125 43
170 126 44
170 127 47
170 128 48
170 129 48
170 130 48
170 131 48
170 132 48
170 133 48
170 134 48
170 135 49
170 136 49
170 137 49
170 138 48
170 139 61
170 140 78
170 141 62
170 142 70
170 143 48
170 144 48
170 161 30
170 162 72
170 163 81
170 164 91
170 165 87
171 110 60
171 111 67
171 112 44
171 113 57
171 114 45
171 115 57
171 116 64
171 117 46
171 118 49
171 119 38
171 120 34
171 126 44
171 127 45
171 128 47
171 129 48
171 130 48
171 131 48
171 132 48
171 133 48
171 134 78
171 135 49
171 136 49
171 137 66
171 138 49
171 139 48
171 140 78
171 141 62
171 142 62
171 143 52
171 144 48
171 145 29
171 161 30
171 162 66
171 163 88
171 164 104
172 110 60
172 111 67
172 112 44
172 113 57
172 114 45
172 115 45
172 116 57
172 117 46
172 118 46
172 119 35
172 120 34
172 127 28
172 128 47
172 129 47
172 130 48
172 131 48
172 132 48
172 133 48
172 134 78
172 135 49
172 136 49
172 137 71
172 138 48
172 139 48
172 140 77
172 141 65
172 142 65
172 143 73
172 144 47
172 145 48
172 161 31
172 162 69
172 163 87
172 164 87
173 111 67
173 112 44
173 113 73
173 114 45
173 115 45
173 116 45
173 117 64
173 118 46
173 119 39
173 120 34
173 130 48
173 131 48
173 132 48
173 133 48
173 134 48
173 135 50
173 136 49
173 137 66
173 138 66
173 139 36
173 140 36
173 141 80
173 142 65
173 143 85
173 144 48
173 145 48
173 161 31
173 162 80
173 163 80
173 164 61
174 111 83
174 112 44
174 113 73
174 114 45
174 115 45
174 116 45
174 117 75
174 118 46
174 119 47
174 120 34
174 132 48
174 133 48
174 134 49
174 135 49
174 136 49
174 137 61
174 138 47
174 139 36
174 140 36
174 141 56
174 142 71
174 143 62
174 144 71
174 145 47
174 161 48
174 162 79
174 163 77
174 164 61
175 112 45
175 113 73
175 114 45
175 115 45
175 116 57
175 117 75
175 118 50
175 119 56
175 120 34
175 133 48
175 134 48
175 135 49
175 136 85
175 137 77
175 138 36
175 139 36
175 140 35
175 141 57
175 142 76
175 143 62
175 144 44
175 145 72
175 161 63
175 162 79
175 163 100
175 164 61
176 112 43
176 113 44
176 114 62
176 115 45
176 116 57
176 117 75
176 118 50
176 119 77
176 120 34
176 133 48
176 134 49
176 135 49
176 136 67
176 137 77
176 138 36
176 139 35
176 140 35
176 141 80
176 142 48
176 143 65
176 144 50
176 145 34
176 160 30
176 161 56
176 162 79
176 163 104
176 164 61
177 112 67
177 113 44
177 114 57
177 115 45
177 116 57
177 117 75
177 118 50
177 119 50
177 120 34
177 133 31
177 134 49
177 135 63
177 136 89
177 137 53
177 138 35
177 139 35
177 140 35
177 141 48
177 142 48
177 143 65
177 144 38
177 145 35
177 159 30
177 160 30
177 161 65
177 162 79
177 163 88
177 164 62
178 112 67
178 113 44
178 114 57
178 115 45
178 116 45
178 117 46
178 118 50
178 119 50
178 120 43
178 133 42
178 134 49
178 135 62
178 136 77
178 137 35
178 138 35
178 139 35
178 140 90
178 141 53
178 142 49
178 143 77
178 144 48
178 145 35
178 146 29
178 159 30
178 160 30
178 161 65
178 162 77
178 163 69
179 112 44
179 113 44
179 114 73
179 115 57
179 116 45
179 117 46
179 118 75
179 119 50
179 120 42
179 133 48
179 134 49
179 135 67
179 136 78
179 137 35
179 138 35
179 139 49
179 141 53
179 142 49
179 143 96
179 144 49
179 145 38
179 146 42
179 158 30
179 159 30
179 160 47
179 161 66
179 162 94
179 163 64
180 112 44
180 113 44
180 114 44
180 115 57
180 116 45
180 117 46
180 118 76
180 119 50
180 120 56
180 133 48
180 134 48
180 135 62
180 136 74
180 137 35
180 138 35
180 139 72
180 141 53
180 142 49
180 143 76
180 144 49
180 145 38
180 146 48
180 158 30
180 159 29
180 160 57
180 161 85
180 162 94
180 163 62
181 112 67
181 113 44
181 114 44
181 115 73
181 116 45
181 117 75
181 118 76
181 119 50
181 120 56
181 121 47
181 133 48
181 134 48
181 135 49
181 136 35
181 137 35
181 138 59
181 141 53
181 142 49
181 143 77
181 144 80
181 145 48
181 146 36
181 158 30
181 159 30
181 160 57
181 161 84
181 162 92
181 163 62
182 113 44
182 114 44
182 115 73
182 116 46
182 117 75
182 118 76
182 119 50
182 120 55
182 121 35
182 133 49
182 134 48
182 135 50
182 136 35
182 137 35
182 138 67
182 141 66
182 142 49
182 143 49
182 144 66
182 145 48
182 146 36
182 158 30
182 159 30
182 160 60
182 161 83
182 162 83
182 163 62
183 113 67
183 114 45
183 115 45
183 116 62
183 117 75
183 118 75
183 119 60
183 120 65
183 121 35
183 132 29
183 133 49
183 134 49
183 135 72
183 136 36
183 137 59
183 138 65
183 142 49
183 143 50
183 144 66
183 145 49
183 146 36
183 159 30
183 160 71
183 161 84
183 162 94
183 163 62
184 113 83
184 114 44
184 115 45
184 116 62
184 117 46
184 118 75
184 119 60
184 120 79
184 121 35
184 132 29
184 133 49
184 134 48
184 135 88
184 136 74
184 137 83
184 142 79
184 143 50
184 144 78
184 145 48
184 146 36
184 147 30
184 159 47
184 160 71
184 161 94
184 162 94
185 114 44
185 115 45
185 116 57
185 117 46
185 118 75
185 119 60
185 120 83
185 121 35
185 133 48
185 134 49
185 135 91
185 136 75
185 137 48
185 142 79
185 143 50
185 144 78
185 145 48
185 146 36
185 147 30
185 158 30
185 159 47
185 160 64
185 161 94
185 162 94
186 114 71
186 115 45
186 116 57
186 117 45
186 118 75
186 119 60
186 120 60
186 121 35
186 133 48
186 134 49
186 135 91
186 136 40
186 142 79
186 143 50
186 144 78
186 145 41
186 146 36
186 158 29
186 159 60
186 160 61
186 161 87
186 162 104
187 114 62
187 115 44
187 116 57
187 117 45
187 118 46
187 119 60
187 120 60
187 121 34
187 133 30
187 134 48
187 135 88
187 136 40
187 141 66
187 142 80
187 143 50
187 144 77
187 145 39
187 146 36
187 157 30
187 158 29
187 159 60
187 160 76
187 161 85
187 162 95
188 114 49
188 115 44
188 116 73
188 117 45
188 118 46
188 119 64
188 120 51
188 121 48
188 122 29
188 134 52
188 135 62
188 136 36
188 141 73
188 142 68
188 143 50
188 144 49
188 145 39
188 146 36
188 157 29
188 158 47
188 159 60
188 160 76
188 161 82
188 162 83
189 114 62
189 115 50
189 116 73
189 117 45
189 118 75
189 119 59
189 120 51
189 121 48
189 122 41
189 134 74
189 135 87
189 136 36
189 141 48
189 142 49
189 143 49
189 144 50
189 145 39
189 146 36
189 147 37
189 157 29
189 158 50
189 159 60
189 160 76
189 161 79
189 162 48
190 114 60
190 115 50
190 116 73
190 117 57
190 118 75
190 119 59
190 120 77
190 121 34
190 122 47
190 134 73
190 135 75
190 136 36
190 141 48
190 142 49
190 143 49
190 144 50
190 145 38
190 146 36
190 147 37
190 157 29
190 158 60
190 159 73
190 160 76
190 161 56
190 162 61
191 115 49
191 116 73
191 117 57
191 118 75
191 119 59
191 120 83
191 121 34
191 122 51
191 133 52
191 134 86
191 135 36
191 136 65
191 141 49
191 142 50
191 143 50
191 144 50
191 145 57
191 146 36
191 147 61
191 157 30
191 158 55
191 159 73
191 160 79
191 161 60
191 162 77
192 115 62
192 116 50
192 117 74
192 118 75
192 119 59
192 120 83
192 121 34
192 122 51
192 133 65
192 134 86
192 135 60
192 141 49
192 142 49
192 143 50
192 144 50
192 145 74
192 146 38
192 147 74
192 157 47
192 158 55
192 159 61
192 160 85
192 161 98
192 162 49
193 116 50
193 117 45
193 118 75
193 119 60
193 120 83
193 121 58
193 122 34
193 133 53
193 134 86
193 135 46
193 141 49
193 142 49
193 143 50
193 144 50
193 145 61
193 146 38
193 147 53
193 157 51
193 158 55
193 159 67
193 160 85
193 161 106
193 162 49
193 163 66
194 116 63
194 117 46
194 118 75
194 119 60
194 120 60
194 121 60
194 122 21
194 133 48
194 134 86
194 135 69
194 141 79
194 142 50
194 143 50
194 144 50
194 145 49
194 146 48
194 147 53
194 157 51
194 158 55
194 159 70
194 160 85
194 161 84
194 162 49
194 163 69
195 117 57
195 118 75
195 119 60
195 120 59
195 121 61
195 133 49
195 134 74
195 135 93
195 140 68
195 141 49
195 142 50
195 143 50
195 144 50
195 145 48
195 146 48
195 147 53
195 157 30
195 158 56
195 159 66
195 160 84
195 161 77
195 162 49
195 163 69
196 117 73
196 118 75
196 119 59
196 120 60
196 121 34
196 133 49
196 134 62
196 135 72
196 140 69
196 141 50
196 142 50
196 143 50
196 144 78
196 145 48
196 146 48
196 147 74
196 158 51
196 159 60
196 160 97
196 161 48
196 162 49
196 163 49
197 117 93
197 118 64
197 119 60
197 120 67
197 121 34
197 133 49
197 134 66
197 135 88
197 140 69
197 141 50
197 142 50
197 143 63
197 144 61
197 145 48
197 146 48
197 147 39
197 158 50
197 159 70
197 160 83
197 161 60
197 162 49
197 163 49
198 117 103
198 118 64
198 119 60
198 120 67
198 121 34
198 133 31
198 134 49
198 135 108
198 140 79
198 141 50
198 142 50
198 143 51
198 144 61
198 145 49
198 146 39
198 147 27
198 158 47
198 159 79
198 160 92
198 161 60
198 162 49
198 163 54
198 164 66
199 117 103
199 118 83
199 119 60
199 120 67
199 121 34
199 133 30
199 134 49
199 135 96
199 140 49
199 141 50
199 142 50
199 143 50
199 144 61
199 145 49
199 146 36
199 158 47
199 159 96
199 160 74
199 161 60
199 162 49
199 163 54
199 164 68
200 117 87
200 118 92
200 119 60
200 120 84
200 121 34
200 134 49
200 135 88
200 136 71
200 140 50
200 141 50
200 142 51
200 143 49
200 144 49
200 145 39
200 146 36
200 158 47
200 159 83
200 160 74
200 161 65
200 162 49
200 163 54
200 164 66
201 117 62
201 118 103
201 119 71
201 120 87
201 121 34
201 134 49
201 135 53
201 136 71
201 140 68
201 141 50
201 142 51
201 143 49
201 144 49
201 145 37
201 146 36
201 157 30
201 158 47
201 159 84
201 160 74
201 161 70
201 162 49
201 163 54
202 118 103
202 119 71
202 120 98
202 121 35
202 134 49
202 135 53
202 136 67
202 140 93
202 141 50
202 142 50
202 143 50
202 144 49
202 145 37
202 146 36
202 147 27
202 157 31
202 158 56
202 159 95
202 160 37
202 161 70
202 162 49
202 163 54
203 118 62
203 119 94
203 120 60
203 121 46
203 134 43
203 135 75
203 136 67
203 140 93
203 141 50
203 142 50
203 143 49
203 144 39
203 145 37
203 146 36
203 147 27
203 157 30
203 158 77
203 159 98
203 160 37
203 161 60
203 162 49
203 163 54
204 118 62
204 119 102
204 120 71
204 121 57
204 134 43
204 135 82
204 136 71
204 140 66
204 141 50
204 142 50
204 143 49
204 144 37
204 145 37
204 146 36
204 157 48
204 158 78
204 159 107
204 160 37
204 161 49
204 162 48
204 163 68
205 119 102
205 120 70
205 121 66
205 134 49
205 135 89
205 136 68
205 140 68
205 141 50
205 142 50
205 143 49
205 144 37
205 145 54
205 146 60
205 156 29
205 157 55
205 158 77
205 159 93
205 160 37
205 161 49
205 162 48
205 163 66
206 119 102
206 120 60
206 121 56
206 134 52
206 135 97
206 140 68
206 141 50
206 142 50
206 143 49
206 144 37
206 145 36
206 146 27
206 156 29
206 157 55
206 158 78
206 159 98
206 160 37
206 161 49
206 162 48
206 163 66
207 119 104
207 120 98
207 121 57
207 134 52
207 135 96
207 140 111
207 141 50
207 142 79
207 143 39
207 144 37
207 145 36
207 157 55
207 158 99
207 159 99
207 160 37
207 161 48
207 162 54
208 119 88
208 120 97
208 121 60
208 134 52
208 135 71
208 140 94
208 141 50
208 142 68
208 143 39
208 144 37
208 145 36
208 157 43
208 158 85
208 159 101
208 160 37
208 161 37
208 162 54
209 119 104
209 120 98
209 121 52
209 122 30
209 123 30
209 134 49
209 135 70
209 140 80
209 141 50
209 142 58
209 143 37
209 144 37
209 145 37
209 156 30
209 157 48
209 158 76
209 159 101
209 160 37
209 161 36
209 162 54
210 119 95
210 120 95
210 121 52
210 122 49
210 123 30
210 134 39
210 135 88
210 140 80
210 141 50
210 142 41
210 143 37
210 144 37
210 145 37
210 146 38
210 155 30
210 156 30
210 157 68
210 158 90
210 159 94
210 160 37
210 161 50
211 119 92
211 120 68
211 121 51
211 122 49
211 123 30
211 134 54
211 135 91
211 140 80
211 141 50
211 142 41
211 143 37
211 144 37
211 145 37
211 146 39
211 155 30
211 156 54
211 157 68
211 158 111
211 159 94
211 160 36
211 161 78
212 119 90
212 120 69
212 121 51
212 122 49
212 123 30
212 134 69
212 135 87
212 140 80
212 141 50
212 142 49
212 143 37
212 144 37
212 145 54
212 146 30
212 155 30
212 156 62
212 157 81
212 158 111
212 159 94
212 160 41
212 161 65
213 119 89
213 120 72
213 121 70
213 122 48
213 133 50
213 134 66
213 135 90
213 140 80
213 141 68
213 142 41
213 143 37
213 144 37
213 145 54
213 146 30
213 156 53
213 157 81
213 158 112
213 159 100
213 160 50
214 119 97
214 120 83
214 121 70
214 122 53
214 133 59
214 134 91
214 135 72
214 140 80
214 141 59
214 142 37
214 143 37
214 144 37
214 145 36
214 156 31
214 157 70
214 158 105
214 159 101
214 160 100
215 119 97
215 120 81
215 121 77
215 122 53
215 123 32
215 124 30
215 125 30
215 126 30
215 132 47
215 133 75
215 134 102
215 135 68
215 140 80
215 141 59
215 142 37
215 143 37
215 144 37
215 145 36
215 156 30
215 157 52
215 158 69
215 159 101
215 160 109
216 119 89
216 120 69
216 121 81
216 122 63
216 123 52
216 124 30
216 125 30
216 126 30
216 132 52
216 133 103
216 134 88
216 135 83
216 140 80
216 141 59
216 142 37
216 143 37
216 144 37
216 145 75
216 157 30
216 158 54
216 159 102
216 160 111
217 119 65
217 120 80
217 121 76
217 122 63
217 123 51
217 124 30
217 125 30
217 131 36
217 132 71
217 133 114
217 134 67
217 135 83
217 140 97
217 141 81
217 142 37
217 143 37
217 144 37
217 145 67
217 158 30
217 159 73
217 160 96
218 119 66
218 120 103
218 121 77
218 122 62
218 123 30
218 131 36
218 132 69
218 133 115
218 134 79
218 135 69
218 140 68
218 141 84
218 142 37
218 143 37
218 144 36
218 145 50
218 159 87
218 160 109
219 119 66
219 120 95
219 121 76
219 122 62
219 131 29
219 132 72
219 133 131
219 134 49
219 135 69
219 141 97
219 142 36
219 143 37
219 144 74
219 145 23
219 158 30
219 159 87
219 160 101
220 119 65
220 120 95
220 121 78
220 122 49
220 131 42
220 132 96
220 133 112
220 134 54
220 135 66
220 141 92
220 142 61
220 143 36
220 144 86
220 145 22
220 158 62
220 159 102
220 160 69
221 119 63
221 120 93
221 121 48
221 122 49
221 123 31
221 131 62
221 132 78
221 133 79
221 134 68
221 142 78
221 143 36
221 144 36
221 145 53
221 157 62
221 158 62
221 159 75
221 160 68
222 120 93
222 121 48
222 122 78
222 130 30
222 131 79
222 132 83
222 133 92
222 142 66
222 143 85
222 144 36
222 145 94
222 156 48
222 157 53
222 158 98
222 159 49
222 160 68
223 120 81
223 121 48
223 122 78
223 130 30
223 131 49
223 132 74
223 144 92
223 145 67
223 146 57
223 156 62
223 157 67
223 158 71
223 159 55
224 120 91
224 121 49
224 122 47
224 123 30
224 130 58
224 131 62
224 132 67
224 146 73
224 147 41
224 151 30
224 152 30
224 155 49
224 156 53
224 157 72
224 158 58
224 159 70
225 120 66
225 121 94
225 122 60
225 123 47
225 130 58
225 131 74
225 132 50
225 146 78
225 147 85
225 148 39
225 151 30
225 152 30
225 155 49
225 156 66
225 157 72
225 158 67
226 121 96
226 122 66
226 123 47
226 129 43
226 130 76
226 131 74
226 147 73
226 148 38
226 149 30
226 155 51
226 156 82
226 157 72
226 158 71
227 121 116
227 122 99
227 123 48
227 128 30
227 129 58
227 130 115
227 131 66
227 147 70
227 148 97
227 149 38
227 150 30
227 155 30
227 156 69
227 157 73
228 121 66
228 122 101
228 123 75
228 124 29
228 127 42
228 128 42
228 129 64
228 130 99
228 131 66
228 147 68
228 148 110
228 149 30
228 150 30
228 151 30
228 155 30
228 156 77
228 157 75
229 121 66
229 122 98
229 123 88
229 124 80
229 125 43
229 126 42
229 127 42
229 128 46
229 129 99
229 130 66
229 148 105
229 149 30
229 150 30
229 151 30
229 152 30
229 153 30
229 154 30
229 155 30
229 156 68
229 157 49
230 121 65
230 122 90
230 123 99
230 124 84
230 125 42
230 126 42
230 127 46
230 128 58
230 129 121
230 130 65
230 148 97
230 149 30
230 150 30
230 151 30
230 152 30
230 153 30
230 154 30
230 155 52
230 156 98
230 157 81
231 122 90
231 123 102
231 124 80
231 125 73
231 126 46
231 127 52
231 128 57
231 129 116
231 148 90
231 149 30
231 150 30
231 151 30
231 152 30
231 153 30
231 154 30
231 155 75
231 156 108
231 157 66
232 121 64
232 122 97
232 123 104
232 124 80
232 125 56
232 126 46
232 127 46
232 128 57
232 129 105
232 148 108
232 149 30
232 150 30
232 151 30
232 152 30
232 153 30
232 154 52
232 155 97
232 156 90
232 157 89
233 121 104
233 122 111
233 123 88
233 124 55
233 125 46
233 126 46
233 127 46
233 128 60
233 129 99
233 148 64
233 149 57
233 150 30
233 151 30
233 152 30
233 153 30
233 154 46
233 155 117
233 156 90
233 157 88
234 120 64
234 121 122
234 122 96
234 123 55
234 124 45
234 125 46
234 126 46
234 127 46
234 128 73
234 129 119
234 149 102
234 150 38
234 151 30
234 152 30
234 153 33
234 154 55
234 155 126
234 156 88
234 157 64
235 120 65
235 121 113
235 122 71
235 123 45
235 124 45
235 125 45
235 126 45
235 127 56
235 128 88
235 149 64
235 150 65
235 151 32
235 152 32
235 153 32
235 154 38
235 155 97
235 156 89
235 157 64
236 120 63
236 121 93
236 122 54
236 123 45
236 124 45
236 125 45
236 126 61
236 127 103
236 128 64
236 150 130
236 151 38
236 152 32
236 153 32
236 154 32
236 155 92
236 156 115
236 157 64
237 121 105
237 122 75
237 123 59
237 124 51
237 125 62
237 126 87
237 127 74
237 150 64
237 151 74
237 152 32
237 153 32
237 154 32
237 155 51
237 156 106
237 157 89
238 121 62
238 122 95
238 123 75
238 124 84
238 125 111
238 126 74
238 151 104
238 152 45
238 153 35
238 154 39
238 155 72
238 156 108
238 157 89
239 122 62
239 123 93
239 124 105
239 125 65
239 152 104
239 153 83
239 154 59
239 155 108
239 156 89
