41 138 58
41 139 58
42 128 61
42 129 61
42 130 61
42 131 61
42 132 59
42 133 61
42 134 61
42 135 61
42 136 48
42 137 81
42 138 72
42 139 72
42 140 61
42 141 60
42 142 60
42 143 60
42 144 58
42 145 60
42 146 58
42 147 81
42 148 70
42 149 66
42 150 66
42 151 61
43 124 59
43 125 59
43 126 59
43 127 49
43 128 49
43 129 72
43 130 72
43 131 73
43 132 72
43 133 72
43 134 81
43 135 72
43 136 72
43 137 69
43 138 63
43 139 63
43 140 72
43 141 69
43 142 72
43 143 72
43 144 86
43 145 86
43 146 84
43 147 65
43 148 54
43 149 54
43 150 54
43 151 50
43 152 51
43 153 55
43 154 60
43 155 58
44 122 59
44 123 61
44 124 61
44 125 61
44 126 44
44 127 73
44 128 73
44 129 73
44 130 73
44 131 60
44 132 63
44 133 63
44 134 59
44 135 72
44 136 69
44 137 60
44 138 60
44 139 63
44 140 59
44 141 56
44 142 63
44 143 63
44 144 72
44 145 63
44 146 56
44 147 60
44 148 60
44 149 63
44 150 51
44 151 51
44 152 51
44 153 51
44 154 51
44 155 43
44 156 48
44 157 58
45 121 59
45 122 48
45 123 73
45 124 82
45 125 82
45 126 60
45 127 60
45 128 56
45 129 60
45 130 56
45 131 56
45 132 63
45 133 60
45 134 56
45 135 56
45 136 60
45 137 60
45 138 60
45 139 59
45 140 60
45 141 60
45 142 60
45 143 63
45 144 69
45 145 56
45 146 56
45 147 56
45 148 57
45 149 51
45 150 60
45 151 51
45 152 51
45 153 51
45 154 51
45 155 51
45 156 43
45 157 43
45 158 58
46 120 60
46 121 43
46 122 70
46 123 70
46 124 70
46 125 56
46 126 56
46 127 56
46 128 56
46 129 56
46 130 56
46 131 56
46 132 60
46 133 56
46 134 56
46 135 56
46 136 56
46 137 60
46 138 60
46 139 56
46 140 60
46 141 60
46 142 60
46 143 82
46 144 57
46 145 56
46 146 56
46 147 56
46 148 52
46 149 51
46 150 60
46 151 60
46 152 51
46 153 51
46 154 51
46 155 51
46 156 43
46 157 43
46 158 43
47 119 60
47 120 58
47 121 60
47 122 60
47 123 60
47 124 56
47 125 56
47 126 47
47 127 43
47 128 43
47 129 43
47 130 56
47 131 56
47 132 56
47 133 56
47 134 56
47 135 56
47 136 56
47 137 56
47 138 60
47 139 60
47 140 60
47 141 60
47 142 60
47 143 78
47 144 56
47 145 56
47 146 56
47 147 56
47 148 51
47 149 51
47 150 51
47 151 60
47 152 51
47 153 51
47 154 51
47 155 51
47 156 60
47 157 43
47 158 43
48 118 58
48 119 48
48 120 79
48 121 51
48 122 44
48 123 43
48 124 44
48 125 44
48 126 43
48 127 43
48 128 43
48 129 43
48 130 43
48 131 64
48 132 56
48 133 56
48 134 56
48 135 56
48 136 57
48 137 56
48 138 60
48 139 60
48 140 60
48 141 61
48 142 77
48 143 63
48 144 56
48 145 56
48 146 56
48 147 56
48 148 51
48 149 51
48 150 51
48 151 60
48 152 51
48 153 51
48 154 51
48 155 51
48 156 52
48 157 43
48 158 43
48 159 61
49 118 60
49 119 48
49 120 67
49 121 43
49 122 43
49 123 43
49 124 44
49 125 44
49 126 44
49 127 44
49 128 44
49 129 43
49 130 43
49 131 47
49 132 57
49 133 56
49 134 56
49 135 56
49 136 56
49 137 57
49 138 61
49 139 60
49 140 61
49 141 61
49 142 77
49 143 57
49 144 57
49 145 57
49 146 56
49 147 48
49 148 51
49 149 51
49 150 51
49 151 51
49 152 51
49 153 51
49 154 51
49 155 51
49 156 52
49 157 43
49 158 44
49 159 44
50 118 60
50 119 54
50 120 43
50 121 44
50 122 43
50 123 43
50 124 44
50 125 44
50 126 43
50 127 43
50 128 43
50 129 43
50 130 43
50 131 47
50 132 57
50 133 57
50 134 57
50 135 57
50 136 57
50 137 61
50 138 61
50 139 61
50 140 61
50 141 61
50 142 63
50 143 57
50 144 57
50 145 56
50 146 52
50 147 45
50 148 45
50 149 51
50 150 51
50 151 51
50 152 51
50 153 51
50 154 51
50 155 51
50 156 52
50 157 43
50 158 44
50 159 44
51 118 60
51 119 59
51 120 44
51 121 43
51 122 43
51 123 43
51 124 44
51 125 44
51 126 44
51 127 43
51 128 43
51 129 43
51 130 43
51 131 47
51 132 57
51 133 57
51 134 57
51 135 57
51 136 57
51 137 61
51 138 61
51 139 61
51 140 61
51 141 61
51 142 57
51 143 57
51 144 57
51 145 47
51 146 43
51 147 43
51 148 45
51 149 51
51 150 51
51 151 51
51 152 51
51 153 51
51 154 51
51 155 51
51 156 51
51 157 43
51 158 43
51 159 44
52 118 73
52 119 44
52 120 43
52 121 43
52 122 44
52 123 44
52 124 44
52 125 44
52 126 44
52 127 43
52 128 43
52 129 43
52 130 43
52 131 47
52 132 57
52 133 57
52 134 57
52 135 57
52 136 57
52 137 61
52 138 61
52 139 61
52 140 60
52 141 61
52 142 57
52 143 57
52 144 57
52 145 44
52 146 43
52 147 43
52 148 45
52 149 45
52 150 51
52 151 51
52 152 51
52 153 51
52 154 51
52 155 51
52 156 51
52 157 43
52 158 44
52 159 44
53 118 60
53 119 43
53 120 43
53 121 44
53 122 44
53 123 44
53 124 44
53 125 44
53 126 43
53 127 43
53 128 43
53 129 43
53 130 43
53 131 47
53 132 56
53 133 57
53 134 57
53 135 57
53 136 61
53 137 61
53 138 61
53 139 61
53 140 61
53 141 60
53 142 57
53 143 57
53 144 43
53 145 43
53 146 43
53 147 43
53 148 43
53 149 45
53 150 51
53 151 51
53 152 51
53 153 51
53 154 51
53 155 51
53 156 51
53 157 71
53 158 44
53 159 61
54 117 73
54 118 44
54 119 43
54 120 44
54 121 44
54 122 44
54 123 44
54 124 44
54 125 44
54 126 43
54 127 43
54 128 43
54 129 43
54 130 43
54 131 47
54 132 56
54 133 57
54 134 57
54 135 57
54 136 61
54 137 61
54 138 61
54 139 61
54 140 61
54 141 57
54 142 57
54 143 67
54 144 43
54 145 43
54 146 43
54 147 43
54 148 43
54 149 45
54 150 51
54 151 51
54 152 52
54 153 51
54 154 51
54 155 51
54 156 51
54 157 70
54 158 43
54 159 59
55 116 61
55 117 70
55 118 43
55 119 43
55 120 43
55 121 44
55 122 44
55 123 44
55 124 44
55 125 44
55 126 44
55 127 43
55 128 44
55 129 43
55 130 43
55 131 47
55 132 57
55 133 57
55 134 57
55 135 57
55 136 61
55 137 61
55 138 61
55 139 61
55 140 61
55 141 57
55 142 57
55 143 53
55 144 43
55 145 43
55 146 43
55 147 43
55 148 43
55 149 45
55 150 45
55 151 51
55 152 52
55 153 52
55 154 51
55 155 51
55 156 51
55 157 88
55 158 43
55 159 59
56 116 48
56 117 44
56 118 43
56 119 44
56 120 44
56 121 44
56 122 44
56 123 44
56 124 44
56 125 44
56 126 44
56 127 44
56 128 44
56 129 44
56 130 43
56 131 43
56 132 64
56 133 57
56 134 57
56 135 57
56 136 61
56 137 61
56 138 61
56 139 61
56 140 61
56 141 57
56 142 57
56 143 44
56 144 43
56 145 43
56 146 43
56 147 43
56 148 45
56 149 45
56 150 45
56 151 51
56 152 52
56 153 52
56 154 51
56 155 51
56 156 52
56 157 71
56 158 43
56 159 61
57 116 49
57 117 44
57 118 44
57 119 44
57 120 44
57 121 44
57 122 44
57 123 44
57 124 44
57 125 44
57 126 44
57 127 44
57 128 43
57 129 43
57 130 43
57 131 43
57 132 56
57 133 57
57 134 57
57 135 57
57 136 61
57 137 61
57 138 61
57 139 61
57 140 61
57 141 57
57 142 57
57 143 44
57 144 43
57 145 44
57 146 43
57 147 43
57 148 45
57 149 45
57 150 45
57 151 51
57 152 52
57 153 52
57 154 51
57 155 52
57 156 52
57 157 71
57 158 43
57 159 61
58 115 58
58 116 44
58 117 44
58 118 44
58 119 44
58 120 44
58 121 44
58 122 44
58 123 44
58 124 44
58 125 44
58 126 43
58 127 44
58 128 43
58 129 43
58 130 43
58 131 43
58 132 43
58 133 77
58 134 57
58 135 57
58 136 61
58 137 61
58 138 61
58 139 61
58 140 61
58 141 57
58 142 57
58 143 44
58 144 44
58 145 44
58 146 43
58 147 43
58 148 45
58 149 45
58 150 45
58 151 52
58 152 52
58 153 52
58 154 51
58 155 51
58 156 52
58 157 43
58 158 44
58 159 59
59 115 58
59 116 44
59 117 44
59 118 44
59 119 44
59 120 44
59 121 44
59 122 44
59 123 44
59 124 43
59 125 43
59 126 43
59 127 44
59 128 44
59 129 43
59 130 43
59 131 43
59 132 43
59 133 77
59 134 57
59 135 57
59 136 61
59 137 61
59 138 61
59 139 61
59 140 61
59 141 57
59 142 57
59 143 44
59 144 44
59 145 44
59 146 43
59 147 43
59 148 45
59 149 45
59 150 45
59 151 52
59 152 52
59 153 51
59 154 51
59 155 51
59 156 68
59 157 43
59 158 44
60 116 44
60 117 44
60 118 44
60 119 44
60 120 44
60 121 44
60 122 44
60 123 44
60 124 44
60 125 44
60 126 44
60 127 44
60 128 44
60 129 44
60 130 43
60 131 43
60 132 43
60 133 77
60 134 57
60 135 57
60 136 61
60 137 61
60 138 61
60 139 60
60 140 61
60 141 61
60 142 57
60 143 57
60 144 44
60 145 44
60 146 43
60 147 43
60 148 45
60 149 45
60 150 45
60 151 52
60 152 52
60 153 51
60 154 51
60 155 51
60 156 70
60 157 44
60 158 61
61 116 59
61 117 44
61 118 44
61 119 44
61 120 44
61 121 44
61 122 44
61 123 44
61 124 44
61 125 44
61 126 44
61 127 44
61 128 44
61 129 44
61 130 43
61 131 43
61 132 47
61 133 77
61 134 57
61 135 57
61 136 61
61 137 61
61 138 61
61 139 61
61 140 61
61 141 61
61 142 57
61 143 57
61 144 44
61 145 43
61 146 43
61 147 45
61 148 45
61 149 45
61 150 52
61 151 52
61 152 51
61 153 51
61 154 51
61 155 52
61 156 43
61 157 44
62 116 60
62 117 44
62 118 44
62 119 44
62 120 44
62 121 44
62 122 44
62 123 44
62 124 43
62 125 44
62 126 44
62 127 44
62 128 44
62 129 44
62 130 43
62 131 43
62 132 57
62 133 57
62 134 57
62 135 57
62 136 57
62 137 61
62 138 64
62 139 61
62 140 61
62 141 61
62 142 57
62 143 57
62 144 44
62 145 43
62 146 45
62 147 45
62 148 45
62 149 45
62 150 52
62 151 51
62 152 51
62 153 51
62 154 51
62 155 64
62 156 44
62 157 49
63 116 58
63 117 44
63 118 44
63 119 44
63 120 44
63 121 44
63 122 44
63 123 44
63 124 44
63 125 44
63 126 44
63 127 44
63 128 44
63 129 44
63 130 43
63 131 47
63 132 57
63 133 64
63 134 58
63 135 58
63 136 58
63 137 61
63 138 61
63 139 61
63 140 61
63 141 61
63 142 57
63 143 48
63 144 44
63 145 44
63 146 45
63 147 45
63 148 45
63 149 52
63 150 52
63 151 51
63 152 51
63 153 51
63 154 51
63 155 44
63 156 44
64 117 43
64 118 44
64 119 44
64 120 44
64 121 44
64 122 44
64 123 44
64 124 44
64 125 44
64 126 44
64 127 44
64 128 44
64 129 43
64 130 43
64 131 57
64 132 57
64 133 57
64 134 58
64 135 58
64 136 62
64 137 62
64 138 61
64 139 61
64 140 62
64 141 61
64 142 57
64 143 44
64 144 44
64 145 44
64 146 46
64 147 45
64 148 45
64 149 52
64 150 52
64 151 51
64 152 51
64 153 51
64 154 52
64 155 44
64 156 44
65 117 60
65 118 43
65 119 44
65 120 44
65 121 44
65 122 44
65 123 44
65 124 44
65 125 44
65 126 44
65 127 44
65 128 44
65 129 44
65 130 44
65 131 58
65 132 58
65 133 58
65 134 58
65 135 58
65 136 62
65 137 62
65 138 62
65 139 62
65 140 62
65 141 58
65 142 48
65 143 44
65 144 44
65 145 46
65 146 46
65 147 46
65 148 46
65 149 52
65 150 52
65 151 52
65 152 52
65 153 52
65 154 53
65 155 44
65 156 44
66 117 58
66 118 43
66 119 44
66 120 44
66 121 44
66 122 44
66 123 45
66 124 45
66 125 45
66 126 45
66 127 45
66 128 45
66 129 45
66 130 45
66 131 58
66 132 58
66 133 58
66 134 58
66 135 62
66 136 62
66 137 62
66 138 62
66 139 63
66 140 58
66 141 49
66 142 45
66 143 45
66 144 45
66 145 45
66 146 46
66 147 46
66 148 46
66 149 53
66 150 52
66 151 52
66 152 52
66 153 61
66 154 52
66 155 44
66 156 45
67 117 58
67 118 43
67 119 44
67 120 44
67 121 45
67 122 46
67 123 45
67 124 46
67 125 45
67 126 45
67 127 45
67 128 45
67 129 45
67 130 45
67 131 58
67 132 59
67 133 59
67 134 63
67 135 63
67 136 63
67 137 63
67 138 63
67 139 58
67 140 45
67 141 45
67 142 45
67 143 45
67 144 45
67 145 45
67 146 46
67 147 46
67 148 46
67 149 46
67 150 53
67 151 53
67 152 53
67 153 53
67 154 53
67 155 53
67 156 44
67 157 49
68 117 59
68 118 55
68 119 45
68 120 46
68 121 46
68 122 45
68 123 46
68 124 45
68 125 57
68 126 45
68 127 45
68 128 45
68 129 45
68 130 45
68 131 45
68 132 62
68 133 82
68 134 70
68 135 70
68 136 63
68 137 64
68 138 49
68 139 45
68 140 45
68 141 45
68 142 45
68 143 45
68 144 45
68 145 45
68 146 45
68 147 46
68 148 46
68 149 46
68 150 46
68 151 53
68 152 53
68 153 53
68 154 53
68 155 53
68 156 54
68 157 73
68 158 61
69 117 48
69 118 46
69 119 46
69 120 45
69 121 45
69 122 45
69 123 45
69 124 45
69 125 45
69 126 45
69 127 45
69 128 45
69 129 45
69 130 67
69 131 33
69 133 45
69 134 45
69 135 45
69 136 45
69 137 45
69 138 45
69 139 45
69 140 45
69 141 45
69 142 45
69 143 45
69 144 45
69 145 45
69 146 44
69 147 45
69 148 45
69 149 45
69 150 47
69 151 47
69 152 53
69 153 53
69 154 53
69 155 53
69 156 53
69 157 62
69 158 54
69 159 69
69 160 86
70 117 48
70 118 45
70 119 45
70 120 44
70 121 44
70 122 45
70 123 45
70 124 45
70 125 52
70 126 53
70 127 53
70 128 53
70 129 45
70 134 45
70 135 46
70 136 45
70 137 45
70 138 46
70 139 45
70 140 45
70 141 45
70 142 45
70 143 45
70 144 45
70 145 45
70 146 45
70 147 56
70 148 45
70 149 45
70 150 45
70 151 45
70 152 45
70 153 54
70 154 63
70 155 53
70 156 53
70 157 54
70 158 54
70 159 54
70 160 69
70 161 33
70 162 36
70 163 69
71 115 61
71 116 58
71 117 74
71 118 45
71 119 44
71 120 44
71 121 45
71 122 45
71 123 52
71 124 53
71 125 53
71 126 53
71 127 58
71 135 28
71 136 45
71 137 46
71 138 45
71 139 46
71 140 46
71 141 45
71 142 45
71 143 45
71 144 45
71 145 45
71 146 45
71 147 45
71 148 45
71 149 45
71 150 45
71 151 45
71 152 45
71 153 45
71 154 45
71 155 47
71 156 46
71 157 63
71 158 54
71 159 54
71 160 54
71 161 70
71 162 33
71 163 33
71 164 36
71 165 62
71 166 60
72 113 60
72 114 45
72 115 83
72 116 54
72 117 44
72 118 44
72 119 44
72 120 44
72 121 44
72 122 52
72 123 53
72 124 53
72 125 53
72 126 28
72 138 28
72 139 46
72 140 46
72 141 46
72 142 46
72 143 45
72 144 45
72 145 45
72 146 45
72 147 45
72 148 45
72 149 45
72 150 56
72 151 45
72 152 44
72 153 44
72 154 56
72 155 45
72 156 45
72 157 46
72 158 46
72 159 53
72 160 53
72 161 52
72 162 89
72 163 69
72 164 33
72 165 36
72 166 45
72 167 51
73 112 50
73 113 92
73 114 79
73 115 44
73 116 44
73 117 44
73 118 45
73 119 44
73 120 45
73 121 52
73 122 53
73 123 53
73 124 53
73 125 45
73 142 28
73 143 46
73 144 45
73 145 45
73 146 45
73 147 45
73 148 45
73 149 45
73 150 45
73 151 45
73 152 44
73 153 44
73 154 44
73 155 45
73 156 45
73 157 45
73 158 44
73 159 46
73 160 47
73 161 53
73 162 53
73 163 70
73 164 80
73 165 33
73 166 36
73 167 45
73 168 51
74 109 61
74 110 86
74 111 74
74 112 68
74 113 45
74 114 44
74 115 44
74 116 44
74 117 45
74 118 45
74 119 45
74 120 52
74 121 53
74 122 53
74 123 53
74 124 53
74 144 45
74 145 45
74 146 45
74 147 45
74 148 45
74 149 45
74 150 45
74 151 45
74 152 45
74 153 45
74 154 45
74 155 45
74 156 45
74 157 45
74 158 45
74 159 45
74 160 46
74 161 46
74 162 53
74 163 53
74 164 53
74 165 67
74 166 89
74 167 33
74 168 45
74 169 51
75 107 62
75 108 86
75 109 59
75 110 57
75 111 45
75 112 45
75 113 44
75 114 44
75 115 44
75 116 44
75 117 45
75 118 45
75 119 45
75 120 53
75 121 53
75 122 53
75 123 53
75 124 28
75 145 45
75 146 45
75 147 45
75 148 45
75 149 45
75 150 45
75 151 45
75 152 45
75 153 44
75 154 45
75 155 45
75 156 45
75 157 45
75 158 45
75 159 45
75 160 45
75 161 46
75 162 53
75 163 53
75 164 53
75 165 53
75 166 53
75 167 88
75 168 33
75 169 36
75 170 64
76 106 85
76 107 63
76 108 46
76 109 46
76 110 45
76 111 45
76 112 45
76 113 44
76 114 44
76 115 44
76 116 44
76 117 45
76 118 44
76 119 52
76 120 53
76 121 53
76 122 53
76 123 47
76 146 45
76 147 45
76 148 45
76 149 45
76 150 45
76 151 45
76 152 45
76 153 45
76 154 44
76 155 45
76 156 45
76 157 45
76 158 45
76 159 45
76 160 45
76 161 46
76 162 46
76 163 53
76 164 53
76 165 53
76 166 53
76 167 53
76 168 53
76 169 34
76 170 36
76 171 61
77 105 85
77 106 46
77 107 46
77 108 46
77 109 45
77 110 45
77 111 45
77 112 44
77 113 44
77 114 44
77 115 44
77 116 45
77 117 45
77 118 52
77 119 52
77 120 53
77 121 53
77 122 53
77 123 45
77 147 45
77 148 45
77 149 45
77 150 45
77 151 45
77 152 45
77 153 45
77 154 45
77 155 44
77 156 45
77 157 45
77 158 45
77 159 45
77 160 45
77 161 45
77 162 46
77 163 46
77 164 53
77 165 53
77 166 53
77 167 53
77 168 53
77 169 53
77 170 36
77 171 46
78 104 62
78 105 46
78 106 46
78 107 46
78 108 46
78 109 45
78 110 45
78 111 45
78 112 44
78 113 44
78 114 44
78 115 44
78 116 45
78 117 45
78 118 52
78 119 53
78 120 53
78 121 53
78 122 58
78 148 45
78 149 45
78 150 45
78 151 45
78 152 45
78 153 45
78 154 45
78 155 45
78 156 45
78 157 45
78 158 45
78 159 45
78 160 45
78 161 45
78 162 45
78 163 46
78 164 53
78 165 53
78 166 53
78 167 53
78 168 53
78 169 53
78 170 54
78 171 36
78 172 62
79 103 62
79 104 46
79 105 46
79 106 46
79 107 46
79 108 45
79 109 45
79 110 45
79 111 45
79 112 44
79 113 44
79 114 44
79 115 44
79 116 45
79 117 52
79 118 52
79 119 53
79 120 53
79 121 53
79 122 45
79 149 45
79 150 45
79 151 45
79 152 45
79 153 45
79 154 45
79 155 45
79 156 45
79 157 45
79 158 45
79 159 45
79 160 45
79 161 45
79 162 45
79 163 47
79 164 47
79 165 53
79 166 53
79 167 53
79 168 53
79 169 53
79 170 53
79 171 53
79 172 46
80 103 46
80 104 46
80 105 46
80 106 46
80 107 45
80 108 45
80 109 45
80 110 45
80 111 45
80 112 44
80 113 44
80 114 44
80 115 44
80 116 44
80 117 52
80 118 52
80 119 53
80 120 53
80 121 66
80 122 45
80 149 28
80 150 45
80 151 45
80 152 45
80 153 45
80 154 45
80 155 45
80 156 45
80 157 45
80 158 45
80 159 45
80 160 45
80 161 45
80 162 45
80 163 45
80 164 47
80 165 53
80 166 53
80 167 53
80 168 53
80 169 53
80 170 53
80 171 54
80 172 69
81 103 46
81 104 46
81 105 46
81 106 46
81 107 45
81 108 45
81 109 45
81 110 45
81 111 44
81 112 44
81 113 44
81 114 44
81 115 44
81 116 44
81 117 52
81 118 53
81 119 53
81 120 53
81 121 66
81 122 45
81 150 45
81 151 45
81 152 45
81 153 45
81 154 45
81 155 45
81 156 45
81 157 45
81 158 45
81 159 45
81 160 45
81 161 45
81 162 45
81 163 45
81 164 47
81 165 47
81 166 53
81 167 53
81 168 53
81 169 53
81 170 53
81 171 53
81 172 54
81 173 46
82 102 46
82 103 46
82 104 46
82 105 46
82 106 46
82 107 45
82 108 45
82 109 45
82 110 45
82 111 44
82 112 44
82 113 44
82 114 44
82 115 44
82 116 44
82 117 52
82 118 53
82 119 53
82 120 53
82 121 53
82 122 45
82 151 45
82 152 45
82 153 45
82 154 45
82 155 45
82 156 45
82 157 45
82 158 45
82 159 45
82 160 45
82 161 45
82 162 45
82 163 45
82 164 45
82 165 47
82 166 47
82 167 53
82 168 53
82 169 54
82 170 53
82 171 53
82 172 54
82 173 74
83 102 46
83 103 46
83 104 46
83 105 45
83 106 45
83 107 45
83 108 45
83 109 45
83 110 45
83 111 44
83 112 44
83 113 44
83 114 44
83 115 44
83 116 52
83 117 53
83 118 53
83 119 53
83 120 53
83 121 53
83 151 45
83 152 45
83 153 45
83 154 45
83 155 45
83 156 45
83 157 45
83 158 45
83 159 45
83 160 45
83 161 45
83 162 45
83 163 45
83 164 45
83 165 47
83 166 47
83 167 53
83 168 53
83 169 54
83 170 54
83 171 53
83 172 54
83 173 54
84 101 50
84 102 45
84 103 46
84 104 45
84 105 45
84 106 45
84 107 45
84 108 45
84 109 45
84 110 44
84 111 44
84 112 44
84 113 44
84 114 44
84 115 44
84 116 52
84 117 53
84 118 53
84 119 53
84 120 53
84 121 54
84 152 45
84 153 46
84 154 46
84 155 45
84 156 45
84 157 45
84 158 45
84 159 45
84 160 45
84 161 45
84 162 45
84 163 45
84 164 46
84 165 47
84 166 47
84 167 53
84 168 53
84 169 54
84 170 54
84 171 53
84 172 54
84 173 54
84 174 46
85 101 46
85 102 45
85 103 46
85 104 45
85 105 45
85 106 45
85 107 45
85 108 45
85 109 45
85 110 44
85 111 44
85 112 44
85 113 44
85 114 44
85 115 44
85 116 52
85 117 53
85 118 53
85 119 53
85 120 53
85 121 28
85 152 45
85 153 46
85 154 46
85 155 45
85 156 45
85 157 45
85 158 45
85 159 45
85 160 45
85 161 45
85 162 45
85 163 45
85 164 46
85 165 46
85 166 47
85 167 47
85 168 54
85 169 54
85 170 54
85 171 54
85 172 53
85 173 54
85 174 74
86 100 63
86 101 46
86 102 46
86 103 45
86 104 45
86 105 45
86 106 45
86 107 45
86 108 45
86 109 45
86 110 44
86 111 45
86 112 44
86 113 44
86 114 44
86 115 51
86 116 52
86 117 53
86 118 53
86 119 53
86 120 53
86 152 28
86 153 45
86 154 46
86 155 45
86 156 45
86 157 45
86 158 45
86 159 45
86 160 45
86 161 45
86 162 45
86 163 45
86 164 46
86 165 46
86 166 47
86 167 47
86 168 54
86 169 54
86 170 54
86 171 54
86 172 54
86 173 54
86 174 74
87 100 45
87 101 45
87 102 46
87 103 45
87 104 45
87 105 45
87 106 45
87 107 45
87 108 45
87 109 45
87 110 45
87 111 45
87 112 44
87 113 44
87 114 44
87 115 52
87 116 52
87 117 53
87 118 53
87 119 53
87 120 28
87 153 46
87 154 46
87 155 45
87 156 45
87 157 45
87 158 45
87 159 45
87 160 45
87 161 45
87 162 45
87 163 45
87 164 46
87 165 46
87 166 47
87 167 47
87 168 54
87 169 54
87 170 54
87 171 54
87 172 54
87 173 54
87 174 74
88 99 61
88 100 45
88 101 46
88 102 46
88 103 45
88 104 45
88 105 45
88 106 45
88 107 45
88 108 45
88 109 45
88 110 45
88 111 44
88 112 44
88 113 44
88 114 44
88 115 52
88 116 53
88 117 53
88 118 53
88 119 53
88 120 28
88 153 46
88 154 45
88 155 45
88 156 45
88 157 45
88 158 45
88 159 45
88 160 45
88 161 45
88 162 45
88 163 45
88 164 45
88 165 45
88 166 47
88 167 47
88 168 54
88 169 54
88 170 54
88 171 53
88 172 54
88 173 54
88 174 74
89 99 63
89 100 45
89 101 45
89 102 46
89 103 45
89 104 46
89 105 45
89 106 45
89 107 45
89 108 45
89 109 45
89 110 45
89 111 44
89 112 44
89 113 45
89 114 45
89 115 52
89 116 53
89 117 53
89 118 53
89 119 53
89 153 45
89 154 45
89 155 45
89 156 45
89 157 45
89 158 45
89 159 45
89 160 45
89 161 45
89 162 45
89 163 45
89 164 45
89 165 45
89 166 47
89 167 47
89 168 54
89 169 54
89 170 54
89 171 54
89 172 54
89 173 54
89 174 74
89 175 61
90 99 50
90 100 45
90 101 45
90 102 46
90 103 45
90 104 46
90 105 45
90 106 45
90 107 45
90 108 45
90 109 45
90 110 45
90 111 44
90 112 45
90 113 45
90 114 45
90 115 52
90 116 53
90 117 53
90 118 53
90 119 62
90 153 45
90 154 45
90 155 45
90 156 45
90 157 45
90 158 45
90 159 45
90 160 45
90 161 45
90 162 45
90 163 45
90 164 45
90 165 45
90 166 47
90 167 47
90 168 54
90 169 54
90 170 54
90 171 53
90 172 54
90 173 54
90 174 74
90 175 61
91 98 63
91 99 51
91 100 45
91 101 45
91 102 46
91 103 46
91 104 45
91 105 45
91 106 45
91 107 45
91 108 45
91 109 45
91 110 44
91 111 44
91 112 45
91 113 45
91 114 52
91 115 53
91 116 53
91 117 53
91 118 53
91 119 62
91 153 45
91 154 45
91 155 45
91 156 45
91 157 45
91 158 45
91 159 45
91 160 45
91 161 45
91 162 45
91 163 45
91 164 45
91 165 45
91 166 47
91 167 47
91 168 54
91 169 54
91 170 54
91 171 53
91 172 54
91 173 54
91 174 74
91 175 51
92 98 64
92 99 50
92 100 45
92 101 45
92 102 46
92 103 46
92 104 46
92 105 46
92 106 45
92 107 45
92 108 45
92 109 45
92 110 44
92 111 44
92 112 45
92 113 45
92 114 52
92 115 53
92 116 53
92 117 53
92 118 53
92 119 82
92 153 45
92 154 45
92 155 45
92 156 45
92 157 45
92 158 45
92 159 45
92 160 45
92 161 45
92 162 45
92 163 45
92 164 45
92 165 45
92 166 47
92 167 47
92 168 54
92 169 53
92 170 53
92 171 53
92 172 53
92 173 54
92 174 54
92 175 77
93 98 63
93 99 45
93 100 45
93 101 45
93 102 46
93 103 46
93 104 46
93 105 46
93 106 46
93 107 45
93 108 44
93 109 44
93 110 44
93 111 45
93 112 45
93 113 52
93 114 52
93 115 53
93 116 53
93 117 53
93 118 53
93 119 70
93 154 45
93 155 45
93 156 45
93 157 45
93 158 45
93 159 45
93 160 45
93 161 45
93 162 45
93 163 45
93 164 45
93 165 45
93 166 47
93 167 47
93 168 47
93 169 53
93 170 53
93 171 53
93 172 53
93 173 54
93 174 54
93 175 73
93 176 61
94 98 63
94 99 46
94 100 45
94 101 46
94 102 46
94 103 46
94 104 46
94 105 46
94 106 45
94 107 45
94 108 44
94 109 45
94 110 45
94 111 45
94 112 45
94 113 52
94 114 52
94 115 53
94 116 53
94 117 53
94 118 53
94 154 44
94 155 45
94 156 45
94 157 45
94 158 45
94 159 45
94 160 44
94 161 45
94 162 45
94 163 45
94 164 45
94 165 45
94 166 47
94 167 47
94 168 46
94 169 53
94 170 53
94 171 53
94 172 53
94 173 54
94 174 54
94 175 73
94 176 64
95 98 63
95 99 46
95 100 45
95 101 46
95 102 46
95 103 46
95 104 46
95 105 46
95 106 45
95 107 45
95 108 45
95 109 45
95 110 45
95 111 45
95 112 44
95 113 52
95 114 52
95 115 53
95 116 53
95 117 53
95 118 81
95 154 45
95 155 45
95 156 45
95 157 45
95 158 44
95 159 44
95 160 44
95 161 45
95 162 45
95 163 45
95 164 45
95 165 45
95 166 45
95 167 46
95 168 46
95 169 53
95 170 53
95 171 53
95 172 53
95 173 54
95 174 54
95 175 73
95 176 51
96 98 50
96 99 46
96 100 45
96 101 46
96 102 46
96 103 46
96 104 45
96 105 46
96 106 45
96 107 45
96 108 45
96 109 45
96 110 45
96 111 44
96 112 45
96 113 52
96 114 52
96 115 53
96 116 52
96 117 53
96 118 76
96 155 45
96 156 45
96 157 45
96 158 44
96 159 44
96 160 45
96 161 45
96 162 45
96 163 45
96 164 45
96 165 45
96 166 45
96 167 46
96 168 46
96 169 53
96 170 53
96 171 53
96 172 53
96 173 54
96 174 54
96 175 73
96 176 51
97 98 50
97 99 46
97 100 46
97 101 46
97 102 46
97 103 46
97 104 46
97 105 46
97 106 45
97 107 45
97 108 45
97 109 45
97 110 45
97 111 45
97 112 45
97 113 52
97 114 52
97 115 53
97 116 53
97 117 53
97 118 45
97 155 45
97 156 45
97 157 45
97 158 44
97 159 44
97 160 45
97 161 45
97 162 45
97 163 45
97 164 45
97 165 45
97 166 45
97 167 46
97 168 46
97 169 53
97 170 53
97 171 53
97 172 53
97 173 54
97 174 53
97 175 73
97 176 51
98 98 50
98 99 46
98 100 46
98 101 46
98 102 46
98 103 46
98 104 46
98 105 45
98 106 45
98 107 45
98 108 45
98 109 45
98 110 45
98 111 45
98 112 45
98 113 51
98 114 52
98 115 52
98 116 53
98 117 53
98 118 45
98 155 45
98 156 45
98 157 45
98 158 44
98 159 44
98 160 44
98 161 45
98 162 45
98 163 45
98 164 45
98 165 45
98 166 45
98 167 46
98 168 46
98 169 53
98 170 53
98 171 53
98 172 53
98 173 53
98 174 53
98 175 73
98 176 51
98 177 61
99 98 46
99 99 46
99 100 46
99 101 46
99 102 45
99 103 46
99 104 46
99 105 45
99 106 46
99 107 45
99 108 45
99 109 45
99 110 45
99 111 45
99 112 45
99 113 51
99 114 52
99 115 52
99 116 53
99 117 53
99 118 45
99 156 45
99 157 44
99 158 44
99 159 44
99 160 44
99 161 45
99 162 45
99 163 45
99 164 45
99 165 45
99 166 45
99 167 46
99 168 46
99 169 53
99 170 53
99 171 53
99 172 53
99 173 53
99 174 53
99 175 73
99 176 46
99 177 61
100 98 46
100 99 46
100 100 46
100 101 46
100 102 45
100 103 46
100 104 46
100 105 46
100 106 45
100 107 45
100 108 45
100 109 45
100 110 44
100 111 44
100 112 45
100 113 51
100 114 52
100 115 52
100 116 53
100 117 53
100 118 45
100 156 45
100 157 44
100 158 44
100 159 44
100 160 44
100 161 45
100 162 45
100 163 45
100 164 45
100 165 45
100 166 45
100 167 46
100 168 46
100 169 46
100 170 53
100 171 53
100 172 53
100 173 53
100 174 53
100 175 63
100 176 46
100 177 64
101 98 45
101 99 46
101 100 45
101 101 46
101 102 46
101 103 46
101 104 46
101 105 45
101 106 45
101 107 45
101 108 45
101 109 45
101 110 44
101 111 44
101 112 45
101 113 52
101 114 52
101 115 52
101 116 53
101 117 58
101 118 45
101 156 56
101 157 44
101 158 45
101 159 44
101 160 44
101 161 45
101 162 45
101 163 44
101 164 45
101 165 45
101 166 45
101 167 46
101 168 46
101 169 46
101 170 53
101 171 53
101 172 53
101 173 53
101 174 53
101 175 54
101 176 45
101 177 51
102 97 60
102 98 45
102 99 46
102 100 45
102 101 46
102 102 46
102 103 46
102 104 46
102 105 46
102 106 45
102 107 45
102 108 45
102 109 45
102 110 44
102 111 45
102 112 52
102 113 52
102 114 52
102 115 52
102 116 53
102 117 58
102 118 45
102 156 47
102 157 44
102 158 44
102 159 44
102 160 44
102 161 44
102 162 44
102 163 44
102 164 44
102 165 45
102 166 45
102 167 46
102 168 46
102 169 46
102 170 53
102 171 53
102 172 53
102 173 53
102 174 53
102 175 54
102 176 45
102 177 51
103 97 44
103 98 45
103 99 46
103 100 45
103 101 46
103 102 46
103 103 46
103 104 46
103 105 46
103 106 45
103 107 45
103 108 45
103 109 45
103 110 44
103 111 45
103 112 52
103 113 52
103 114 52
103 115 53
103 116 53
103 117 48
103 118 45
103 156 27
103 157 44
103 158 44
103 159 44
103 160 44
103 161 44
103 162 44
103 163 44
103 164 44
103 165 45
103 166 45
103 167 45
103 168 46
103 169 46
103 170 46
103 171 53
103 172 53
103 173 53
103 174 53
103 175 54
103 176 45
103 177 51
103 178 61
104 97 44
104 98 45
104 99 46
104 100 45
104 101 46
104 102 46
104 103 46
104 104 46
104 105 46
104 106 45
104 107 45
104 108 45
104 109 44
104 110 45
104 111 45
104 112 52
104 113 52
104 114 52
104 115 52
104 116 52
104 117 48
104 157 44
104 158 44
104 159 44
104 160 44
104 161 44
104 162 44
104 163 44
104 164 44
104 165 44
104 166 45
104 167 45
104 168 46
104 169 46
104 170 46
104 171 53
104 172 53
104 173 53
104 174 53
104 175 53
104 176 45
104 177 51
104 178 64
105 97 45
105 98 45
105 99 46
105 100 45
105 101 46
105 102 46
105 103 46
105 104 46
105 105 46
105 106 45
105 107 45
105 108 45
105 109 44
105 110 45
105 111 45
105 112 52
105 113 52
105 114 52
105 115 52
105 116 57
105 117 48
105 157 27
105 158 44
105 159 44
105 160 44
105 161 44
105 162 44
105 163 44
105 164 44
105 165 44
105 166 45
105 167 45
105 168 46
105 169 46
105 170 46
105 171 53
105 172 54
105 173 53
105 174 53
105 175 53
105 176 45
105 177 45
105 178 51
105 179 61
106 97 45
106 98 45
106 99 46
106 100 46
106 101 46
106 102 46
106 103 46
106 104 46
106 105 46
106 106 45
106 107 45
106 108 45
106 109 44
106 110 45
106 111 52
106 112 52
106 113 52
106 114 52
106 115 52
106 116 57
106 117 45
106 158 44
106 159 44
106 160 44
106 161 44
106 162 44
106 163 45
106 164 44
106 165 44
106 166 45
106 167 45
106 168 44
106 169 46
106 170 53
106 171 53
106 172 53
106 173 53
106 174 53
106 175 53
106 176 68
106 177 45
106 178 51
106 179 61
107 97 45
107 98 45
107 99 46
107 100 46
107 101 46
107 102 46
107 103 46
107 104 46
107 105 46
107 106 45
107 107 45
107 108 44
107 109 45
107 110 45
107 111 52
107 112 52
107 113 52
107 114 52
107 115 52
107 116 57
107 117 45
107 158 43
107 159 44
107 160 44
107 161 44
107 162 44
107 163 45
107 164 45
107 165 44
107 166 45
107 167 45
107 168 44
107 169 46
107 170 53
107 171 53
107 172 53
107 173 53
107 174 53
107 175 53
107 176 68
107 177 45
107 178 51
107 179 63
108 97 45
108 98 46
108 99 46
108 100 46
108 101 46
108 102 46
108 103 46
108 104 46
108 105 46
108 106 45
108 107 45
108 108 44
108 109 45
108 110 45
108 111 52
108 112 52
108 113 52
108 114 52
108 115 52
108 116 57
108 117 44
108 158 26
108 159 44
108 160 44
108 161 44
108 162 44
108 163 44
108 164 45
108 165 45
108 166 45
108 167 45
108 168 44
108 169 46
108 170 46
108 171 53
108 172 53
108 173 53
108 174 53
108 175 53
108 176 73
108 177 45
108 178 45
108 179 63
108 180 61
109 96 63
109 97 45
109 98 45
109 99 46
109 100 46
109 101 46
109 102 46
109 103 46
109 104 46
109 105 45
109 106 45
109 107 45
109 108 44
109 109 44
109 110 45
109 111 51
109 112 52
109 113 52
109 114 52
109 115 52
109 116 66
109 117 44
109 158 26
109 159 55
109 160 44
109 161 44
109 162 44
109 163 44
109 164 45
109 165 45
109 166 45
109 167 45
109 168 44
109 169 46
109 170 46
109 171 53
109 172 53
109 173 53
109 174 53
109 175 53
109 176 73
109 177 45
109 178 45
109 179 64
109 180 61
110 96 45
110 97 45
110 98 45
110 99 46
110 100 46
110 101 46
110 102 46
110 103 46
110 104 46
110 105 45
110 106 45
110 107 45
110 108 44
110 109 44
110 110 45
110 111 51
110 112 52
110 113 52
110 114 52
110 115 52
110 116 48
110 117 44
110 158 26
110 159 61
110 160 44
110 161 44
110 162 44
110 163 44
110 164 45
110 165 45
110 166 44
110 167 45
110 168 44
110 169 46
110 170 46
110 171 53
110 172 53
110 173 53
110 174 53
110 175 53
110 176 53
110 177 45
110 178 45
110 179 64
110 180 63
111 96 45
111 97 45
111 98 46
111 99 46
111 100 46
111 101 46
111 102 46
111 103 46
111 104 46
111 105 45
111 106 45
111 107 45
111 108 44
111 109 45
111 110 45
111 111 51
111 112 52
111 113 52
111 114 52
111 115 52
111 116 44
111 117 44
111 158 26
111 159 43
111 160 44
111 161 44
111 162 44
111 163 44
111 164 45
111 165 45
111 166 44
111 167 44
111 168 44
111 169 45
111 170 46
111 171 53
111 172 53
111 173 53
111 174 53
111 175 53
111 176 54
111 177 45
111 178 45
111 179 45
111 180 64
111 181 61
112 95 60
112 96 45
112 97 45
112 98 46
112 99 46
112 100 46
112 101 46
112 102 46
112 103 46
112 104 45
112 105 45
112 106 44
112 107 44
112 108 44
112 109 45
112 110 44
112 111 51
112 112 52
112 113 52
112 114 52
112 115 53
112 116 44
112 117 44
112 159 43
112 160 55
112 161 44
112 162 44
112 163 44
112 164 45
112 165 45
112 166 44
112 167 44
112 168 45
112 169 45
112 170 46
112 171 53
112 172 53
112 173 53
112 174 53
112 175 53
112 176 53
112 177 45
112 178 45
112 179 45
112 180 64
112 181 64
113 95 62
113 96 45
113 97 45
113 98 46
113 99 46
113 100 46
113 101 46
113 102 46
113 103 46
113 104 45
113 105 45
113 106 44
113 107 44
113 108 44
113 109 45
113 110 44
113 111 52
113 112 52
113 113 52
113 114 52
113 115 58
113 116 44
113 117 27
113 159 27
113 160 52
113 161 44
113 162 44
113 163 44
113 164 45
113 165 45
113 166 44
113 167 45
113 168 45
113 169 45
113 170 46
113 171 46
113 172 53
113 173 53
113 174 53
113 175 53
113 176 53
113 177 45
113 178 45
113 179 45
113 180 45
113 181 64
114 95 49
114 96 45
114 97 46
114 98 46
114 99 46
114 100 46
114 101 46
114 102 46
114 103 46
114 104 45
114 105 45
114 106 44
114 107 44
114 108 44
114 109 44
114 110 44
114 111 52
114 112 52
114 113 52
114 114 52
114 115 44
114 116 44
114 117 27
114 159 27
114 160 43
114 161 44
114 162 44
114 163 44
114 164 45
114 165 45
114 166 45
114 167 44
114 168 45
114 169 45
114 170 45
114 171 46
114 172 53
114 173 53
114 174 53
114 175 53
114 176 53
114 177 36
114 178 45
114 179 45
114 180 45
114 181 64
114 182 61
115 95 49
115 96 45
115 97 46
115 98 46
115 99 46
115 100 46
115 101 46
115 102 46
115 103 46
115 104 45
115 105 45
115 106 45
115 107 44
115 108 44
115 109 44
115 110 44
115 111 53
115 112 53
115 113 53
115 114 58
115 115 44
115 116 44
115 159 27
115 160 43
115 161 71
115 162 44
115 163 44
115 164 44
115 165 45
115 166 45
115 167 44
115 168 45
115 169 45
115 170 45
115 171 46
115 172 53
115 173 53
115 174 53
115 175 53
115 176 53
115 177 68
115 178 45
115 179 45
115 180 45
115 181 51
115 182 64
116 95 49
116 96 45
116 97 45
116 98 46
116 99 46
116 100 46
116 101 46
116 102 46
116 103 45
116 104 45
116 105 44
116 106 45
116 107 44
116 108 44
116 109 44
116 110 52
116 111 53
116 112 52
116 113 52
116 114 48
116 115 44
116 116 44
116 160 43
116 161 43
116 162 44
116 163 44
116 164 44
116 165 45
116 166 45
116 167 44
116 168 45
116 169 45
116 170 45
116 171 46
116 172 53
116 173 53
116 174 53
116 175 53
116 176 53
116 177 54
116 178 45
116 179 45
116 180 46
116 181 46
116 182 64
117 95 45
117 96 45
117 97 45
117 98 45
117 99 46
117 100 46
117 101 46
117 102 46
117 103 45
117 104 45
117 105 45
117 106 44
117 107 44
117 108 44
117 109 44
117 110 52
117 111 53
117 112 52
117 113 58
117 114 44
117 115 44
117 116 44
117 160 27
117 161 43
117 162 55
117 163 44
117 164 44
117 165 44
117 166 44
117 167 44
117 168 45
117 169 45
117 170 45
117 171 46
117 172 53
117 173 53
117 174 53
117 175 53
117 176 53
117 177 54
117 178 45
117 179 45
117 180 46
117 181 46
117 182 51
118 95 45
118 96 45
118 97 45
118 98 46
118 99 46
118 100 46
118 101 46
118 102 46
118 103 45
118 104 45
118 105 45
118 106 44
118 107 44
118 108 44
118 109 52
118 110 52
118 111 53
118 112 52
118 113 58
118 114 44
118 115 44
118 160 27
118 161 43
118 162 61
118 163 44
118 164 44
118 165 44
118 166 44
118 167 44
118 168 45
118 169 45
118 170 45
118 171 46
118 172 53
118 173 53
118 174 53
118 175 53
118 176 53
118 177 54
118 178 46
118 179 46
118 180 45
118 181 46
118 182 51
118 183 61
119 95 44
119 96 45
119 97 45
119 98 46
119 99 46
119 100 46
119 101 46
119 102 46
119 103 45
119 104 45
119 105 45
119 106 44
119 107 44
119 108 44
119 109 52
119 110 52
119 111 52
119 112 52
119 113 58
119 114 44
119 115 44
119 160 27
119 161 43
119 162 43
119 163 44
119 164 44
119 165 44
119 166 44
119 167 45
119 168 45
119 169 45
119 170 45
119 171 46
119 172 47
119 173 53
119 174 53
119 175 53
119 176 53
119 177 54
119 178 36
119 179 46
119 180 46
119 181 46
119 182 46
119 183 64
120 95 45
120 96 45
120 97 45
120 98 46
120 99 46
120 100 46
120 101 46
120 102 46
120 103 45
120 104 45
120 105 45
120 106 45
120 107 45
120 108 44
120 109 52
120 110 52
120 111 52
120 112 52
120 113 58
120 114 44
120 115 44
120 161 27
120 162 44
120 163 62
120 164 44
120 165 44
120 166 44
120 167 45
120 168 45
120 169 45
120 170 45
120 171 46
120 172 47
120 173 53
120 174 54
120 175 54
120 176 53
120 177 54
120 178 68
120 179 46
120 180 46
120 181 46
120 182 46
120 183 64
121 94 60
121 95 45
121 96 45
121 97 45
121 98 46
121 99 46
121 100 46
121 101 46
121 102 46
121 103 45
121 104 45
121 105 45
121 106 45
121 107 45
121 108 45
121 109 51
121 110 52
121 111 52
121 112 52
121 113 57
121 114 44
121 115 44
121 162 44
121 163 44
121 164 44
121 165 44
121 166 44
121 167 45
121 168 45
121 169 45
121 170 45
121 171 45
121 172 47
121 173 53
121 174 53
121 175 54
121 176 54
121 177 53
121 178 54
121 179 46
121 180 46
121 181 46
121 182 46
121 183 64
121 184 62
122 94 82
122 95 45
122 96 45
122 97 46
122 98 46
122 99 46
122 100 46
122 101 46
122 102 46
122 103 45
122 104 45
122 105 45
122 106 45
122 107 45
122 108 44
122 109 52
122 110 52
122 111 52
122 112 52
122 113 57
122 114 44
122 115 44
122 162 27
122 163 43
122 164 61
122 165 44
122 166 44
122 167 44
122 168 45
122 169 45
122 170 45
122 171 45
122 172 47
122 173 47
122 174 53
122 175 54
122 176 54
122 177 53
122 178 54
122 179 36
122 180 46
122 181 46
122 182 46
122 183 64
122 184 64
123 94 60
123 95 45
123 96 45
123 97 45
123 98 46
123 99 46
123 100 46
123 101 46
123 102 45
123 103 45
123 104 45
123 105 45
123 106 45
123 107 45
123 108 44
123 109 52
123 110 52
123 111 52
123 112 52
123 113 57
123 114 44
123 115 44
123 116 27
123 162 27
123 163 43
123 164 62
123 165 44
123 166 44
123 167 44
123 168 45
123 169 49
123 170 45
123 171 45
123 172 47
123 173 47
123 174 53
123 175 54
123 176 53
123 177 53
123 178 54
123 179 36
123 180 46
123 181 46
123 182 46
123 183 64
123 184 64
124 94 45
124 95 45
124 96 45
124 97 45
124 98 46
124 99 46
124 100 46
124 101 46
124 102 45
124 103 45
124 104 45
124 105 44
124 106 45
124 107 45
124 108 44
124 109 51
124 110 52
124 111 52
124 112 52
124 113 57
124 114 48
124 115 44
124 116 43
124 163 27
124 164 48
124 165 44
124 166 44
124 167 44
124 168 49
124 169 49
124 170 49
124 171 45
124 172 47
124 173 47
124 174 53
124 175 54
124 176 53
124 177 53
124 178 54
124 179 36
124 180 46
124 181 46
124 182 46
124 183 64
124 184 64
125 94 45
125 95 45
125 96 45
125 97 45
125 98 45
125 99 46
125 100 46
125 101 45
125 102 45
125 103 45
125 104 45
125 105 45
125 106 44
125 107 45
125 108 44
125 109 51
125 110 52
125 111 52
125 112 52
125 113 65
125 114 48
125 115 44
125 116 44
125 117 26
125 163 44
125 164 48
125 165 44
125 166 44
125 167 44
125 168 49
125 169 60
125 170 60
125 171 50
125 172 47
125 173 47
125 174 53
125 175 53
125 176 53
125 177 53
125 178 54
125 179 36
125 180 46
125 181 46
125 182 46
125 183 64
125 184 64
126 93 49
126 94 45
126 95 45
126 96 45
126 97 45
126 98 45
126 99 46
126 100 45
126 101 45
126 102 45
126 103 45
126 104 45
126 105 45
126 106 44
126 107 45
126 108 44
126 109 51
126 110 52
126 111 52
126 112 52
126 113 57
126 114 58
126 115 43
126 116 43
126 117 43
126 163 44
126 164 52
126 165 44
126 166 44
126 167 44
126 168 59
126 169 59
126 170 59
126 171 60
126 172 47
126 173 47
126 174 53
126 175 53
126 176 53
126 177 63
126 178 54
126 179 36
126 180 46
126 181 46
126 182 46
126 183 64
126 184 62
127 93 44
127 94 45
127 95 45
127 96 45
127 97 45
127 98 45
127 99 46
127 100 45
127 101 45
127 102 45
127 103 45
127 104 44
127 105 45
127 106 44
127 107 44
127 108 45
127 109 52
127 110 51
127 111 52
127 112 52
127 113 57
127 114 58
127 115 43
127 116 43
127 117 43
127 118 26
127 163 44
127 164 72
127 165 44
127 166 44
127 167 44
127 168 59
127 169 59
127 170 59
127 171 59
127 172 60
127 173 54
127 174 53
127 175 53
127 176 53
127 177 63
127 178 54
127 179 46
127 180 46
127 181 46
127 182 46
127 183 64
128 92 59
128 93 44
128 94 45
128 95 45
128 96 45
128 97 45
128 98 45
128 99 46
128 100 45
128 101 46
128 102 45
128 103 45
128 104 45
128 105 45
128 106 44
128 107 44
128 108 45
128 109 52
128 110 52
128 111 52
128 112 52
128 113 57
128 114 58
128 115 43
128 116 43
128 117 43
128 118 43
128 162 44
128 163 48
128 164 44
128 165 44
128 166 44
128 167 44
128 168 59
128 169 59
128 170 59
128 171 63
128 172 59
128 173 53
128 174 53
128 175 53
128 176 53
128 177 53
128 178 54
128 179 73
128 180 46
128 181 46
128 182 46
128 183 64
129 92 59
129 93 44
129 94 45
129 95 45
129 96 45
129 97 45
129 98 45
129 99 46
129 100 45
129 101 45
129 102 45
129 103 45
129 104 45
129 105 45
129 106 44
129 107 45
129 108 45
129 109 44
129 110 51
129 111 52
129 112 52
129 113 57
129 114 57
129 115 43
129 116 44
129 117 43
129 118 43
129 119 26
129 162 44
129 163 66
129 164 44
129 165 44
129 166 44
129 167 45
129 168 59
129 169 59
129 170 59
129 171 62
129 172 63
129 173 55
129 174 53
129 175 53
129 176 53
129 177 54
129 178 54
129 179 73
129 180 46
129 181 46
129 182 51
129 183 62
130 93 49
130 94 44
130 95 45
130 96 46
130 97 46
130 98 46
130 99 46
130 100 46
130 101 46
130 102 46
130 103 45
130 104 45
130 105 45
130 106 45
130 107 44
130 108 45
130 109 44
130 110 51
130 111 52
130 112 52
130 113 57
130 114 57
130 115 48
130 116 44
130 117 44
130 118 43
130 119 43
130 162 49
130 163 72
130 164 44
130 165 44
130 166 44
130 167 45
130 168 59
130 169 59
130 170 62
130 171 63
130 172 63
130 173 63
130 174 53
130 175 53
130 176 53
130 177 53
130 178 63
130 179 46
130 180 46
130 181 46
130 182 51
131 93 49
131 94 44
131 95 45
131 96 46
131 97 46
131 98 46
131 99 45
131 100 46
131 101 46
131 102 46
131 103 45
131 104 46
131 105 45
131 106 44
131 107 58
131 108 65
131 109 50
131 110 48
131 111 52
131 112 52
131 113 52
131 114 57
131 115 47
131 116 53
131 117 44
131 118 43
131 119 43
131 120 26
131 161 44
131 162 62
131 163 44
131 164 44
131 165 44
131 166 45
131 167 55
131 168 59
131 169 58
131 170 63
131 171 63
131 172 67
131 173 63
131 174 53
131 175 53
131 176 53
131 177 54
131 178 54
131 179 46
131 180 46
131 181 46
131 182 51
132 93 61
132 94 44
132 95 44
132 96 45
132 97 46
132 98 46
132 99 45
132 100 46
132 101 46
132 102 46
132 103 45
132 104 46
132 105 45
132 106 58
132 107 57
132 108 57
132 109 58
132 110 58
132 111 54
132 112 52
132 113 52
132 114 57
132 115 58
132 116 53
132 117 53
132 118 52
132 119 52
132 120 43
132 121 26
132 161 44
132 162 72
132 163 44
132 164 44
132 165 44
132 166 45
132 167 55
132 168 58
132 169 62
132 170 63
132 171 63
132 172 66
132 173 55
132 174 53
132 175 53
132 176 53
132 177 54
132 178 69
132 179 46
132 180 46
132 181 51
133 93 59
133 94 49
133 95 44
133 96 45
133 97 45
133 98 46
133 99 46
133 100 46
133 101 46
133 102 45
133 103 46
133 104 46
133 105 46
133 106 58
133 107 58
133 108 61
133 109 61
133 110 58
133 111 62
133 112 54
133 113 52
133 114 52
133 115 62
133 116 52
133 117 72
133 118 72
133 119 52
133 120 43
133 121 60
133 122 28
133 161 61
133 162 44
133 163 44
133 164 44
133 165 45
133 166 45
133 167 49
133 168 62
133 169 63
133 170 63
133 171 63
133 172 63
133 173 53
133 174 53
133 175 53
133 176 53
133 177 54
133 178 46
133 179 46
133 180 46
133 181 51
134 94 61
134 95 44
134 96 44
134 97 45
134 98 45
134 99 46
134 100 45
134 101 45
134 102 46
134 103 46
134 104 46
134 105 49
134 106 58
134 107 58
134 108 63
134 109 62
134 110 58
134 111 58
134 112 54
134 113 52
134 114 53
134 115 62
134 116 52
134 117 72
134 118 72
134 119 52
134 120 43
134 121 43
134 122 28
134 160 44
134 161 72
134 162 44
134 163 44
134 164 45
134 165 45
134 166 45
134 167 54
134 168 62
134 169 63
134 170 62
134 171 66
134 172 66
134 173 53
134 174 53
134 175 53
134 176 54
134 177 73
134 178 46
134 179 46
134 180 51
134 181 62
135 94 59
135 95 49
135 96 44
135 97 44
135 98 45
135 99 46
135 100 45
135 101 46
135 102 46
135 103 46
135 104 46
135 105 58
135 106 58
135 107 58
135 108 62
135 109 62
135 110 58
135 111 58
135 112 54
135 113 52
135 114 53
135 115 62
135 116 54
135 117 72
135 118 72
135 119 52
135 120 42
135 121 42
135 122 26
135 160 57
135 161 71
135 162 44
135 163 55
135 164 45
135 165 45
135 166 45
135 167 59
135 168 63
135 169 62
135 170 63
135 171 76
135 172 66
135 173 53
135 174 53
135 175 53
135 176 54
135 177 45
135 178 46
135 179 46
135 180 51
136 95 59
136 96 44
136 97 45
136 98 45
136 99 46
136 100 45
136 101 46
136 102 46
136 103 46
136 104 46
136 105 58
136 106 58
136 107 58
136 108 62
136 109 62
136 110 61
136 111 58
136 112 51
136 113 52
136 114 52
136 115 58
136 116 54
136 117 72
136 118 60
136 119 60
136 120 43
136 121 42
136 122 26
136 160 57
136 161 44
136 162 44
136 163 44
136 164 45
136 165 44
136 166 45
136 167 59
136 168 62
136 169 62
136 170 76
136 171 76
136 172 59
136 173 53
136 174 53
136 175 53
136 176 73
136 177 46
136 178 46
136 179 46
136 180 64
137 95 59
137 96 49
137 97 45
137 98 45
137 99 45
137 100 46
137 101 46
137 102 46
137 103 46
137 104 46
137 105 58
137 106 58
137 107 58
137 108 62
137 109 63
137 110 63
137 111 58
137 112 44
137 113 52
137 114 57
137 115 58
137 116 54
137 117 60
137 118 60
137 119 60
137 120 43
137 121 42
137 122 26
137 160 57
137 161 44
137 162 55
137 163 44
137 164 44
137 165 45
137 166 45
137 167 58
137 168 62
137 169 66
137 170 76
137 171 76
137 172 59
137 173 53
137 174 62
137 175 58
137 176 46
137 177 46
137 178 46
137 179 51
137 180 64
138 96 59
138 97 44
138 98 45
138 99 45
138 100 46
138 101 46
138 102 46
138 103 46
138 104 46
138 105 58
138 106 58
138 107 58
138 108 58
138 109 63
138 110 82
138 111 58
138 112 44
138 113 52
138 114 57
138 115 58
138 116 47
138 117 43
138 118 60
138 119 60
138 120 43
138 121 42
138 122 42
138 123 26
138 159 43
138 160 57
138 161 44
138 162 44
138 163 44
138 164 44
138 165 45
138 166 44
138 167 59
138 168 63
138 169 76
138 170 76
138 171 76
138 172 59
138 173 53
138 174 54
138 175 45
138 176 46
138 177 46
138 178 46
138 179 51
138 180 64
139 96 59
139 97 44
139 98 44
139 99 45
139 100 46
139 101 46
139 102 46
139 103 46
139 104 46
139 105 58
139 106 58
139 107 58
139 108 58
139 109 63
139 110 79
139 111 58
139 112 44
139 113 52
139 114 57
139 115 58
139 116 58
139 117 43
139 118 60
139 119 60
139 120 43
139 121 42
139 122 42
139 123 26
139 159 43
139 160 57
139 161 44
139 162 44
139 163 44
139 164 44
139 165 44
139 166 44
139 167 59
139 168 63
139 169 76
139 170 76
139 171 76
139 172 59
139 173 53
139 174 58
139 175 45
139 176 45
139 177 45
139 178 46
139 179 51
139 180 64
140 97 48
140 98 44
140 99 45
140 100 45
140 101 45
140 102 46
140 103 46
140 104 46
140 105 49
140 106 58
140 107 58
140 108 59
140 109 62
140 110 83
140 111 50
140 112 44
140 113 51
140 114 57
140 115 58
140 116 57
140 117 43
140 118 60
140 119 60
140 120 43
140 121 42
140 122 42
140 123 26
140 159 43
140 160 61
140 161 60
140 162 44
140 163 44
140 164 44
140 165 44
140 166 46
140 167 59
140 168 76
140 169 76
140 170 76
140 171 66
140 172 53
140 173 53
140 174 73
140 175 45
140 176 45
140 177 46
140 178 46
140 179 51
140 180 64
140 181 61
141 97 48
141 98 43
141 99 45
141 100 45
141 101 45
141 102 45
141 103 46
141 104 46
141 105 46
141 106 58
141 107 58
141 108 59
141 109 62
141 110 83
141 111 50
141 112 44
141 113 44
141 114 52
141 115 57
141 116 57
141 117 43
141 118 60
141 119 60
141 120 43
141 121 42
141 122 42
141 123 26
141 124 26
141 158 27
141 159 43
141 160 61
141 161 60
141 162 44
141 163 44
141 164 44
141 165 44
141 166 46
141 167 63
141 168 77
141 169 77
141 170 76
141 171 66
141 172 53
141 173 53
141 174 45
141 175 45
141 176 45
141 177 45
141 178 45
141 179 51
141 180 64
141 181 61
142 97 48
142 98 44
142 99 45
142 100 45
142 101 45
142 102 45
142 103 46
142 104 46
142 105 46
142 106 58
142 107 58
142 108 59
142 109 62
142 110 79
142 111 50
142 112 43
142 113 44
142 114 52
142 115 57
142 116 58
142 117 60
142 118 60
142 119 60
142 120 43
142 121 43
142 122 42
142 123 42
142 124 26
142 149 24
142 158 27
142 159 43
142 160 71
142 161 71
142 162 70
142 163 44
142 164 44
142 165 45
142 166 46
142 167 77
142 168 77
142 169 77
142 170 76
142 171 66
142 172 67
142 173 68
142 174 45
142 175 45
142 176 46
142 177 45
142 178 45
142 179 51
142 180 64
143 97 48
143 98 44
143 99 44
143 100 45
143 101 45
143 102 45
143 103 45
143 104 46
143 105 46
143 106 58
143 107 58
143 108 67
143 109 63
143 110 81
143 111 60
143 112 47
143 113 43
143 114 60
143 115 57
143 116 57
143 117 47
143 118 60
143 119 60
143 120 43
143 121 43
143 122 42
143 123 42
143 124 26
143 147 23
143 148 39
143 149 39
143 150 40
143 158 27
143 159 44
143 160 52
143 161 71
143 162 70
143 163 44
143 164 44
143 165 46
143 166 46
143 167 77
143 168 76
143 169 77
143 170 77
143 171 66
143 172 67
143 173 36
143 174 45
143 175 45
143 176 46
143 177 46
143 178 45
143 179 51
143 180 64
144 97 61
144 98 44
144 99 44
144 100 45
144 101 45
144 102 45
144 103 45
144 104 46
144 105 46
144 106 46
144 107 58
144 108 62
144 109 63
144 110 63
144 111 67
144 112 47
144 113 43
144 114 60
144 115 52
144 116 57
144 117 56
144 118 43
144 119 43
144 120 43
144 121 43
144 122 43
144 123 42
144 124 26
144 147 39
144 148 39
144 149 39
144 150 40
144 151 26
144 157 26
144 158 26
144 159 47
144 160 61
144 161 71
144 162 70
144 163 44
144 164 44
144 165 46
144 166 46
144 167 76
144 168 76
144 169 77
144 170 77
144 171 76
144 172 82
144 173 66
144 174 45
144 175 45
144 176 46
144 177 46
144 178 51
144 179 51
144 180 64
145 97 61
145 98 44
145 99 44
145 100 45
145 101 45
145 102 45
145 103 46
145 104 46
145 105 46
145 106 46
145 107 66
145 108 67
145 109 76
145 110 63
145 111 76
145 112 49
145 113 43
145 114 43
145 115 52
145 116 58
145 117 57
145 118 56
145 119 43
145 120 67
145 121 67
145 122 43
145 123 42
145 124 26
145 146 23
145 147 39
145 148 39
145 149 39
145 150 39
145 151 25
145 157 26
145 158 43
145 159 48
145 160 61
145 161 71
145 162 70
145 163 44
145 164 44
145 165 46
145 166 52
145 167 66
145 168 76
145 169 76
145 170 76
145 171 76
145 172 91
145 173 66
145 174 45
145 175 45
145 176 45
145 177 45
145 178 51
145 179 51
146 97 59
146 98 49
146 99 44
146 100 44
146 101 45
146 102 45
146 103 46
146 104 46
146 105 46
146 106 46
146 107 70
146 108 67
146 109 67
146 110 67
146 111 81
146 112 45
146 113 43
146 114 44
146 115 52
146 116 53
146 117 76
146 118 65
146 119 67
146 120 67
146 121 67
146 122 67
146 123 43
146 147 23
146 148 38
146 149 38
146 150 38
146 151 38
146 152 43
146 156 26
146 157 43
146 158 43
146 159 61
146 160 61
146 161 71
146 162 44
146 163 45
146 164 45
146 165 46
146 166 52
146 167 66
146 168 76
146 169 76
146 170 76
146 171 77
146 172 73
146 173 66
146 174 45
146 175 45
146 176 45
146 177 45
146 178 51
146 179 51
147 97 59
147 98 61
147 99 44
147 100 44
147 101 45
147 102 46
147 103 46
147 104 46
147 105 46
147 106 49
147 107 77
147 108 67
147 109 78
147 110 77
147 111 85
147 112 45
147 113 44
147 114 62
147 115 62
147 116 52
147 117 52
147 118 76
147 119 75
147 120 67
147 121 67
147 122 68
147 123 68
147 148 23
147 149 48
147 150 48
147 151 38
147 152 43
147 156 43
147 157 43
147 158 43
147 159 64
147 160 61
147 161 71
147 162 44
147 163 45
147 164 45
147 165 46
147 166 53
147 167 63
147 168 77
147 169 76
147 170 76
147 171 77
147 172 72
147 173 86
147 174 45
147 175 45
147 176 45
147 177 51
147 178 51
147 179 61
148 98 61
148 99 44
148 100 44
148 101 45
148 102 46
148 103 46
148 104 46
148 105 46
148 106 58
148 107 82
148 108 77
148 109 86
148 110 100
148 111 89
148 112 47
148 113 45
148 114 45
148 115 72
148 116 76
148 117 61
148 118 52
148 119 53
148 120 74
148 121 67
148 122 68
148 123 68
148 124 29
148 148 22
148 149 48
148 150 48
148 151 48
148 152 38
148 155 43
148 156 43
148 157 43
148 158 57
148 159 65
148 160 61
148 161 45
148 162 45
148 163 45
148 164 45
148 165 46
148 166 52
148 167 63
148 168 77
148 169 76
148 170 76
148 171 88
148 172 85
148 173 86
148 174 66
148 175 45
148 176 51
148 177 51
148 178 64
149 98 61
149 99 49
149 100 44
149 101 45
149 102 45
149 103 46
149 104 46
149 105 49
149 106 58
149 107 93
149 108 86
149 109 84
149 110 99
149 111 88
149 112 45
149 113 44
149 114 45
149 115 44
149 116 45
149 117 52
149 118 53
149 119 53
149 120 53
149 121 81
149 122 66
149 123 68
149 124 45
149 147 21
149 148 22
149 149 38
149 150 47
149 151 48
149 152 48
149 153 26
149 154 43
149 155 43
149 156 43
149 157 43
149 158 65
149 159 75
149 160 45
149 161 45
149 162 45
149 163 45
149 164 46
149 165 52
149 166 53
149 167 63
149 168 76
149 169 76
149 170 76
149 171 75
149 172 85
149 173 86
149 174 86
149 175 69
149 176 64
149 177 64
149 178 61
150 98 59
150 99 49
150 100 44
150 101 44
150 102 45
150 103 45
150 104 45
150 105 72
150 106 65
150 107 83
150 108 61
150 109 59
150 110 99
150 111 69
150 112 44
150 113 45
150 114 45
150 115 45
150 116 44
150 117 45
150 118 53
150 119 53
150 120 53
150 121 53
150 122 66
150 123 67
150 124 45
150 147 22
150 148 22
150 149 39
150 150 47
150 151 47
150 152 48
150 153 43
150 154 43
150 155 43
150 156 43
150 157 61
150 158 65
150 159 55
150 160 45
150 161 45
150 162 45
150 163 45
150 164 53
150 165 52
150 166 53
150 167 82
150 168 76
150 169 76
150 170 95
150 171 85
150 172 85
150 173 85
150 174 85
150 175 61
150 176 61
150 177 61
151 99 49
151 100 49
151 101 44
151 102 45
151 103 45
151 104 61
151 105 71
151 106 84
151 107 60
151 109 59
151 110 83
151 111 61
151 112 45
151 113 45
151 114 44
151 115 45
151 116 45
151 117 45
151 118 53
151 119 53
151 120 53
151 121 53
151 122 68
151 123 67
151 124 45
151 146 21
151 147 22
151 148 22
151 149 37
151 150 40
151 151 41
151 152 42
151 153 40
151 154 43
151 155 57
151 156 61
151 157 67
151 158 71
151 159 45
151 160 45
151 161 45
151 162 45
151 163 46
151 164 53
151 165 53
151 166 53
151 167 82
151 168 76
151 169 83
151 170 85
151 171 85
151 172 85
151 173 61
152 99 59
152 100 49
152 101 49
152 102 60
152 103 53
152 104 61
152 105 77
152 106 83
152 110 83
152 111 56
152 112 44
152 113 45
152 114 45
152 115 45
152 116 45
152 117 45
152 118 45
152 119 53
152 120 53
152 121 53
152 122 39
152 123 67
152 124 28
152 146 21
152 147 21
152 148 21
152 149 39
152 150 40
152 151 40
152 152 42
152 153 43
152 154 60
152 155 60
152 156 61
152 157 61
152 158 44
152 159 45
152 160 45
152 161 45
152 162 45
152 163 53
152 164 53
152 165 53
152 166 53
152 167 77
152 168 83
152 169 101
152 170 85
152 171 84
152 172 61
153 100 59
153 101 49
153 102 49
153 103 71
153 104 72
153 105 98
153 110 61
153 111 55
153 112 45
153 113 45
153 114 45
153 115 45
153 116 45
153 117 45
153 118 45
153 119 53
153 120 53
153 121 53
153 122 32
153 123 67
153 130 6
153 131 5
153 147 21
153 148 21
153 149 39
153 150 40
153 151 42
153 152 43
153 153 43
153 154 70
153 155 61
153 156 60
153 157 71
153 158 45
153 159 45
153 160 45
153 161 45
153 162 47
153 163 53
153 164 53
153 165 53
153 166 53
153 167 77
153 168 100
153 169 61
154 101 59
154 102 61
154 103 61
154 104 60
154 105 59
154 110 59
154 111 44
154 112 44
154 113 44
154 114 45
154 115 45
154 116 45
154 117 45
154 118 45
154 119 52
154 120 53
154 121 53
154 122 33
154 123 67
154 130 7
154 131 5
154 148 36
154 149 40
154 150 41
154 151 43
154 152 43
154 153 43
154 154 43
154 155 44
154 156 44
154 157 44
154 158 45
154 159 45
154 160 45
154 161 45
154 162 53
154 163 53
154 164 53
154 165 53
154 166 53
154 167 93
154 168 61
155 102 59
155 103 59
155 104 59
155 110 59
155 111 44
155 112 44
155 113 44
155 114 44
155 115 45
155 116 45
155 117 45
155 118 45
155 119 52
155 120 53
155 121 52
155 122 33
155 130 7
155 131 5
155 148 21
155 149 38
155 150 41
155 151 42
155 152 42
155 153 43
155 154 43
155 155 45
155 156 45
155 157 45
155 158 44
155 159 45
155 160 45
155 161 46
155 162 53
155 163 53
155 164 53
155 165 53
155 166 69
155 167 50
156 110 59
156 111 44
156 112 44
156 113 44
156 114 45
156 115 45
156 116 45
156 117 45
156 118 45
156 119 52
156 120 53
156 121 52
156 122 33
156 130 5
156 131 5
156 147 21
156 148 31
156 149 47
156 150 47
156 151 42
156 152 42
156 153 43
156 154 43
156 155 45
156 156 45
156 157 44
156 158 45
156 159 45
156 160 45
156 161 47
156 162 53
156 163 53
156 164 53
156 165 53
156 166 67
156 167 61
157 111 44
157 112 45
157 113 44
157 114 45
157 115 45
157 116 45
157 117 45
157 118 45
157 119 52
157 120 53
157 121 53
157 122 33
157 129 7
157 130 5
157 131 5
157 147 20
157 148 31
157 149 46
157 150 47
157 151 42
157 152 42
157 153 43
157 154 43
157 155 44
157 156 44
157 157 44
157 158 45
157 159 45
157 160 45
157 161 46
157 162 53
157 163 53
157 164 53
157 165 88
157 166 34
157 167 69
158 111 44
158 112 45
158 113 44
158 114 45
158 115 45
158 116 45
158 117 45
158 118 45
158 119 52
158 120 53
158 121 53
158 122 33
158 128 7
158 129 28
158 130 28
158 131 20
158 132 20
158 147 31
158 148 31
158 149 46
158 150 41
158 151 42
158 152 42
158 153 43
158 154 43
158 155 44
158 156 44
158 157 45
158 158 45
158 159 45
158 160 45
158 161 46
158 162 53
158 163 53
158 164 53
158 165 88
158 166 34
158 167 46
159 110 82
159 111 65
159 112 45
159 113 44
159 114 45
159 115 45
159 116 45
159 117 45
159 118 45
159 119 52
159 120 53
159 121 41
159 122 33
159 127 28
159 128 28
159 129 28
159 130 28
159 131 19
159 132 20
159 133 20
159 147 31
159 148 31
159 149 46
159 150 41
159 151 42
159 152 43
159 153 43
159 154 43
159 155 44
159 156 44
159 157 45
159 158 45
159 159 45
159 160 45
159 161 46
159 162 53
159 163 53
159 164 53
159 165 68
159 166 36
159 167 51
160 110 82
160 111 48
160 112 45
160 113 45
160 114 45
160 115 45
160 116 45
160 117 45
160 118 45
160 119 52
160 120 52
160 121 41
160 122 33
160 125 27
160 126 27
160 127 28
160 128 28
160 129 28
160 130 28
160 131 35
160 132 35
160 133 20
160 134 20
160 147 31
160 148 29
160 149 46
160 150 41
160 151 42
160 152 43
160 153 42
160 154 43
160 155 44
160 156 44
160 157 45
160 158 45
160 159 45
160 160 45
160 161 46
160 162 53
160 163 54
160 164 53
160 165 68
160 166 36
160 167 64
161 110 82
161 111 48
161 112 45
161 113 45
161 114 45
161 115 45
161 116 45
161 117 45
161 118 45
161 119 52
161 120 52
161 121 53
161 122 33
161 123 26
161 124 27
161 125 27
161 126 27
161 127 28
161 128 28
161 129 43
161 130 43
161 131 35
161 132 35
161 133 35
161 134 35
161 135 20
161 147 20
161 148 36
161 149 40
161 150 41
161 151 42
161 152 42
161 153 42
161 154 43
161 155 44
161 156 44
161 157 45
161 158 45
161 159 45
161 160 45
161 161 46
161 162 53
161 163 54
161 164 53
161 165 68
161 166 36
161 167 61
162 110 83
162 111 48
162 112 45
162 113 44
162 114 45
162 115 45
162 116 45
162 117 45
162 118 45
162 119 44
162 120 52
162 121 62
162 122 40
162 123 26
162 124 27
162 125 27
162 126 27
162 127 43
162 128 43
162 129 43
162 130 43
162 131 34
162 132 35
162 133 35
162 134 34
162 135 20
162 136 20
162 143 28
162 144 28
162 147 20
162 148 36
162 149 39
162 150 41
162 151 42
162 152 42
162 153 42
162 154 42
162 155 44
162 156 44
162 157 45
162 158 45
162 159 45
162 160 45
162 161 47
162 162 53
162 163 53
162 164 53
162 165 36
162 166 36
162 167 61
163 110 83
163 111 57
163 112 45
163 113 45
163 114 45
163 115 45
163 116 45
163 117 45
163 118 45
163 119 44
163 120 53
163 121 52
163 122 40
163 123 26
163 124 27
163 125 28
163 126 42
163 127 43
163 128 43
163 129 43
163 130 43
163 131 34
163 132 35
163 133 35
163 134 34
163 135 19
163 136 19
163 143 28
163 144 28
163 145 28
163 147 20
163 148 33
163 149 41
163 150 40
163 151 42
163 152 42
163 153 42
163 154 42
163 155 43
163 156 44
163 157 45
163 158 45
163 159 45
163 160 45
163 161 46
163 162 53
163 163 53
163 164 53
163 165 36
163 166 36
163 167 61
164 110 62
164 111 61
164 112 44
164 113 45
164 114 45
164 115 45
164 116 45
164 117 45
164 118 45
164 119 45
164 120 53
164 121 54
164 122 52
164 123 26
164 124 28
164 125 42
164 126 43
164 127 43
164 128 43
164 129 43
164 130 39
164 131 34
164 132 34
164 133 32
164 134 32
164 135 32
164 136 19
164 143 28
164 144 45
164 145 45
164 147 33
164 148 33
164 149 41
164 150 41
164 151 42
164 152 42
164 153 42
164 154 42
164 155 43
164 156 45
164 157 45
164 158 45
164 159 45
164 160 45
164 161 46
164 162 53
164 163 53
164 164 53
164 165 36
164 166 36
164 167 64
165 110 49
165 111 48
165 112 44
165 113 45
165 114 45
165 115 45
165 116 45
165 117 45
165 118 45
165 119 45
165 120 53
165 121 40
165 122 40
165 123 27
165 124 42
165 125 42
165 126 43
165 127 43
165 128 43
165 129 43
165 130 39
165 131 32
165 132 33
165 133 32
165 134 32
165 135 32
165 136 19
165 137 19
165 143 45
165 144 45
165 145 62
165 146 19
165 147 33
165 148 33
165 149 41
165 150 40
165 151 42
165 152 42
165 153 43
165 154 43
165 155 43
165 156 45
165 157 45
165 158 45
165 159 45
165 160 45
165 161 46
165 162 53
165 163 53
165 164 53
165 165 68
165 166 36
165 167 64
166 110 49
166 111 53
166 112 44
166 113 45
166 114 45
166 115 45
166 116 45
166 117 45
166 118 45
166 119 45
166 120 62
166 121 40
166 122 40
166 123 42
166 124 42
166 125 43
166 126 43
166 127 43
166 128 43
166 129 42
166 130 37
166 131 32
166 132 33
166 133 32
166 134 32
166 135 32
166 136 32
166 137 19
166 143 45
166 144 62
166 145 61
166 146 31
166 147 33
166 148 33
166 149 41
166 150 40
166 151 41
166 152 42
166 153 43
166 154 43
166 155 43
166 156 45
166 157 45
166 158 45
166 159 45
166 160 45
166 161 46
166 162 53
166 163 53
166 164 53
166 165 69
166 166 36
166 167 77
167 110 61
167 111 71
167 112 44
167 113 44
167 114 44
167 115 45
167 116 45
167 117 45
167 118 45
167 119 45
167 120 54
167 121 40
167 122 26
167 123 42
167 124 42
167 125 43
167 126 43
167 127 43
167 128 43
167 129 37
167 130 37
167 131 33
167 132 32
167 133 32
167 134 32
167 135 32
167 136 31
167 137 31
167 139 29
167 141 28
167 142 28
167 143 45
167 144 73
167 145 73
167 146 31
167 147 33
167 148 33
167 149 40
167 150 40
167 151 41
167 152 42
167 153 43
167 154 43
167 155 43
167 156 45
167 157 45
167 158 45
167 159 45
167 160 45
167 161 45
167 162 53
167 163 53
167 164 53
167 165 68
167 166 36
167 167 102
168 110 59
168 111 71
168 112 44
168 113 44
168 114 44
168 115 45
168 116 45
168 117 45
168 118 45
168 119 45
168 120 54
168 121 40
168 122 42
168 123 42
168 124 42
168 125 43
168 126 43
168 127 43
168 128 37
168 129 37
168 130 37
168 131 33
168 132 31
168 133 31
168 134 31
168 135 31
168 136 31
168 137 31
168 138 32
168 139 29
168 140 37
168 141 28
168 142 59
168 143 49
168 144 45
168 145 46
168 146 51
168 147 33
168 148 32
168 149 40
168 150 40
168 151 41
168 152 42
168 153 43
168 154 42
168 155 43
168 156 45
168 157 45
168 158 45
168 159 45
168 160 45
168 161 45
168 162 53
168 163 53
168 164 53
168 165 68
168 166 36
168 167 86
169 111 71
169 112 48
169 113 44
169 114 44
169 115 45
169 116 45
169 117 45
169 118 45
169 119 52
169 120 54
169 121 40
169 122 46
169 123 42
169 124 42
169 125 42
169 126 42
169 127 42
169 128 37
169 129 37
169 130 37
169 131 33
169 132 31
169 133 31
169 134 31
169 135 31
169 136 31
169 137 31
169 138 39
169 139 31
169 140 37
169 141 60
169 142 59
169 143 59
169 144 49
169 145 46
169 146 52
169 147 33
169 148 32
169 149 40
169 150 40
169 151 41
169 152 42
169 153 43
169 154 42
169 155 43
169 156 45
169 157 45
169 158 45
169 159 45
169 160 45
169 161 45
169 162 53
169 163 53
169 164 53
169 165 34
169 166 36
170 111 74
170 112 57
170 113 44
170 114 44
170 115 45
170 116 45
170 117 45
170 118 45
170 119 52
170 120 54
170 121 53
170 122 51
170 123 42
170 124 42
170 125 42
170 126 42
170 127 37
170 128 37
170 129 37
170 130 37
170 131 33
170 132 31
170 133 31
170 134 31
170 135 31
170 136 31
170 137 31
170 138 39
170 139 31
170 140 49
170 141 50
170 142 59
170 143 70
170 144 49
170 145 51
170 146 51
170 147 32
170 148 32
170 149 38
170 150 40
170 151 41
170 152 42
170 153 43
170 154 42
170 155 43
170 156 45
170 157 45
170 158 45
170 159 45
170 160 45
170 161 45
170 162 53
170 163 53
170 164 53
170 165 34
170 166 36
171 111 74
171 112 57
171 113 44
171 114 44
171 115 45
171 116 45
171 117 45
171 118 45
171 119 52
171 120 54
171 121 53
171 122 51
171 123 42
171 124 42
171 125 42
171 126 37
171 127 37
171 128 37
171 129 37
171 130 37
171 131 34
171 132 31
171 133 31
171 134 31
171 135 31
171 136 31
171 137 38
171 138 51
171 139 51
171 140 49
171 141 50
171 142 59
171 143 68
171 144 64
171 145 60
171 146 52
171 147 32
171 148 32
171 149 38
171 150 41
171 151 41
171 152 42
171 153 42
171 154 42
171 155 43
171 156 45
171 157 45
171 158 45
171 159 45
171 160 45
171 161 45
171 162 53
171 163 53
171 164 68
171 165 34
171 166 73
172 111 74
172 112 57
172 113 44
172 114 44
172 115 45
172 116 45
172 117 45
172 118 45
172 119 52
172 120 54
172 121 53
172 122 51
172 123 42
172 124 42
172 125 38
172 126 37
172 127 37
172 128 37
172 129 37
172 130 33
172 131 50
172 132 48
172 133 47
172 134 31
172 135 31
172 136 31
172 137 38
172 138 51
172 139 51
172 140 56
172 141 62
172 142 56
172 143 90
172 144 69
172 145 43
172 146 60
172 147 32
172 148 32
172 149 38
172 150 38
172 151 41
172 152 42
172 153 43
172 154 42
172 155 44
172 156 44
172 157 44
172 158 45
172 159 45
172 160 45
172 161 46
172 162 53
172 163 53
172 164 68
172 165 36
172 166 61
173 111 74
173 112 57
173 113 57
173 114 45
173 115 45
173 116 45
173 117 45
173 118 45
173 119 45
173 120 54
173 121 40
173 122 51
173 123 42
173 124 42
173 125 38
173 126 37
173 127 37
173 128 37
173 129 37
173 130 33
173 131 48
173 132 48
173 133 47
173 134 31
173 135 31
173 136 31
173 137 38
173 138 51
173 139 60
173 140 63
173 141 63
173 142 71
173 143 80
173 144 56
173 145 56
173 146 44
173 147 51
173 148 32
173 149 38
173 150 39
173 151 49
173 152 42
173 153 42
173 154 42
173 155 44
173 156 45
173 157 44
173 158 45
173 159 45
173 160 45
173 161 46
173 162 53
173 163 53
173 164 34
173 165 36
173 166 61
174 111 59
174 112 57
174 113 57
174 114 45
174 115 45
174 116 45
174 117 44
174 118 45
174 119 45
174 120 52
174 121 40
174 122 51
174 123 42
174 124 37
174 125 38
174 126 37
174 127 37
174 128 37
174 129 37
174 130 33
174 131 48
174 132 53
174 133 65
174 134 64
174 135 50
174 136 42
174 137 50
174 138 52
174 139 63
174 140 63
174 141 63
174 142 101
174 143 85
174 144 56
174 145 56
174 146 44
174 147 51
174 148 34
174 149 59
174 150 38
174 151 48
174 152 42
174 153 43
174 154 42
174 155 44
174 156 44
174 157 45
174 158 45
174 159 45
174 160 45
174 161 53
174 162 53
174 163 62
174 164 34
174 165 58
175 112 57
175 113 57
175 114 45
175 115 45
175 116 45
175 117 45
175 118 45
175 119 45
175 120 52
175 121 40
175 122 51
175 123 42
175 124 37
175 125 37
175 126 37
175 127 37
175 128 37
175 129 33
175 130 32
175 131 53
175 132 61
175 133 61
175 134 64
175 135 50
175 136 59
175 137 60
175 138 60
175 139 63
175 140 63
175 141 69
175 142 77
175 143 75
175 144 57
175 145 56
175 146 44
175 147 60
175 148 34
175 149 60
175 150 48
175 151 63
175 152 42
175 153 43
175 154 42
175 155 44
175 156 44
175 157 45
175 158 45
175 159 45
175 160 46
175 161 53
175 162 53
175 163 69
175 164 34
175 165 69
176 112 61
176 113 57
176 114 57
176 115 45
176 116 44
176 117 45
176 118 45
176 119 45
176 120 52
176 121 40
176 122 51
176 123 45
176 124 37
176 125 37
176 126 37
176 127 37
176 128 37
176 129 32
176 130 32
176 131 65
176 132 65
176 133 61
176 134 64
176 135 52
176 136 59
176 137 59
176 138 63
176 139 63
176 140 63
176 141 80
176 142 76
176 143 51
176 144 57
176 145 56
176 146 44
176 147 60
176 148 34
176 149 59
176 150 48
176 151 63
176 152 63
176 153 42
176 154 42
176 155 45
176 156 45
176 157 45
176 158 45
176 159 45
176 160 46
176 161 53
176 162 53
176 163 69
176 164 68
176 165 80
177 112 83
177 113 57
177 114 57
177 115 45
177 116 45
177 117 45
177 118 45
177 119 45
177 120 52
177 121 40
177 122 51
177 123 50
177 124 37
177 125 37
177 126 37
177 127 37
177 128 37
177 129 32
177 130 39
177 131 64
177 132 64
177 133 63
177 134 62
177 135 51
177 136 59
177 137 59
177 138 62
177 139 63
177 140 69
177 141 77
177 142 76
177 143 51
177 144 56
177 145 56
177 146 44
177 147 45
177 148 34
177 149 38
177 150 48
177 151 63
177 152 63
177 153 42
177 154 42
177 155 45
177 156 45
177 157 45
177 158 45
177 159 46
177 160 46
177 161 53
177 162 63
177 163 69
177 164 68
177 165 86
178 112 83
178 113 57
178 114 57
178 115 45
178 116 45
178 117 44
178 118 45
178 119 45
178 120 52
178 121 33
178 122 51
178 123 51
178 124 37
178 125 37
178 126 37
178 127 37
178 128 37
178 129 39
178 130 39
178 131 64
178 132 65
178 133 62
178 134 64
178 135 63
178 136 59
178 137 59
178 138 62
178 139 63
178 140 81
178 141 73
178 142 52
178 143 51
178 144 51
178 145 57
178 146 56
178 147 45
178 148 33
178 149 38
178 150 48
178 151 62
178 152 42
178 153 42
178 154 43
178 155 45
178 156 45
178 157 45
178 158 45
178 159 46
178 160 46
178 161 53
178 162 53
178 163 68
178 164 58
179 112 74
179 113 57
179 114 56
179 115 44
179 116 45
179 117 44
179 118 45
179 119 45
179 120 52
179 121 33
179 122 33
179 123 51
179 124 37
179 125 37
179 126 37
179 127 37
179 128 44
179 129 39
179 130 39
179 131 64
179 132 62
179 133 62
179 134 64
179 135 63
179 136 60
179 137 62
179 138 62
179 139 63
179 140 78
179 141 76
179 142 52
179 143 51
179 144 51
179 145 57
179 146 56
179 147 45
179 148 33
179 149 38
179 150 38
179 151 62
179 152 42
179 153 42
179 154 43
179 155 45
179 156 45
179 157 45
179 158 45
179 159 46
179 160 53
179 161 54
179 162 53
179 163 68
179 164 63
180 112 82
180 113 57
180 114 56
180 115 44
180 116 45
180 117 44
180 118 45
180 119 45
180 120 52
180 121 33
180 122 33
180 123 51
180 124 37
180 125 37
180 126 37
180 127 38
180 128 39
180 129 39
180 130 39
180 131 63
180 132 62
180 133 62
180 134 56
180 135 63
180 136 60
180 137 63
180 138 62
180 139 76
180 140 56
180 141 51
180 142 52
180 143 51
180 144 51
180 145 57
180 146 57
180 147 45
180 148 35
180 149 38
180 150 38
180 151 62
180 152 42
180 153 42
180 154 42
180 155 44
180 156 45
180 157 45
180 158 45
180 159 46
180 160 53
180 161 53
180 162 58
180 163 34
180 164 86
181 113 61
181 114 56
181 115 44
181 116 45
181 117 45
181 118 45
181 119 45
181 120 61
181 121 53
181 122 33
181 123 40
181 124 43
181 125 37
181 126 37
181 127 39
181 128 39
181 129 39
181 130 38
181 131 63
181 132 62
181 133 64
181 134 56
181 135 63
181 136 63
181 137 63
181 138 60
181 139 91
181 140 79
181 141 51
181 142 52
181 143 52
181 144 52
181 145 57
181 146 57
181 147 45
181 148 34
181 149 38
181 150 38
181 151 38
181 152 42
181 153 42
181 154 42
181 155 44
181 156 45
181 157 45
181 158 45
181 159 46
181 160 53
181 161 70
181 162 67
181 163 36
182 113 74
182 114 55
182 115 44
182 116 44
182 117 45
182 118 45
182 119 45
182 120 72
182 121 53
182 122 33
182 124 42
182 125 37
182 126 44
182 127 39
182 128 39
182 129 38
182 130 57
182 131 64
182 132 63
182 133 65
182 134 56
182 135 63
182 136 63
182 137 63
182 138 61
182 139 77
182 140 91
182 141 51
182 142 52
182 143 51
182 144 51
182 145 57
182 146 57
182 147 45
182 148 34
182 149 38
182 150 38
182 151 38
182 152 51
182 153 42
182 154 42
182 155 44
182 156 45
182 157 45
182 158 45
182 159 46
182 160 53
182 161 77
182 162 34
182 163 46
183 113 59
183 114 56
183 115 44
183 116 45
183 117 45
183 118 45
183 119 45
183 120 72
183 121 53
183 122 33
183 124 43
183 125 44
183 126 39
183 127 39
183 128 39
183 129 38
183 130 58
183 131 64
183 132 64
183 133 70
183 134 56
183 135 63
183 136 63
183 137 64
183 138 90
183 139 56
183 140 92
183 141 51
183 142 51
183 143 52
183 144 52
183 145 57
183 146 58
183 147 45
183 148 32
183 149 38
183 150 38
183 151 38
183 152 51
183 153 42
183 154 43
183 155 44
183 156 44
183 157 46
183 158 45
183 159 46
183 160 53
183 161 73
183 162 34
183 163 46
184 114 57
184 115 44
184 116 44
184 117 45
184 118 45
184 119 45
184 120 45
184 121 52
184 122 33
184 124 26
184 125 39
184 126 44
184 127 44
184 128 44
184 129 38
184 130 57
184 131 63
184 132 73
184 133 73
184 134 66
184 135 63
184 136 63
184 137 63
184 138 93
184 139 56
184 140 75
184 141 51
184 142 51
184 143 52
184 144 51
184 145 57
184 146 58
184 147 44
184 148 42
184 149 38
184 150 38
184 151 38
184 152 40
184 153 42
184 154 43
184 155 44
184 156 44
184 157 46
184 158 45
184 159 53
184 160 53
184 161 34
184 162 36
184 163 45
185 114 71
185 115 65
185 116 44
185 117 44
185 118 45
185 119 45
185 120 45
185 121 53
185 122 33
185 123 21
185 125 44
185 126 44
185 127 44
185 128 44
185 129 44
185 130 57
185 131 63
185 132 73
185 133 73
185 134 66
185 135 63
185 136 63
185 137 63
185 138 78
185 139 57
185 140 51
185 141 51
185 142 51
185 143 52
185 144 51
185 145 58
185 146 57
185 147 44
185 148 38
185 149 38
185 150 38
185 151 38
185 152 40
185 153 50
185 154 43
185 155 44
185 156 44
185 157 46
185 158 45
185 159 53
185 160 53
185 161 34
185 162 36
185 163 45
186 114 98
186 115 56
186 116 48
186 117 44
186 118 45
186 119 45
186 120 44
186 121 52
186 122 52
186 123 33
186 124 27
186 125 54
186 126 44
186 127 44
186 128 44
186 129 44
186 130 57
186 131 63
186 132 73
186 133 66
186 134 66
186 135 71
186 136 63
186 137 64
186 138 57
186 139 57
186 140 52
186 141 51
186 142 51
186 143 52
186 144 51
186 145 58
186 146 57
186 147 44
186 148 55
186 149 38
186 150 38
186 151 39
186 152 40
186 153 42
186 154 43
186 155 44
186 156 45
186 157 45
186 158 45
186 159 53
186 160 53
186 161 34
186 162 36
186 163 46
187 114 59
187 115 57
187 116 57
187 117 48
187 118 48
187 119 44
187 120 45
187 121 45
187 122 53
187 123 40
187 124 27
187 125 54
187 126 44
187 127 44
187 128 44
187 129 44
187 130 54
187 131 63
187 132 73
187 133 66
187 134 66
187 135 65
187 136 69
187 137 64
187 138 57
187 139 58
187 140 52
187 141 51
187 142 51
187 143 52
187 144 53
187 145 58
187 146 57
187 147 44
187 148 48
187 149 37
187 150 38
187 151 39
187 152 40
187 153 43
187 154 43
187 155 44
187 156 45
187 157 45
187 158 57
187 159 53
187 160 53
187 161 68
187 162 34
187 163 38
188 115 57
188 116 57
188 117 48
188 118 48
188 119 48
188 120 48
188 121 48
188 122 53
188 123 40
188 124 43
188 125 54
188 126 44
188 127 44
188 128 44
188 129 44
188 130 36
188 131 65
188 132 74
188 133 66
188 134 65
188 135 65
188 136 65
188 137 69
188 138 57
188 139 57
188 140 52
188 141 53
188 142 53
188 143 53
188 144 53
188 145 57
188 146 57
188 147 44
188 148 47
188 149 37
188 150 39
188 151 39
188 152 40
188 153 41
188 154 43
188 155 44
188 156 45
188 157 45
188 158 53
188 159 53
188 160 59
188 161 68
188 162 34
188 163 69
189 115 61
189 116 57
189 117 48
189 118 48
189 119 48
189 120 48
189 121 48
189 122 62
189 123 40
189 124 43
189 125 54
189 126 44
189 127 44
189 128 44
189 129 44
189 130 35
189 131 52
189 132 82
189 133 65
189 134 65
189 135 65
189 136 66
189 137 69
189 138 57
189 139 57
189 140 52
189 141 52
189 142 53
189 143 53
189 144 53
189 145 57
189 146 57
189 147 44
189 148 46
189 149 37
189 150 39
189 151 39
189 152 39
189 153 39
189 154 43
189 155 43
189 156 45
189 157 46
189 158 53
189 159 53
189 160 76
189 161 68
189 162 34
189 163 64
190 115 71
190 116 60
190 117 47
190 118 48
190 119 48
190 120 48
190 121 48
190 122 62
190 123 40
190 124 43
190 125 54
190 126 44
190 127 44
190 128 44
190 129 40
190 130 35
190 131 52
190 132 82
190 133 73
190 134 73
190 135 63
190 136 76
190 137 67
190 138 57
190 139 75
190 140 52
190 141 52
190 142 52
190 143 53
190 144 53
190 145 57
190 146 57
190 147 44
190 148 51
190 149 37
190 150 39
190 151 39
190 152 39
190 153 39
190 154 43
190 155 43
190 156 45
190 157 46
190 158 53
190 159 53
190 160 73
190 161 34
190 162 34
191 115 70
191 116 61
191 117 47
191 118 48
191 119 47
191 120 48
191 121 48
191 122 69
191 123 39
191 124 43
191 125 54
191 126 44
191 127 44
191 128 44
191 129 40
191 130 34
191 131 52
191 132 82
191 133 80
191 134 73
191 135 66
191 136 66
191 137 69
191 138 57
191 139 52
191 140 52
191 141 52
191 142 52
191 143 53
191 144 53
191 145 57
191 146 57
191 147 51
191 148 51
191 149 37
191 150 39
191 151 39
191 152 39
191 153 40
191 154 43
191 155 43
191 156 45
191 157 46
191 158 53
191 159 53
191 160 73
191 161 34
191 162 48
192 115 70
192 116 60
192 117 57
192 118 48
192 119 47
192 120 48
192 121 48
192 122 62
192 123 40
192 124 43
192 125 54
192 126 44
192 127 44
192 128 44
192 129 40
192 130 34
192 131 52
192 132 82
192 133 79
192 134 73
192 135 74
192 136 69
192 137 59
192 138 75
192 139 52
192 140 52
192 141 52
192 142 52
192 143 53
192 144 53
192 145 57
192 146 57
192 147 52
192 148 51
192 149 37
192 150 39
192 151 39
192 152 40
192 153 40
192 154 43
192 155 43
192 156 45
192 157 46
192 158 53
192 159 54
192 160 73
192 161 34
192 162 58
193 115 43
193 116 60
193 117 64
193 118 48
193 119 47
193 120 47
193 121 48
193 122 54
193 123 40
193 124 54
193 125 44
193 126 44
193 127 44
193 128 44
193 129 35
193 130 35
193 131 51
193 132 82
193 133 79
193 134 73
193 135 74
193 136 72
193 137 60
193 138 52
193 139 52
193 140 52
193 141 52
193 142 52
193 143 52
193 144 53
193 145 52
193 146 58
193 147 52
193 148 58
193 149 37
193 150 39
193 151 39
193 152 39
193 153 40
193 154 43
193 155 43
193 156 45
193 157 46
193 158 53
193 159 76
193 160 68
193 161 34
193 162 58
194 115 43
194 116 71
194 117 65
194 118 48
194 119 48
194 120 47
194 121 48
194 122 54
194 123 27
194 124 55
194 125 44
194 126 44
194 127 44
194 128 44
194 129 35
194 130 34
194 131 51
194 132 79
194 133 81
194 134 81
194 135 76
194 136 82
194 137 80
194 138 52
194 139 52
194 140 52
194 141 52
194 142 52
194 143 52
194 144 53
194 145 52
194 146 57
194 147 59
194 148 58
194 149 37
194 150 38
194 151 38
194 152 39
194 153 39
194 154 42
194 155 44
194 156 44
194 157 46
194 158 53
194 159 76
194 160 68
194 161 34
194 162 61
195 115 43
195 116 70
195 117 57
195 118 48
195 119 47
195 120 48
195 121 48
195 122 54
195 123 27
195 124 27
195 125 44
195 126 44
195 127 44
195 128 44
195 129 34
195 130 34
195 131 33
195 132 79
195 133 81
195 134 81
195 135 76
195 136 82
195 137 80
195 138 55
195 139 52
195 140 52
195 141 52
195 142 62
195 143 52
195 144 52
195 145 52
195 146 57
195 147 59
195 148 58
195 149 37
195 150 38
195 151 38
195 152 39
195 153 39
195 154 43
195 155 44
195 156 44
195 157 45
195 158 53
195 159 53
195 160 34
195 161 34
195 162 62
196 115 43
196 116 70
196 117 57
196 118 48
196 119 47
196 120 48
196 121 48
196 122 65
196 123 27
196 124 27
196 125 55
196 126 44
196 127 44
196 128 40
196 129 34
196 130 34
196 131 32
196 132 67
196 133 78
196 134 66
196 135 74
196 136 82
196 137 80
196 138 55
196 139 52
196 140 51
196 141 52
196 142 62
196 143 52
196 144 52
196 145 52
196 146 57
196 147 57
196 148 47
196 149 36
196 150 38
196 151 39
196 152 39
196 153 39
196 154 43
196 155 44
196 156 44
196 157 45
196 158 46
196 159 53
196 160 67
196 161 34
196 162 58
197 115 43
197 116 44
197 117 61
197 118 47
197 119 48
197 120 48
197 121 48
197 122 65
197 123 27
197 124 27
197 125 27
197 126 44
197 127 44
197 128 40
197 129 34
197 130 34
197 131 30
197 132 57
197 133 66
197 134 66
197 135 66
197 136 72
197 137 80
197 138 55
197 139 55
197 140 52
197 141 52
197 142 53
197 143 52
197 144 52
197 145 52
197 146 58
197 147 47
197 148 35
197 149 36
197 150 38
197 151 39
197 152 39
197 153 39
197 154 42
197 155 44
197 156 44
197 157 44
197 158 46
197 159 53
197 160 72
197 161 34
197 162 55
198 115 43
198 116 44
198 117 61
198 118 47
198 119 48
198 120 48
198 121 48
198 122 53
198 123 27
198 124 27
198 125 27
198 126 55
198 127 40
198 128 40
198 129 34
198 130 33
198 131 30
198 132 57
198 133 67
198 134 67
198 135 66
198 136 87
198 137 80
198 138 55
198 139 55
198 140 52
198 141 52
198 142 52
198 143 52
198 144 53
198 145 52
198 146 79
198 147 56
198 148 35
198 149 36
198 150 37
198 151 39
198 152 39
198 153 39
198 154 44
198 155 44
198 156 44
198 157 44
198 158 45
198 159 53
198 160 73
198 161 34
198 162 48
199 115 44
199 116 44
199 117 61
199 118 47
199 119 48
199 120 48
199 121 48
199 122 62
199 123 27
199 124 27
199 125 27
199 126 46
199 127 57
199 128 57
199 129 34
199 130 33
199 131 30
199 132 57
199 133 67
199 134 67
199 135 66
199 136 89
199 137 73
199 138 55
199 139 55
199 140 52
199 141 52
199 142 53
199 143 52
199 144 53
199 145 57
199 146 68
199 147 52
199 148 35
199 149 36
199 150 37
199 151 38
199 152 39
199 153 40
199 154 44
199 155 44
199 156 44
199 157 44
199 158 44
199 159 53
199 160 76
199 161 34
199 162 36
199 163 64
200 115 61
200 116 44
200 117 71
200 118 57
200 119 48
200 120 48
200 121 48
200 122 62
200 123 27
200 124 27
200 125 27
200 126 27
200 127 57
200 128 54
200 129 54
200 130 54
200 131 51
200 132 57
200 133 57
200 134 67
200 135 66
200 136 79
200 137 76
200 138 55
200 139 55
200 140 52
200 141 52
200 142 53
200 143 53
200 144 53
200 145 57
200 146 44
200 147 34
200 148 34
200 149 36
200 150 36
200 151 37
200 152 39
200 153 40
200 154 43
200 155 44
200 156 44
200 157 44
200 158 45
200 159 53
200 160 76
200 161 34
200 162 36
200 163 74
201 115 58
201 116 44
201 117 44
201 118 56
201 119 48
201 120 48
201 121 48
201 122 48
201 123 35
201 124 27
201 125 27
201 126 27
201 127 47
201 128 54
201 129 54
201 130 54
201 131 52
201 132 52
201 133 69
201 134 77
201 135 72
201 136 76
201 137 63
201 138 55
201 139 55
201 140 52
201 141 53
201 142 53
201 143 53
201 144 52
201 145 57
201 146 44
201 147 34
201 148 34
201 149 36
201 150 36
201 151 37
201 152 39
201 153 40
201 154 42
201 155 45
201 156 45
201 157 44
201 158 45
201 159 53
201 160 88
201 161 34
201 162 34
201 163 58
202 116 61
202 117 44
202 118 70
202 119 57
202 120 48
202 121 72
202 122 62
202 123 36
202 124 27
202 125 27
202 126 27
202 127 48
202 128 49
202 129 54
202 130 54
202 131 52
202 132 52
202 133 70
202 134 77
202 135 77
202 136 69
202 137 60
202 138 55
202 139 55
202 140 53
202 141 53
202 142 53
202 143 53
202 144 57
202 145 86
202 146 44
202 147 34
202 148 36
202 149 36
202 150 36
202 151 37
202 152 39
202 153 40
202 154 42
202 155 43
202 156 45
202 157 45
202 158 45
202 159 53
202 160 68
202 161 34
202 162 34
202 163 47
203 116 58
203 117 44
203 118 44
203 119 57
203 120 48
203 121 72
203 122 58
203 123 49
203 124 36
203 125 27
203 126 27
203 127 28
203 128 48
203 129 50
203 130 48
203 131 46
203 132 47
203 133 66
203 134 77
203 135 77
203 136 66
203 137 60
203 138 55
203 139 55
203 140 53
203 141 53
203 142 53
203 143 53
203 144 57
203 145 86
203 146 44
203 147 39
203 148 36
203 149 36
203 150 36
203 151 37
203 152 37
203 153 40
203 154 40
203 155 43
203 156 45
203 157 45
203 158 48
203 159 54
203 160 68
203 161 34
203 162 34
203 163 59
204 117 62
204 118 44
204 119 61
204 120 53
204 121 72
204 122 62
204 123 62
204 124 36
204 125 27
204 126 28
204 127 29
204 128 49
204 129 50
204 130 49
204 131 47
204 132 47
204 133 66
204 134 67
204 135 74
204 136 76
204 137 60
204 138 55
204 139 55
204 140 53
204 141 53
204 142 53
204 143 53
204 144 66
204 145 44
204 146 51
204 147 39
204 148 35
204 149 36
204 150 35
204 151 37
204 152 37
204 153 41
204 154 40
204 155 43
204 156 45
204 157 45
204 158 48
204 159 54
204 160 68
204 161 34
204 162 34
204 163 81
205 117 61
205 118 44
205 119 71
205 120 53
205 121 47
205 122 62
205 123 66
205 124 27
205 125 27
205 126 29
205 127 29
205 128 49
205 129 50
205 130 48
205 131 47
205 132 47
205 133 55
205 134 68
205 135 74
205 136 83
205 137 60
205 138 55
205 139 55
205 140 53
205 141 53
205 142 53
205 143 53
205 144 97
205 145 44
205 146 51
205 147 42
205 148 42
205 149 35
205 150 35
205 151 37
205 152 37
205 153 40
205 154 40
205 155 43
205 156 45
205 157 45
205 158 48
205 159 54
205 160 88
205 161 34
205 162 34
205 163 81
206 118 44
206 119 71
206 120 48
206 121 48
206 122 73
206 123 66
206 124 27
206 125 29
206 126 29
206 127 29
206 128 29
206 129 49
206 130 49
206 131 47
206 132 47
206 133 56
206 134 68
206 135 74
206 136 83
206 137 93
206 138 55
206 139 55
206 140 53
206 141 53
206 142 78
206 143 58
206 144 70
206 145 44
206 146 52
206 147 42
206 148 42
206 149 35
206 150 35
206 151 37
206 152 38
206 153 40
206 154 40
206 155 43
206 156 43
206 157 45
206 158 46
206 159 54
206 160 105
206 161 34
206 162 34
206 163 75
207 118 67
207 119 44
207 120 48
207 121 48
207 122 73
207 123 76
207 124 27
207 125 29
207 126 29
207 127 29
207 128 29
207 129 49
207 130 49
207 131 47
207 132 47
207 133 48
207 134 65
207 135 74
207 136 75
207 137 93
207 138 55
207 139 55
207 140 55
207 141 53
207 142 78
207 143 84
207 144 44
207 145 52
207 146 52
207 147 42
207 148 42
207 149 35
207 150 35
207 151 35
207 152 39
207 153 40
207 154 41
207 155 44
207 156 44
207 157 45
207 158 45
207 159 54
207 160 104
207 161 34
207 162 34
207 163 71
208 118 60
208 119 44
208 120 48
208 121 48
208 122 73
208 123 63
208 124 50
208 125 29
208 126 29
208 127 29
208 128 29
208 129 49
208 130 49
208 131 47
208 132 47
208 133 48
208 134 65
208 135 74
208 136 73
208 137 87
208 138 55
208 139 55
208 140 55
208 141 53
208 142 79
208 143 84
208 144 44
208 145 52
208 146 47
208 147 42
208 148 42
208 149 35
208 150 35
208 151 35
208 152 39
208 153 40
208 154 41
208 155 44
208 156 44
208 157 45
208 158 45
208 159 53
208 160 92
208 161 34
208 162 34
208 163 91
209 119 44
209 120 58
209 121 48
209 122 48
209 123 50
209 124 70
209 125 45
209 126 45
209 127 29
209 128 48
209 129 49
209 130 49
209 131 47
209 132 47
209 133 48
209 134 65
209 135 74
209 136 74
209 137 89
209 138 55
209 139 55
209 140 55
209 141 54
209 142 78
209 143 60
209 144 44
209 145 52
209 146 47
209 147 42
209 148 42
209 149 35
209 150 35
209 151 37
209 152 39
209 153 38
209 154 41
209 155 44
209 156 44
209 157 45
209 158 45
209 159 55
209 160 50
209 161 34
209 162 34
209 163 82
210 119 45
210 120 62
210 121 58
210 122 66
210 123 62
210 124 72
210 125 45
210 126 45
210 127 45
210 128 59
210 129 49
210 130 49
210 131 47
210 132 48
210 133 48
210 134 65
210 135 75
210 136 73
210 137 89
210 138 70
210 139 55
210 140 55
210 141 54
210 142 78
210 143 80
210 144 44
210 145 44
210 146 39
210 147 42
210 148 42
210 149 35
210 150 35
210 151 37
210 152 39
210 153 39
210 154 41
210 155 44
210 156 44
210 157 45
210 158 46
210 159 74
210 160 34
210 161 34
210 162 34
210 163 78
211 118 60
211 119 44
211 120 62
211 121 58
211 122 66
211 123 79
211 124 70
211 125 45
211 126 45
211 127 45
211 128 59
211 129 61
211 130 49
211 131 47
211 132 48
211 133 48
211 134 65
211 135 75
211 136 73
211 137 72
211 138 86
211 139 55
211 140 55
211 141 56
211 142 81
211 143 80
211 144 44
211 145 44
211 146 31
211 147 42
211 148 42
211 149 35
211 150 35
211 151 37
211 152 39
211 153 39
211 154 40
211 155 44
211 156 44
211 157 45
211 158 63
211 159 34
211 160 34
211 161 69
211 162 34
211 163 78
212 118 60
212 119 45
212 120 72
212 121 62
212 122 58
212 123 58
212 124 80
212 125 45
212 126 45
212 127 45
212 128 42
212 129 61
212 130 60
212 131 59
212 132 59
212 133 59
212 134 72
212 135 75
212 136 73
212 137 89
212 138 85
212 139 55
212 140 55
212 141 56
212 142 58
212 143 63
212 144 44
212 145 44
212 146 31
212 147 31
212 148 42
212 149 35
212 150 35
212 151 38
212 152 39
212 153 39
212 154 41
212 155 46
212 156 48
212 157 59
212 158 63
212 159 34
212 160 58
212 161 69
212 162 34
213 119 45
213 120 72
213 121 62
213 122 58
213 123 58
213 124 80
213 125 45
213 126 45
213 127 45
213 128 46
213 129 61
213 130 60
213 131 59
213 132 59
213 133 59
213 134 78
213 135 86
213 136 87
213 137 89
213 138 87
213 139 70
213 140 56
213 141 55
213 142 67
213 143 59
213 144 43
213 145 63
213 146 30
213 147 31
213 148 42
213 149 35
213 150 35
213 151 39
213 152 39
213 153 39
213 154 46
213 155 47
213 156 48
213 157 59
213 158 76
213 159 34
213 160 58
213 161 70
213 162 34
214 119 44
214 120 45
214 121 72
214 122 69
214 123 58
214 124 65
214 125 45
214 126 45
214 127 45
214 128 45
214 129 42
214 130 60
214 131 59
214 132 59
214 133 63
214 134 85
214 135 86
214 136 86
214 137 84
214 138 93
214 139 67
214 140 56
214 141 55
214 142 67
214 143 75
214 144 44
214 145 58
214 146 30
214 147 31
214 148 42
214 149 35
214 150 35
214 151 37
214 152 39
214 153 39
214 154 44
214 155 46
214 156 47
214 157 59
214 158 59
214 159 70
214 160 58
214 161 70
214 162 48
215 120 45
215 121 72
215 122 62
215 123 66
215 124 69
215 125 45
215 126 45
215 127 45
215 128 45
215 129 42
215 130 61
215 131 59
215 132 59
215 133 63
215 134 80
215 135 86
215 136 86
215 137 91
215 138 76
215 139 76
215 140 60
215 141 55
215 142 79
215 143 75
215 144 44
215 145 67
215 146 30
215 147 31
215 148 35
215 149 35
215 150 35
215 151 35
215 152 39
215 153 39
215 154 39
215 155 41
215 156 43
215 157 44
215 158 49
215 159 91
215 160 72
215 161 70
215 162 63
216 120 44
216 121 45
216 122 62
216 123 66
216 124 69
216 125 45
216 126 45
216 127 45
216 128 41
216 129 42
216 130 42
216 131 59
216 132 59
216 133 63
216 134 74
216 135 75
216 136 73
216 137 85
216 138 76
216 139 76
216 140 60
216 141 60
216 142 89
216 143 75
216 144 58
216 145 58
216 146 30
216 147 30
216 148 35
216 149 35
216 150 35
216 151 36
216 152 39
216 153 39
216 154 39
216 155 40
216 156 43
216 157 43
216 158 45
216 159 50
216 160 91
216 161 35
217 121 45
217 122 73
217 123 62
217 124 74
217 125 45
217 126 45
217 127 45
217 128 41
217 129 41
217 130 42
217 131 42
217 132 59
217 133 63
217 134 59
217 135 59
217 136 60
217 137 78
217 138 76
217 139 76
217 140 60
217 141 60
217 142 65
217 143 46
217 144 58
217 145 53
217 146 30
217 147 32
217 148 35
217 149 35
217 150 35
217 151 36
217 152 37
217 153 39
217 154 40
217 155 40
217 156 42
217 157 43
217 158 45
217 159 46
217 160 107
217 161 35
218 121 45
218 122 73
218 123 82
218 124 54
218 125 45
218 126 45
218 127 45
218 128 41
218 129 41
218 130 42
218 131 47
218 132 41
218 133 41
218 134 59
218 135 59
218 136 69
218 137 78
218 138 76
218 139 76
218 140 60
218 141 60
218 142 77
218 143 47
218 144 76
218 145 53
218 146 31
218 147 31
218 148 35
218 149 35
218 150 36
218 151 37
218 152 37
218 153 39
218 154 40
218 155 40
218 156 42
218 157 43
218 158 45
218 159 46
218 160 87
218 161 71
219 121 68
219 122 79
219 123 77
219 124 54
219 125 45
219 126 45
219 127 42
219 128 41
219 129 41
219 130 42
219 131 41
219 132 41
219 133 41
219 134 59
219 135 71
219 136 88
219 137 83
219 138 61
219 139 60
219 140 60
219 141 60
219 142 77
219 143 47
219 144 75
219 145 53
219 146 31
219 147 31
219 148 34
219 149 35
219 150 37
219 151 37
219 152 37
219 153 39
219 154 39
219 155 39
219 156 42
219 157 43
219 158 46
219 159 46
219 160 99
220 121 61
220 122 79
220 123 61
220 124 54
220 125 46
220 126 46
220 127 41
220 128 41
220 129 41
220 130 42
220 131 42
220 132 41
220 133 41
220 134 50
220 135 71
220 136 84
220 137 83
220 138 69
220 139 69
220 140 60
220 141 60
220 142 72
220 143 47
220 144 46
220 145 85
220 146 31
220 147 31
220 148 34
220 149 36
220 150 37
220 151 37
220 152 37
220 153 37
220 154 39
220 155 39
220 156 43
220 157 43
220 158 46
220 159 47
220 160 34
221 121 61
221 122 76
221 123 63
221 124 54
221 125 45
221 126 41
221 127 41
221 128 41
221 129 41
221 130 42
221 131 41
221 132 41
221 133 50
221 134 50
221 135 73
221 136 91
221 137 94
221 138 69
221 139 69
221 140 69
221 141 69
221 142 69
221 143 88
221 144 47
221 145 75
221 146 46
221 147 33
221 148 33
221 149 36
221 150 36
221 151 37
221 152 37
221 153 37
221 154 39
221 155 39
221 156 43
221 157 43
221 158 46
221 159 83
221 160 60
222 121 84
222 122 63
222 123 64
222 124 53
222 125 48
222 126 41
222 127 41
222 128 41
222 129 41
222 130 41
222 131 42
222 132 50
222 133 50
222 134 50
222 135 70
222 136 96
222 137 69
222 138 69
222 139 69
222 140 69
222 141 69
222 142 69
222 143 77
222 144 68
222 145 51
222 146 75
222 147 46
222 148 33
222 149 36
222 150 36
222 151 37
222 152 37
222 153 39
222 154 39
222 155 40
222 156 43
222 157 43
222 158 76
222 159 51
223 121 61
223 122 74
223 123 82
223 124 55
223 125 45
223 126 45
223 127 41
223 128 41
223 129 41
223 130 41
223 131 42
223 132 51
223 133 50
223 134 50
223 135 77
223 136 98
223 137 69
223 138 69
223 139 69
223 140 69
223 141 69
223 142 69
223 143 69
223 144 69
223 145 93
223 146 78
223 147 62
223 148 46
223 149 36
223 150 36
223 151 37
223 152 37
223 153 39
223 154 40
223 155 40
223 156 43
223 157 73
223 158 35
223 159 93
224 122 74
224 123 98
224 124 55
224 125 45
224 126 45
224 127 45
224 128 41
224 129 41
224 130 41
224 131 42
224 132 50
224 133 50
224 134 49
224 135 103
224 136 69
224 137 69
224 138 69
224 139 69
224 140 69
224 141 69
224 142 68
224 143 68
224 144 65
224 145 69
224 146 94
224 147 94
224 148 62
224 149 48
224 150 36
224 151 37
224 152 37
224 153 41
224 154 40
224 155 40
224 156 48
224 157 68
224 158 65
225 122 69
225 123 82
225 124 74
225 125 47
225 126 45
225 127 45
225 128 41
225 129 41
225 130 41
225 131 40
225 132 50
225 133 62
225 134 68
225 135 73
225 136 73
225 137 75
225 138 75
225 139 69
225 140 69
225 141 68
225 142 68
225 143 68
225 144 68
225 145 65
225 146 73
225 147 93
225 148 78
225 149 76
225 150 46
225 151 37
225 152 41
225 153 41
225 154 40
225 155 40
225 156 86
225 157 76
226 122 61
226 123 46
226 124 102
226 125 53
226 126 45
226 127 45
226 128 41
226 129 41
226 130 40
226 131 40
226 132 50
226 133 78
226 134 100
226 135 73
226 136 73
226 137 73
226 138 75
226 139 75
226 140 68
226 141 68
226 142 68
226 143 68
226 144 68
226 145 68
226 146 65
226 147 91
226 148 55
226 149 79
226 150 80
226 151 77
226 152 75
226 153 46
226 154 46
226 155 48
226 156 54
226 157 102
227 123 90
227 124 108
227 125 63
227 126 49
227 127 45
227 128 41
227 129 40
227 130 40
227 131 40
227 132 69
227 133 108
227 134 92
227 135 73
227 136 73
227 137 73
227 138 75
227 139 74
227 140 74
227 141 68
227 142 68
227 143 68
227 144 68
227 145 68
227 146 68
227 147 66
227 148 62
227 149 55
227 150 55
227 151 49
227 152 77
227 153 88
227 154 61
227 155 59
227 156 96
227 157 78
228 123 69
228 124 90
228 125 71
228 126 55
228 127 46
228 128 46
228 129 46
228 130 46
228 131 64
228 132 99
228 133 109
228 134 73
228 135 73
228 136 73
228 137 72
228 138 74
228 139 74
228 140 76
228 141 76
228 142 77
228 143 77
228 144 68
228 145 68
228 146 78
228 147 95
228 148 79
228 149 63
228 150 52
228 151 52
228 152 52
228 153 52
228 154 52
228 155 81
228 156 95
228 157 87
228 158 61
229 123 62
229 124 86
229 125 78
229 126 62
229 127 46
229 128 56
229 129 64
229 130 71
229 131 76
229 132 98
229 133 102
229 134 75
229 135 75
229 136 75
229 137 74
229 138 74
229 139 76
229 140 76
229 141 76
229 142 76
229 143 77
229 144 77
229 145 77
229 146 77
229 147 78
229 148 98
229 149 62
229 150 51
229 151 51
229 152 54
229 153 52
229 154 51
229 155 62
229 156 95
229 157 64
229 158 64
230 124 74
230 125 101
230 126 83
230 127 64
230 128 63
230 129 62
230 130 77
230 131 89
230 132 105
230 133 101
230 134 72
230 135 74
230 136 74
230 137 74
230 138 74
230 139 76
230 140 76
230 141 76
230 142 76
230 143 77
230 144 77
230 145 77
230 146 77
230 147 77
230 148 87
230 149 62
230 150 51
230 151 52
230 152 54
230 153 54
230 154 58
230 155 84
230 156 115
230 157 64
230 158 64
230 159 61
231 124 88
231 125 105
231 126 106
231 127 76
231 128 74
231 129 74
231 130 88
231 131 100
231 132 90
231 133 67
231 134 53
231 137 73
231 138 73
231 139 73
231 140 76
231 141 76
231 142 76
231 143 76
231 144 77
231 145 77
231 146 77
231 147 77
231 148 82
231 149 68
231 150 52
231 151 52
231 152 53
231 153 53
231 154 70
231 155 122
231 156 102
231 157 64
231 158 64
231 159 61
232 124 61
232 125 117
232 126 122
232 127 83
232 128 73
232 129 74
232 130 91
232 131 89
232 132 90
232 133 33
232 138 50
232 139 73
232 140 75
232 141 75
232 142 75
232 143 75
232 144 77
232 145 77
232 146 77
232 147 77
232 148 81
232 149 62
232 150 52
232 151 52
232 152 53
232 153 59
232 154 94
232 155 114
232 156 64
232 157 64
232 158 64
232 159 60
233 124 60
233 125 106
233 126 113
233 127 91
233 128 73
233 129 70
233 130 90
233 131 75
233 132 104
233 133 60
233 139 49
233 140 72
233 141 75
233 142 75
233 143 75
233 144 77
233 145 77
233 146 77
233 147 77
233 148 94
233 149 63
233 150 52
233 151 52
233 152 57
233 153 62
233 154 114
233 155 86
233 156 63
233 157 63
233 158 60
234 124 99
234 125 112
234 126 110
234 127 81
234 128 71
234 129 71
234 130 87
234 131 73
234 132 112
234 140 72
234 141 75
234 142 75
234 143 75
234 144 77
234 145 77
234 146 77
234 147 77
234 148 94
234 149 69
234 150 55
234 151 57
234 152 57
234 153 58
234 154 113
234 155 85
234 156 63
234 157 60
234 158 59
235 123 84
235 124 112
235 125 104
235 126 111
235 127 86
235 128 76
235 129 71
235 130 78
235 131 82
235 132 50
235 140 54
235 141 72
235 142 74
235 143 75
235 144 77
235 145 77
235 146 77
235 147 77
235 148 78
235 149 116
235 150 65
235 151 66
235 152 67
235 153 58
235 154 102
235 155 83
235 156 60
235 157 60
236 123 84
236 124 112
236 125 117
236 126 96
236 127 95
236 128 86
236 129 81
236 130 78
236 131 111
236 132 60
236 141 54
236 142 54
236 143 75
236 144 78
236 145 78
236 146 78
236 147 76
236 148 77
236 149 96
236 150 98
236 151 67
236 152 67
236 153 67
236 154 69
236 155 99
236 156 60
236 157 59
237 123 60
237 124 121
237 125 111
237 126 96
237 127 94
237 128 90
237 129 84
237 130 100
237 131 90
237 141 54
237 142 54
237 143 54
237 144 77
237 145 78
237 146 77
237 147 78
237 148 78
237 149 78
237 150 96
237 151 83
237 152 66
237 153 67
237 154 69
237 155 111
237 156 59
237 157 59
238 124 82
238 125 121
238 126 102
238 127 102
238 128 84
238 129 97
238 130 90
238 131 60
238 142 54
238 143 54
238 144 54
238 145 77
238 146 78
238 147 78
238 148 78
238 149 78
238 150 96
238 151 110
238 152 68
238 153 67
238 154 71
238 155 102
238 156 59
239 125 59
239 126 118
239 127 111
239 128 119
239 129 104
239 146 54
239 147 77
239 148 77
239 149 77
239 150 77
239 151 78
239 152 82
239 153 105
239 154 112
239 155 82
