19 141 54
19 142 54
19 143 54
20 140 54
20 141 54
20 142 54
20 143 54
20 144 54
20 145 54
21 139 54
21 140 54
21 141 54
21 142 54
21 143 54
21 144 54
21 145 54
21 146 54
22 138 54
22 139 54
22 140 54
22 141 54
22 142 54
22 143 54
22 144 54
22 145 54
22 146 54
22 147 54
23 138 54
23 139 54
23 140 54
23 141 54
23 142 54
23 143 54
23 144 54
23 145 54
23 146 54
23 147 54
23 148 54
24 117 56
24 118 56
24 119 56
24 120 56
24 121 56
24 122 56
24 123 56
24 138 54
24 139 55
24 140 55
24 141 54
24 142 54
24 143 54
24 144 54
24 145 55
24 146 55
24 147 55
24 148 55
24 149 54
25 116 56
25 117 56
25 118 56
25 119 56
25 120 56
25 121 56
25 122 56
25 123 56
25 124 56
25 125 56
25 138 55
25 139 55
25 140 55
25 141 55
25 142 55
25 143 55
25 144 55
25 145 55
25 146 55
25 147 55
25 148 55
25 149 55
25 150 55
26 116 56
26 117 56
26 118 56
26 119 56
26 120 56
26 121 56
26 122 56
26 123 56
26 124 56
26 125 56
26 126 56
26 138 55
26 139 55
26 140 55
26 141 55
26 142 55
26 143 55
26 144 55
26 145 55
26 146 55
26 147 55
26 148 55
26 149 55
26 150 55
27 116 56
27 117 56
27 118 56
27 119 56
27 120 56
27 121 56
27 122 56
27 123 56
27 124 56
27 125 56
27 126 56
27 139 55
27 140 55
27 141 55
27 142 55
27 143 55
27 144 55
27 145 55
27 146 55
27 147 55
27 148 55
27 149 55
27 150 55
27 151 55
28 116 56
28 117 56
28 118 56
28 119 56
28 120 56
28 121 56
28 122 56
28 123 56
28 124 56
28 125 56
28 126 56
28 127 56
28 139 55
28 140 55
28 141 55
28 142 55
28 143 55
28 144 55
28 145 55
28 146 55
28 147 55
28 148 55
28 149 55
28 150 55
28 151 55
29 116 56
29 117 56
29 118 56
29 119 56
29 120 56
29 121 56
29 122 56
29 123 56
29 124 56
29 125 56
29 126 56
29 127 56
29 140 55
29 141 55
29 142 55
29 143 55
29 144 55
29 145 55
29 146 55
29 147 55
29 148 55
29 149 55
29 150 55
29 151 55
30 116 56
30 117 56
30 118 56
30 119 56
30 120 56
30 121 56
30 122 56
30 123 56
30 124 56
30 125 56
30 126 56
30 127 56
30 128 56
30 140 55
30 141 55
30 142 55
30 143 55
30 144 55
30 145 55
30 146 55
30 147 55
30 148 55
30 149 55
30 150 55
30 151 55
31 117 56
31 118 56
31 119 56
31 120 56
31 121 56
31 122 56
31 123 56
31 124 56
31 125 56
31 126 56
31 127 56
31 128 56
31 129 56
31 141 55
31 142 55
31 143 56
31 144 56
31 145 56
31 146 55
31 147 55
31 148 55
31 149 55
31 150 55
31 151 55
31 155 53
31 156 53
31 157 53
32 117 56
32 118 56
32 119 56
32 120 56
32 121 57
32 122 56
32 123 56
32 124 56
32 125 56
32 126 56
32 127 56
32 128 56
32 129 56
32 141 55
32 142 56
32 143 56
32 144 56
32 145 56
32 146 56
32 147 56
32 148 56
32 149 55
32 150 55
32 154 53
32 155 53
32 156 53
32 157 53
32 158 53
33 118 56
33 119 56
33 120 57
33 121 57
33 122 57
33 123 57
33 124 57
33 125 56
33 126 57
33 127 57
33 128 56
33 129 56
33 130 56
33 141 56
33 142 56
33 143 56
33 144 56
33 145 56
33 146 56
33 147 56
33 148 56
33 149 56
33 150 55
33 153 53
33 154 53
33 155 53
33 156 53
33 157 53
33 158 53
33 159 56
33 160 58
33 161 58
33 162 56
33 163 56
34 118 56
34 119 56
34 120 57
34 121 57
34 122 57
34 123 57
34 124 57
34 125 57
34 126 57
34 127 57
34 128 57
34 129 57
34 130 57
34 131 56
34 141 56
34 142 56
34 143 56
34 144 56
34 145 56
34 146 56
34 147 56
34 148 56
34 149 56
34 150 56
34 152 53
34 153 53
34 154 53
34 155 53
34 156 53
34 157 53
34 158 75
34 159 76
34 160 58
34 161 58
34 162 58
34 163 58
34 164 56
35 119 56
35 120 57
35 121 57
35 122 57
35 123 57
35 124 57
35 125 57
35 126 57
35 127 57
35 128 57
35 129 57
35 130 57
35 131 57
35 141 56
35 142 56
35 143 56
35 144 56
35 145 56
35 146 56
35 147 56
35 148 56
35 149 56
35 150 56
35 151 53
35 152 54
35 153 54
35 154 54
35 155 54
35 156 54
35 157 75
35 158 76
35 159 76
35 160 76
35 161 58
35 162 58
35 163 58
35 164 58
36 120 56
36 121 57
36 122 57
36 123 57
36 124 57
36 125 57
36 126 57
36 127 57
36 128 57
36 129 57
36 130 57
36 131 57
36 132 57
36 141 56
36 142 56
36 143 56
36 144 56
36 145 56
36 146 56
36 147 56
36 148 56
36 149 56
36 150 56
36 151 54
36 152 54
36 153 54
36 154 54
36 155 54
36 156 75
36 157 76
36 158 76
36 159 76
36 160 76
36 161 58
36 162 58
36 163 58
36 164 58
36 165 58
37 121 56
37 122 57
37 123 57
37 124 57
37 125 57
37 126 57
37 127 57
37 128 57
37 129 57
37 130 57
37 131 57
37 132 57
37 133 57
37 141 57
37 142 57
37 143 57
37 144 56
37 145 56
37 146 56
37 147 56
37 148 56
37 149 56
37 150 57
37 151 57
37 152 54
37 153 54
37 154 54
37 155 54
37 156 75
37 157 76
37 158 76
37 159 76
37 160 67
37 161 46
37 162 46
37 163 46
37 164 46
37 165 58
37 166 56
38 105 56
38 106 56
38 107 56
38 108 56
38 109 56
38 110 56
38 122 57
38 123 57
38 124 57
38 125 57
38 126 57
38 127 57
38 128 57
38 129 57
38 130 57
38 131 57
38 132 57
38 133 57
38 134 57
38 141 57
38 142 57
38 143 57
38 144 56
38 145 56
38 146 56
38 147 56
38 148 56
38 149 56
38 150 57
38 151 57
38 152 55
38 153 54
38 154 54
38 155 54
38 156 76
38 157 76
38 158 77
38 159 67
38 160 67
38 161 46
38 162 46
38 163 46
38 164 46
38 165 46
38 166 58
39 103 56
39 104 56
39 105 56
39 106 56
39 107 56
39 108 56
39 109 56
39 110 56
39 111 56
39 123 57
39 124 57
39 125 57
39 126 57
39 127 57
39 128 57
39 129 57
39 130 57
39 131 57
39 132 57
39 133 57
39 134 57
39 135 57
39 141 57
39 142 57
39 143 57
39 144 57
39 145 56
39 146 56
39 147 56
39 148 56
39 149 56
39 150 57
39 151 57
39 152 57
39 153 55
39 154 55
39 155 55
39 156 77
39 157 77
39 158 68
39 159 67
39 160 67
39 161 46
39 162 46
39 163 46
39 164 46
39 165 46
39 166 46
39 167 56
40 103 56
40 104 56
40 105 56
40 106 57
40 107 57
40 108 57
40 109 57
40 110 57
40 111 56
40 112 56
40 113 56
40 123 57
40 124 57
40 125 57
40 126 57
40 127 57
40 128 57
40 129 57
40 130 57
40 131 57
40 132 57
40 133 57
40 134 57
40 135 57
40 142 57
40 143 57
40 144 57
40 145 57
40 146 56
40 147 56
40 148 57
40 149 57
40 150 57
40 151 57
40 152 57
40 153 55
40 154 55
40 155 55
40 156 77
40 157 68
40 158 68
40 159 68
40 160 67
40 161 46
40 162 46
40 163 41
40 164 41
40 165 46
40 166 46
40 167 46
41 102 56
41 103 56
41 104 56
41 105 57
41 106 57
41 107 57
41 108 57
41 109 57
41 110 57
41 111 57
41 112 57
41 113 57
41 114 56
41 123 57
41 124 57
41 125 57
41 126 57
41 127 57
41 128 57
41 129 57
41 130 57
41 131 57
41 132 57
41 133 57
41 134 85
41 135 85
41 136 85
41 137 88
41 138 89
41 139 89
41 140 64
41 142 83
41 143 83
41 144 57
41 145 57
41 146 57
41 147 57
41 148 57
41 149 57
41 150 57
41 151 58
41 152 58
41 153 57
41 154 55
41 155 55
41 156 77
41 157 68
41 158 68
41 159 68
41 160 68
41 161 41
41 162 41
41 163 41
41 164 41
41 165 41
41 166 41
41 167 46
42 102 56
42 103 56
42 104 57
42 105 57
42 106 57
42 107 57
42 108 57
42 109 57
42 110 57
42 111 57
42 112 57
42 113 57
42 114 57
42 115 57
42 124 57
42 125 57
42 126 57
42 127 57
42 128 57
42 129 84
42 130 104
42 131 93
42 132 64
42 133 79
42 134 85
42 135 74
42 136 75
42 137 76
42 138 74
42 139 64
42 140 46
42 141 35
42 142 65
42 143 83
42 144 83
42 145 57
42 146 57
42 147 57
42 148 57
42 149 57
42 150 57
42 151 58
42 152 58
42 153 58
42 154 55
42 155 55
42 156 55
42 157 69
42 158 69
42 159 68
42 160 65
42 161 64
42 162 41
42 163 41
42 164 41
42 165 41
42 166 41
42 167 41
42 168 55
43 102 56
43 103 56
43 104 56
43 105 57
43 106 57
43 107 56
43 108 56
43 109 57
43 110 57
43 111 57
43 112 57
43 113 57
43 114 57
43 115 57
43 116 57
43 124 57
43 125 57
43 126 57
43 127 84
43 128 77
43 129 47
43 130 47
43 131 47
43 132 47
43 133 68
43 134 50
43 135 63
43 136 67
43 137 67
43 138 74
43 139 71
43 140 64
43 141 59
43 142 64
43 143 73
43 144 77
43 145 83
43 146 57
43 147 57
43 148 57
43 149 57
43 150 57
43 151 58
43 152 58
43 153 58
43 154 56
43 155 55
43 156 55
43 157 69
43 158 69
43 159 69
43 160 65
43 161 65
43 162 41
43 163 41
43 164 41
43 165 41
43 166 41
43 167 41
43 168 63
44 103 56
44 104 56
44 105 56
44 106 56
44 107 56
44 108 56
44 109 57
44 110 57
44 111 57
44 112 57
44 113 57
44 114 57
44 115 57
44 116 57
44 117 57
44 118 57
44 125 57
44 126 84
44 127 62
44 128 50
44 129 47
44 130 64
44 131 47
44 132 76
44 133 50
44 134 47
44 135 35
44 136 65
44 137 64
44 138 64
44 139 74
44 140 71
44 141 59
44 142 46
44 143 65
44 144 77
44 145 77
44 146 57
44 147 57
44 148 57
44 149 57
44 150 57
44 151 58
44 152 58
44 153 58
44 154 58
44 155 56
44 156 56
44 157 69
44 158 69
44 159 66
44 160 66
44 161 65
44 162 64
44 163 41
44 164 41
44 165 41
44 166 41
44 167 41
44 168 63
44 169 55
45 104 56
45 105 56
45 106 56
45 107 56
45 108 56
45 109 57
45 110 57
45 111 57
45 112 57
45 113 57
45 114 57
45 115 57
45 116 57
45 117 57
45 118 57
45 119 57
45 120 57
45 125 84
45 126 75
45 127 58
45 128 47
45 129 59
45 130 47
45 131 47
45 132 50
45 133 47
45 134 47
45 135 35
45 136 35
45 137 62
45 138 64
45 139 64
45 140 71
45 141 71
45 142 59
45 143 70
45 144 65
45 145 78
45 146 57
45 147 57
45 148 57
45 149 57
45 150 57
45 151 58
45 152 58
45 153 58
45 154 58
45 155 56
45 156 56
45 157 76
45 158 69
45 159 66
45 160 66
45 161 66
45 162 65
45 163 41
45 164 41
45 165 41
45 166 41
45 167 41
45 168 63
45 169 77
46 106 56
46 107 56
46 108 56
46 109 57
46 110 57
46 111 57
46 112 57
46 113 57
46 114 57
46 115 57
46 116 57
46 117 57
46 118 57
46 119 57
46 120 57
46 121 57
46 122 57
46 125 103
46 126 63
46 127 47
46 128 47
46 129 47
46 130 59
46 131 47
46 132 50
46 133 47
46 134 47
46 135 35
46 136 16
46 137 32
46 138 64
46 139 64
46 140 74
46 141 78
46 142 71
46 143 70
46 144 70
46 145 67
46 146 65
46 147 57
46 148 57
46 149 57
46 150 57
46 151 59
46 152 59
46 153 59
46 154 59
46 155 58
46 156 56
46 157 77
46 158 69
46 159 66
46 160 66
46 161 66
46 162 66
46 163 41
46 164 41
46 165 41
46 166 41
46 167 41
46 168 63
46 169 77
46 170 57
47 107 56
47 108 56
47 109 57
47 110 57
47 111 57
47 112 57
47 113 57
47 114 57
47 115 57
47 116 57
47 117 57
47 118 57
47 119 57
47 120 57
47 121 57
47 122 57
47 123 57
47 124 103
47 125 75
47 126 49
47 127 48
47 128 47
47 129 47
47 130 59
47 131 76
47 132 47
47 133 47
47 134 47
47 135 16
47 138 61
47 139 64
47 140 74
47 141 71
47 142 71
47 143 71
47 144 70
47 145 70
47 146 78
47 147 57
47 148 57
47 149 57
47 150 57
47 151 59
47 152 59
47 153 59
47 154 59
47 155 59
47 156 59
47 157 77
47 158 78
47 159 66
47 160 66
47 161 66
47 162 66
47 163 42
47 164 42
47 165 41
47 166 41
47 167 41
47 168 63
47 169 57
47 170 57
48 108 56
48 109 57
48 110 57
48 111 57
48 112 57
48 113 57
48 114 57
48 115 57
48 116 57
48 117 57
48 118 57
48 119 57
48 120 57
48 121 57
48 122 57
48 123 57
48 124 102
48 125 50
48 126 47
48 127 59
48 128 47
48 129 59
48 130 47
48 131 76
48 132 47
48 133 47
48 134 39
48 138 32
48 139 64
48 140 74
48 141 71
48 142 71
48 143 71
48 144 71
48 145 70
48 146 71
48 147 83
48 148 57
48 149 57
48 150 57
48 151 59
48 152 59
48 153 59
48 154 59
48 155 59
48 156 59
48 157 59
48 158 77
48 159 66
48 160 67
48 161 67
48 162 66
48 163 42
48 164 42
48 165 42
48 166 42
48 167 42
48 168 63
48 169 58
48 170 57
48 171 57
49 110 57
49 111 57
49 112 57
49 113 57
49 114 57
49 115 57
49 116 57
49 117 57
49 118 57
49 119 57
49 120 57
49 121 57
49 122 58
49 123 58
49 124 69
49 125 51
49 126 48
49 127 47
49 128 47
49 129 59
49 130 47
49 131 76
49 132 47
49 133 37
49 139 61
49 140 64
49 141 71
49 142 71
49 143 71
49 144 71
49 145 71
49 146 65
49 147 73
49 148 57
49 149 57
49 150 57
49 151 59
49 152 59
49 153 59
49 154 59
49 155 59
49 156 59
49 157 59
49 158 78
49 159 70
49 160 67
49 161 67
49 162 67
49 163 42
49 164 42
49 165 42
49 166 42
49 167 42
49 168 60
49 169 60
49 170 58
49 171 57
50 111 57
50 112 57
50 113 57
50 114 57
50 115 57
50 116 57
50 117 57
50 118 57
50 119 57
50 120 57
50 121 57
50 122 58
50 123 87
50 124 51
50 125 51
50 126 59
50 127 48
50 128 59
50 129 47
50 130 47
50 131 76
50 132 47
50 133 26
50 139 62
50 140 64
50 141 71
50 142 71
50 143 71
50 144 71
50 145 71
50 146 66
50 147 65
50 148 57
50 149 57
50 150 57
50 151 59
50 152 59
50 153 59
50 154 59
50 155 59
50 156 59
50 157 59
50 158 59
50 159 70
50 160 67
50 161 67
50 162 67
50 163 67
50 164 42
50 165 41
50 166 41
50 167 41
50 168 47
50 169 60
50 170 58
50 171 57
51 112 57
51 113 57
51 114 57
51 115 57
51 116 57
51 117 57
51 118 57
51 119 57
51 120 57
51 121 57
51 122 57
51 123 68
51 124 51
51 125 48
51 126 48
51 127 47
51 128 59
51 129 47
51 130 47
51 131 64
51 132 58
51 139 62
51 140 59
51 141 71
51 142 71
51 143 71
51 144 71
51 145 71
51 146 66
51 147 66
51 148 84
51 149 57
51 150 57
51 151 57
51 152 59
51 153 59
51 154 59
51 155 59
51 156 59
51 157 59
51 158 79
51 159 79
51 160 67
51 161 67
51 162 67
51 163 67
51 164 41
51 165 41
51 166 41
51 167 41
51 168 42
51 169 47
51 170 60
51 171 57
52 112 57
52 113 57
52 114 57
52 115 57
52 116 57
52 117 57
52 118 57
52 119 57
52 120 57
52 121 57
52 122 57
52 123 64
52 124 51
52 125 60
52 126 48
52 127 48
52 128 47
52 129 47
52 130 47
52 131 64
52 139 52
52 140 59
52 141 71
52 142 71
52 143 71
52 144 71
52 145 71
52 146 80
52 147 88
52 148 70
52 149 58
52 150 57
52 151 57
52 152 59
52 153 59
52 154 59
52 155 59
52 156 59
52 157 59
52 158 80
52 159 79
52 160 70
52 161 67
52 162 65
52 163 65
52 164 66
52 165 41
52 166 41
52 167 41
52 168 42
52 169 47
52 170 47
52 171 60
53 113 57
53 114 57
53 115 57
53 116 57
53 117 57
53 118 57
53 119 57
53 120 57
53 121 57
53 122 57
53 123 54
53 124 51
53 125 65
53 126 48
53 127 48
53 128 47
53 129 47
53 130 47
53 131 48
53 139 52
53 140 62
53 141 92
53 142 72
53 143 71
53 144 71
53 145 71
53 146 80
53 147 88
53 148 66
53 149 58
53 150 58
53 151 58
53 152 59
53 153 59
53 154 59
53 155 59
53 156 59
53 157 60
53 158 80
53 159 79
53 160 71
53 161 66
53 162 66
53 163 65
53 164 65
53 165 64
53 166 64
53 167 42
53 168 42
53 169 47
53 170 47
53 171 60
54 114 57
54 115 57
54 116 57
54 117 57
54 118 57
54 119 57
54 120 57
54 121 57
54 122 57
54 123 59
54 124 51
54 125 65
54 126 48
54 127 48
54 128 47
54 129 47
54 130 47
54 131 38
54 139 32
54 140 63
54 141 97
54 142 72
54 143 72
54 144 71
54 145 71
54 146 71
54 147 88
54 148 67
54 149 84
54 150 58
54 151 58
54 152 59
54 153 59
54 154 59
54 155 59
54 156 59
54 157 60
54 158 80
54 159 80
54 160 69
54 161 66
54 162 65
54 163 66
54 164 64
54 165 64
54 166 64
54 167 64
54 168 41
54 169 42
54 170 48
54 171 48
54 172 60
55 114 57
55 115 57
55 116 58
55 117 58
55 118 58
55 119 58
55 120 58
55 121 57
55 122 57
55 123 93
55 124 51
55 125 60
55 126 48
55 127 48
55 128 47
55 129 47
55 130 47
55 131 38
55 139 32
55 140 54
55 141 72
55 142 72
55 143 72
55 144 71
55 145 71
55 146 71
55 147 88
55 148 67
55 149 85
55 150 58
55 151 58
55 152 59
55 153 59
55 154 59
55 155 60
55 156 60
55 157 60
55 158 79
55 159 78
55 160 78
55 161 66
55 162 66
55 163 65
55 164 65
55 165 65
55 166 63
55 167 63
55 168 63
55 169 42
55 170 42
55 171 48
55 172 48
55 173 59
56 115 57
56 116 58
56 117 58
56 118 58
56 119 58
56 120 58
56 121 58
56 122 58
56 123 75
56 124 54
56 125 48
56 126 48
56 127 48
56 128 59
56 129 47
56 130 46
56 131 38
56 132 16
56 139 33
56 140 49
56 141 72
56 142 72
56 143 72
56 144 71
56 145 72
56 146 72
56 147 67
56 148 67
56 149 60
56 150 58
56 151 58
56 152 59
56 153 59
56 154 60
56 155 60
56 156 60
56 157 60
56 158 80
56 159 78
56 160 78
56 161 69
56 162 65
56 163 65
56 164 65
56 165 65
56 166 65
56 167 63
56 168 63
56 169 39
56 170 49
56 171 42
56 172 48
56 173 61
57 116 58
57 117 58
57 118 58
57 119 58
57 120 58
57 121 58
57 122 58
57 123 75
57 124 54
57 125 47
57 126 60
57 127 48
57 128 59
57 129 47
57 130 47
57 131 47
57 132 16
57 139 33
57 140 61
57 141 83
57 142 72
57 143 72
57 144 72
57 145 72
57 146 67
57 147 67
57 148 74
57 149 60
57 150 58
57 151 58
57 152 60
57 153 60
57 154 60
57 155 60
57 156 60
57 157 60
57 158 70
57 159 78
57 160 78
57 161 65
57 162 65
57 163 65
57 164 65
57 165 65
57 166 65
57 167 63
57 168 63
57 169 39
57 170 49
57 171 42
57 172 42
57 173 61
57 174 59
58 117 58
58 118 58
58 119 58
58 120 58
58 121 58
58 122 58
58 123 85
58 124 80
58 125 48
58 126 48
58 127 48
58 128 47
58 129 47
58 130 47
58 131 47
58 132 26
58 139 51
58 140 64
58 141 72
58 142 72
58 143 72
58 144 72
58 145 67
58 146 67
58 147 67
58 148 61
58 149 61
58 150 59
58 151 60
58 152 60
58 153 60
58 154 60
58 155 60
58 156 60
58 157 60
58 158 70
58 159 78
58 160 78
58 161 66
58 162 65
58 163 65
58 164 65
58 165 65
58 166 65
58 167 65
58 168 63
58 169 39
58 170 39
58 171 49
58 172 43
58 173 48
58 174 61
59 119 58
59 120 58
59 121 58
59 122 58
59 123 58
59 124 80
59 125 51
59 126 48
59 127 48
59 128 47
59 129 47
59 130 59
59 131 47
59 132 59
59 139 54
59 140 72
59 141 71
59 142 72
59 143 72
59 144 72
59 145 67
59 146 67
59 147 66
59 148 61
59 149 61
59 150 59
59 151 60
59 152 60
59 153 60
59 154 60
59 155 60
59 156 60
59 157 60
59 158 70
59 159 79
59 160 69
59 161 66
59 162 66
59 163 65
59 164 65
59 165 65
59 166 65
59 167 65
59 168 63
59 169 39
59 170 39
59 171 39
59 172 43
59 173 43
59 174 61
59 175 59
60 99 57
60 100 57
60 101 57
60 120 58
60 121 58
60 122 58
60 123 58
60 124 86
60 125 80
60 126 48
60 127 48
60 128 65
60 129 47
60 130 47
60 131 47
60 132 47
60 133 16
60 139 64
60 140 72
60 141 71
60 142 71
60 143 72
60 144 72
60 145 67
60 146 67
60 147 61
60 148 61
60 149 61
60 150 61
60 151 60
60 152 60
60 153 60
60 154 60
60 155 60
60 156 60
60 157 47
60 158 47
60 159 79
60 160 70
60 161 66
60 162 67
60 163 66
60 164 66
60 165 66
60 166 66
60 167 66
60 168 63
60 169 39
60 170 40
60 171 39
60 172 42
60 173 43
60 174 61
60 175 61
61 98 57
61 99 57
61 100 57
61 101 57
61 102 57
61 103 57
61 104 57
61 105 57
61 106 57
61 111 57
61 112 57
61 113 57
61 122 58
61 123 58
61 124 58
61 125 75
61 126 75
61 127 48
61 128 48
61 129 47
61 130 47
61 131 47
61 132 47
61 133 26
61 138 33
61 139 61
61 140 72
61 141 78
61 142 71
61 143 72
61 144 67
61 145 67
61 146 67
61 147 61
61 148 61
61 149 61
61 150 61
61 151 60
61 152 61
61 153 60
61 154 60
61 155 60
61 156 60
61 157 47
61 158 47
61 159 69
61 160 70
61 161 70
61 162 67
61 163 66
61 164 66
61 165 66
61 166 66
61 167 66
61 168 65
61 169 40
61 170 40
61 171 42
61 172 42
61 173 43
61 174 48
61 175 61
62 97 57
62 98 57
62 99 57
62 100 57
62 101 57
62 102 57
62 103 57
62 104 57
62 105 57
62 106 58
62 107 58
62 108 57
62 109 57
62 110 57
62 111 57
62 112 57
62 113 57
62 114 57
62 115 57
62 123 58
62 124 58
62 125 86
62 126 82
62 127 56
62 128 48
62 129 48
62 130 59
62 131 47
62 132 48
62 133 38
62 138 51
62 139 56
62 140 72
62 141 72
62 142 72
62 143 71
62 144 67
62 145 67
62 146 68
62 147 67
62 148 61
62 149 61
62 150 61
62 151 48
62 152 61
62 153 61
62 154 60
62 155 60
62 156 60
62 157 47
62 158 47
62 159 69
62 160 70
62 161 70
62 162 67
62 163 72
62 164 66
62 165 66
62 166 66
62 167 66
62 168 66
62 169 65
62 170 40
62 171 43
62 172 43
62 173 42
62 174 43
62 175 61
62 176 59
63 97 57
63 98 57
63 99 57
63 100 57
63 101 57
63 102 57
63 103 57
63 104 57
63 105 58
63 106 58
63 107 58
63 108 58
63 109 58
63 110 58
63 111 58
63 112 58
63 113 58
63 114 58
63 115 58
63 116 58
63 117 57
63 118 57
63 123 58
63 124 58
63 125 58
63 126 71
63 127 83
63 128 60
63 129 60
63 130 60
63 131 47
63 132 38
63 133 35
63 138 51
63 139 49
63 140 78
63 141 72
63 142 72
63 143 72
63 144 72
63 145 67
63 146 68
63 147 68
63 148 61
63 149 62
63 150 48
63 151 48
63 152 61
63 153 61
63 154 61
63 155 61
63 156 61
63 157 47
63 158 68
63 159 70
63 160 79
63 161 71
63 162 67
63 163 72
63 164 66
63 165 66
63 166 66
63 167 66
63 168 66
63 169 66
63 170 43
63 171 43
63 172 43
63 173 43
63 174 43
63 175 61
63 176 59
64 96 57
64 97 57
64 98 57
64 99 57
64 100 57
64 101 57
64 102 57
64 103 57
64 104 57
64 105 57
64 106 58
64 107 58
64 108 58
64 109 58
64 110 58
64 111 58
64 112 58
64 113 58
64 114 58
64 115 58
64 116 58
64 117 58
64 118 58
64 119 58
64 120 58
64 121 58
64 122 58
64 123 58
64 124 60
64 125 60
64 126 72
64 127 83
64 128 50
64 129 77
64 130 48
64 131 48
64 132 38
64 133 35
64 139 45
64 140 49
64 141 72
64 142 72
64 143 72
64 144 72
64 145 67
64 146 57
64 147 68
64 148 62
64 149 62
64 150 49
64 151 48
64 152 61
64 153 61
64 154 61
64 155 61
64 156 61
64 157 47
64 158 70
64 159 71
64 160 79
64 161 71
64 162 68
64 163 67
64 164 67
64 165 67
64 166 66
64 167 66
64 168 66
64 169 66
64 170 67
64 171 43
64 172 43
64 173 43
64 174 43
64 175 61
64 176 60
64 177 59
65 96 57
65 97 57
65 98 57
65 99 57
65 100 57
65 101 57
65 102 57
65 103 57
65 104 57
65 105 57
65 106 57
65 107 58
65 108 58
65 109 58
65 110 58
65 111 58
65 112 58
65 113 58
65 114 58
65 115 58
65 116 58
65 117 58
65 118 58
65 119 58
65 120 58
65 121 58
65 122 58
65 123 58
65 124 58
65 125 86
65 126 72
65 127 84
65 128 76
65 129 62
65 130 47
65 131 38
65 132 35
65 133 30
65 139 50
65 140 45
65 141 49
65 142 78
65 143 72
65 144 79
65 145 68
65 146 57
65 147 57
65 148 57
65 149 44
65 150 49
65 151 49
65 152 48
65 153 61
65 154 61
65 155 61
65 156 61
65 157 70
65 158 70
65 159 71
65 160 79
65 161 71
65 162 68
65 163 68
65 164 67
65 165 67
65 166 67
65 167 66
65 168 66
65 169 65
65 170 67
65 171 43
65 172 43
65 173 43
65 174 43
65 175 49
65 176 61
65 177 60
66 96 57
66 97 57
66 98 57
66 99 57
66 100 57
66 101 57
66 102 57
66 103 57
66 104 57
66 105 57
66 106 57
66 107 57
66 108 58
66 109 58
66 110 58
66 111 58
66 112 58
66 113 58
66 114 58
66 115 58
66 116 58
66 117 58
66 118 58
66 119 58
66 120 58
66 121 58
66 122 58
66 123 58
66 124 58
66 125 86
66 126 91
66 127 51
66 128 79
66 129 57
66 130 39
66 131 39
66 132 36
66 140 50
66 141 45
66 142 45
66 143 61
66 144 78
66 145 62
66 146 57
66 147 57
66 148 57
66 149 44
66 150 45
66 151 45
66 152 49
66 153 61
66 154 61
66 155 61
66 156 48
66 157 70
66 158 71
66 159 71
66 160 80
66 161 71
66 162 68
66 163 68
66 164 67
66 165 67
66 166 67
66 167 67
66 168 66
66 169 66
66 170 67
66 171 42
66 172 43
66 173 43
66 174 43
66 175 49
66 176 62
66 177 60
67 95 57
67 96 57
67 97 57
67 98 57
67 99 57
67 100 57
67 101 57
67 102 57
67 103 57
67 104 57
67 105 57
67 106 57
67 107 57
67 108 57
67 109 58
67 110 58
67 111 58
67 112 58
67 113 58
67 114 58
67 115 58
67 116 58
67 117 58
67 118 58
67 119 58
67 120 58
67 121 58
67 122 58
67 123 58
67 124 86
67 125 72
67 126 51
67 127 79
67 128 58
67 129 52
67 130 39
67 131 36
67 140 49
67 141 50
67 142 46
67 143 77
67 144 62
67 145 62
67 146 61
67 147 53
67 148 53
67 149 54
67 150 45
67 151 46
67 152 46
67 153 49
67 154 61
67 155 48
67 156 70
67 157 70
67 158 71
67 159 71
67 160 71
67 161 68
67 162 68
67 163 68
67 164 68
67 165 68
67 166 67
67 167 66
67 168 66
67 169 67
67 170 67
67 171 42
67 172 41
67 173 43
67 174 43
67 175 49
67 176 49
67 177 60
68 95 57
68 96 57
68 97 57
68 98 57
68 99 57
68 100 57
68 101 57
68 102 57
68 103 57
68 104 57
68 105 57
68 106 57
68 107 57
68 108 57
68 109 57
68 110 58
68 111 58
68 112 58
68 113 58
68 114 58
68 115 58
68 116 58
68 117 58
68 118 58
68 119 58
68 120 58
68 121 58
68 122 58
68 123 58
68 124 73
68 125 51
68 126 50
68 127 82
68 128 52
68 129 38
68 130 53
68 141 31
68 142 50
68 143 51
68 144 58
68 145 88
68 146 94
68 147 78
68 148 57
68 149 57
68 150 58
68 151 46
68 152 46
68 153 45
68 154 44
68 155 71
68 156 72
68 157 72
68 158 72
68 159 62
68 160 68
68 161 69
68 162 69
68 163 69
68 164 68
68 165 68
68 166 66
68 167 67
68 168 67
68 169 67
68 170 66
68 171 42
68 172 42
68 173 42
68 174 43
68 175 49
68 176 49
68 177 60
69 95 57
69 96 57
69 97 57
69 98 57
69 99 57
69 100 57
69 101 57
69 102 57
69 103 57
69 104 57
69 105 57
69 106 57
69 107 57
69 108 57
69 109 57
69 110 58
69 111 58
69 112 58
69 113 58
69 114 58
69 115 58
69 116 58
69 117 58
69 118 58
69 119 58
69 120 58
69 121 58
69 122 58
69 123 73
69 124 72
69 125 98
69 126 53
69 127 45
69 128 37
69 143 31
69 144 30
69 145 31
69 146 58
69 147 58
69 148 52
69 149 62
69 150 69
69 151 71
69 152 84
69 153 60
69 154 60
69 155 60
69 156 60
69 157 60
69 158 59
69 159 59
69 160 69
69 161 69
69 162 69
69 163 69
69 164 68
69 165 68
69 166 67
69 167 67
69 168 67
69 169 67
69 170 67
69 171 40
69 172 42
69 173 42
69 174 44
69 175 49
69 176 49
69 177 62
69 178 60
70 96 57
70 97 57
70 98 57
70 99 57
70 100 57
70 101 57
70 102 56
70 105 57
70 106 57
70 107 57
70 108 57
70 109 57
70 110 58
70 111 58
70 112 58
70 113 58
70 114 58
70 115 58
70 116 58
70 117 58
70 118 58
70 119 58
70 120 76
70 121 94
70 122 79
70 123 73
70 124 50
70 151 35
70 152 57
70 153 78
70 154 83
70 155 82
70 156 60
70 157 60
70 158 60
70 159 60
70 160 69
70 161 69
70 162 69
70 163 69
70 164 69
70 165 68
70 166 67
70 167 67
70 168 67
70 169 67
70 170 67
70 171 40
70 172 42
70 173 42
70 174 42
70 175 44
70 176 49
70 177 62
70 178 60
71 97 57
71 98 57
71 99 57
71 106 57
71 107 57
71 108 57
71 109 58
71 110 58
71 111 58
71 112 58
71 113 58
71 114 58
71 115 58
71 116 58
71 117 58
71 118 87
71 119 95
71 120 87
71 121 77
71 122 73
71 123 32
71 153 30
71 154 69
71 155 59
71 156 84
71 157 82
71 158 83
71 159 60
71 160 70
71 161 69
71 162 69
71 163 69
71 164 69
71 165 68
71 166 67
71 167 67
71 168 67
71 169 67
71 170 67
71 171 41
71 172 42
71 173 42
71 174 42
71 175 44
71 176 49
71 177 62
71 178 60
72 108 57
72 109 58
72 110 58
72 111 58
72 112 58
72 113 58
72 114 58
72 115 58
72 116 58
72 117 106
72 118 79
72 119 76
72 120 77
72 121 73
72 122 60
72 154 39
72 155 68
72 156 62
72 157 82
72 158 54
72 159 83
72 160 91
72 161 70
72 162 69
72 163 67
72 164 67
72 165 67
72 166 66
72 167 67
72 168 67
72 169 67
72 170 67
72 171 41
72 172 41
72 173 42
72 174 43
72 175 44
72 176 49
72 177 62
72 178 62
73 109 57
73 110 58
73 111 58
73 112 58
73 113 58
73 114 58
73 115 87
73 116 93
73 117 79
73 118 77
73 119 77
73 120 77
73 121 66
73 155 52
73 156 59
73 157 60
73 158 82
73 159 64
73 160 73
73 161 79
73 162 68
73 163 67
73 164 67
73 165 67
73 166 66
73 167 66
73 168 66
73 169 68
73 170 68
73 171 41
73 172 41
73 173 42
73 174 43
73 175 43
73 176 49
73 177 62
73 178 62
73 179 60
74 111 58
74 112 58
74 113 58
74 114 87
74 115 73
74 116 79
74 117 77
74 118 77
74 119 80
74 120 54
74 155 30
74 156 65
74 157 57
74 158 67
74 159 89
74 160 65
74 161 74
74 162 79
74 163 67
74 164 67
74 165 67
74 166 67
74 167 67
74 168 67
74 169 68
74 170 68
74 171 41
74 172 41
74 173 42
74 174 43
74 175 43
74 176 50
74 177 63
74 178 63
74 179 62
75 113 87
75 114 73
75 115 99
75 116 77
75 117 79
75 118 60
75 119 34
75 155 30
75 156 45
75 157 56
75 158 67
75 159 67
75 160 91
75 161 65
75 162 74
75 163 68
75 164 68
75 165 67
75 166 67
75 167 67
75 168 67
75 169 67
75 170 68
75 171 41
75 172 41
75 173 42
75 174 43
75 175 43
75 176 50
75 177 63
75 178 63
75 179 63
76 113 50
76 114 94
76 115 79
76 116 80
76 117 58
76 118 36
76 155 49
76 156 45
76 157 50
76 158 67
76 159 67
76 160 67
76 161 81
76 162 74
76 163 61
76 164 56
76 165 67
76 166 67
76 167 68
76 168 68
76 169 67
76 170 69
76 171 42
76 172 43
76 173 43
76 174 43
76 175 43
76 176 43
76 177 63
76 178 63
76 179 61
77 112 70
77 113 50
77 114 79
77 115 83
77 116 55
77 117 36
77 118 36
77 154 8
77 155 31
77 156 45
77 157 50
77 158 50
77 159 55
77 160 54
77 161 54
77 162 71
77 163 63
77 164 70
77 165 65
77 166 65
77 167 68
77 168 68
77 169 68
77 170 69
77 171 42
77 172 43
77 173 43
77 174 44
77 175 44
77 176 49
77 177 63
77 178 63
77 179 61
78 112 55
78 113 50
78 114 63
78 115 55
78 116 39
78 117 37
78 118 22
78 153 7
78 154 8
78 155 31
78 156 48
78 157 51
78 158 50
78 159 55
78 160 54
78 161 54
78 162 74
78 163 76
78 164 72
78 165 65
78 166 66
78 167 66
78 168 68
78 169 68
78 170 42
78 171 43
78 172 43
78 173 44
78 174 44
78 175 44
78 176 49
78 177 49
78 178 63
78 179 61
79 112 55
79 113 86
79 114 72
79 115 59
79 116 39
79 117 37
79 153 8
79 154 8
79 155 48
79 156 54
79 157 51
79 158 51
79 159 50
79 160 55
79 161 55
79 162 61
79 163 78
79 164 72
79 165 70
79 166 66
79 167 66
79 168 68
79 169 68
79 170 42
79 171 43
79 172 43
79 173 44
79 174 44
79 175 49
79 176 49
79 177 49
79 178 62
79 179 61
80 112 68
80 113 80
80 114 63
80 115 40
80 116 37
80 117 36
80 152 8
80 153 8
80 154 8
80 155 48
80 156 49
80 157 51
80 158 51
80 159 50
80 160 50
80 161 56
80 162 65
80 163 70
80 164 84
80 165 72
80 166 66
80 167 66
80 168 66
80 169 68
80 170 43
80 171 43
80 172 44
80 173 44
80 174 44
80 175 50
80 176 50
80 177 50
80 178 62
80 179 61
81 111 70
81 112 50
81 113 80
81 114 63
81 115 39
81 116 37
81 117 36
81 151 5
81 152 8
81 153 8
81 154 30
81 155 48
81 156 49
81 157 46
81 158 46
81 159 45
81 160 42
81 161 41
81 162 66
81 163 66
81 164 94
81 165 84
81 166 66
81 167 66
81 168 68
81 169 70
81 170 44
81 171 43
81 172 44
81 173 44
81 174 50
81 175 50
81 176 50
81 177 50
81 178 62
81 179 62
82 111 55
82 112 49
82 113 98
82 114 74
82 115 39
82 116 36
82 151 5
82 152 5
82 153 7
82 154 30
82 155 48
82 156 50
82 157 50
82 158 45
82 159 44
82 160 43
82 161 43
82 162 41
82 163 47
82 164 67
82 165 78
82 166 72
82 167 66
82 168 69
82 169 43
82 170 43
82 171 43
82 172 44
82 173 50
82 174 50
82 175 50
82 176 50
82 177 50
82 178 63
82 179 63
83 110 68
83 111 50
83 112 50
83 113 71
83 114 71
83 115 37
83 116 37
83 153 5
83 154 30
83 155 48
83 156 50
83 157 50
83 158 44
83 159 44
83 160 43
83 161 44
83 162 43
83 163 43
83 164 47
83 165 83
83 166 83
83 167 67
83 168 43
83 169 43
83 170 43
83 171 44
83 172 50
83 173 50
83 174 50
83 175 50
83 176 50
83 177 50
83 178 63
83 179 63
84 110 70
84 111 81
84 112 80
84 113 72
84 114 58
84 115 37
84 116 22
84 153 5
84 155 49
84 156 50
84 157 49
84 158 44
84 159 43
84 160 43
84 161 43
84 162 43
84 163 44
84 164 43
84 165 67
84 166 72
84 167 99
84 168 66
84 169 44
84 170 50
84 171 50
84 172 50
84 173 50
84 174 50
84 175 50
84 176 50
84 177 50
84 178 63
84 179 63
85 110 55
85 111 80
85 112 80
85 113 71
85 114 58
85 115 36
85 154 31
85 155 49
85 156 52
85 157 51
85 158 44
85 159 44
85 160 43
85 161 43
85 162 43
85 163 44
85 164 44
85 165 47
85 166 83
85 167 91
85 168 84
85 169 75
85 170 50
85 171 50
85 172 50
85 173 50
85 174 50
85 175 50
85 176 50
85 177 63
85 178 63
85 179 63
86 110 55
86 111 68
86 112 50
86 113 74
86 114 45
86 115 36
86 154 31
86 155 50
86 156 52
86 157 51
86 158 44
86 159 44
86 160 43
86 161 43
86 162 43
86 163 43
86 164 39
86 165 45
86 166 53
86 167 86
86 168 102
86 169 73
86 170 50
86 171 50
86 172 50
86 173 50
86 174 50
86 175 50
86 176 50
86 177 63
86 178 63
86 179 61
87 109 67
87 110 67
87 111 50
87 112 50
87 113 52
87 114 46
87 115 54
87 152 5
87 154 31
87 155 51
87 156 52
87 157 51
87 158 44
87 159 43
87 160 43
87 161 38
87 162 38
87 163 40
87 164 40
87 165 40
87 166 58
87 167 93
87 168 100
87 169 90
87 170 51
87 171 51
87 172 51
87 173 51
87 174 50
87 175 50
87 176 63
87 177 64
87 178 63
87 179 61
87 180 61
88 109 68
88 110 67
88 111 50
88 112 99
88 113 53
88 114 59
88 115 54
88 155 51
88 156 52
88 157 51
88 158 44
88 159 41
88 160 40
88 161 41
88 162 41
88 163 40
88 164 41
88 165 60
88 166 75
88 167 106
88 168 87
88 169 89
88 170 51
88 171 51
88 172 51
88 173 51
88 174 51
88 175 64
88 176 64
88 177 64
88 178 64
88 179 61
88 180 61
89 109 68
89 110 90
89 111 72
89 112 83
89 113 53
89 114 37
89 115 54
89 155 50
89 156 52
89 157 50
89 158 41
89 159 41
89 160 41
89 161 41
89 162 41
89 163 41
89 164 60
89 165 60
89 166 65
89 167 95
89 168 87
89 169 89
89 170 74
89 171 51
89 172 51
89 173 64
89 174 64
89 175 64
89 176 64
89 177 64
89 178 61
89 179 61
89 180 61
90 109 86
90 110 72
90 111 81
90 112 83
90 113 53
90 114 37
90 115 54
90 154 32
90 155 50
90 156 50
90 157 50
90 158 41
90 159 41
90 160 41
90 161 41
90 162 61
90 163 60
90 164 60
90 165 61
90 166 65
90 167 85
90 168 80
90 169 87
90 170 84
90 171 84
90 172 64
90 173 64
90 174 64
90 175 64
90 176 64
90 177 64
90 178 61
90 179 61
90 180 61
91 107 56
91 108 57
91 109 57
91 110 72
91 111 81
91 112 83
91 113 53
91 114 36
91 115 54
91 154 31
91 155 48
91 156 49
91 157 50
91 158 41
91 159 41
91 160 41
91 161 61
91 162 61
91 163 61
91 164 61
91 165 61
91 166 84
91 167 81
91 168 86
91 169 82
91 170 84
91 171 84
91 172 64
91 173 64
91 174 64
91 175 64
91 176 64
91 177 64
91 178 61
91 179 61
92 104 56
92 105 56
92 106 56
92 107 56
92 108 57
92 109 57
92 110 72
92 111 73
92 112 100
92 113 54
92 114 36
92 154 31
92 155 48
92 156 49
92 157 50
92 158 41
92 159 41
92 160 51
92 161 61
92 162 61
92 163 61
92 164 70
92 165 70
92 166 83
92 167 80
92 168 89
92 169 76
92 170 76
92 171 85
92 172 64
92 173 64
92 174 64
92 175 64
92 176 64
92 177 62
92 178 62
92 179 61
93 103 56
93 104 56
93 105 56
93 106 56
93 107 57
93 108 57
93 109 57
93 110 81
93 111 73
93 112 81
93 113 39
93 114 36
93 154 31
93 155 48
93 156 50
93 157 45
93 158 41
93 159 41
93 160 62
93 161 71
93 162 71
93 163 70
93 164 70
93 165 83
93 166 83
93 167 80
93 168 78
93 169 76
93 170 76
93 171 85
93 172 86
93 173 85
93 174 64
93 175 64
93 176 62
93 177 62
93 178 62
93 179 61
94 102 56
94 103 56
94 104 56
94 105 56
94 106 56
94 107 57
94 108 57
94 109 57
94 110 80
94 111 94
94 112 72
94 113 39
94 114 36
94 154 31
94 155 48
94 156 49
94 157 45
94 158 41
94 159 52
94 160 71
94 161 68
94 162 70
94 163 67
94 164 66
94 165 84
94 166 84
94 167 80
94 168 60
94 169 64
94 170 76
94 171 76
94 172 85
94 173 86
94 174 85
94 175 63
94 176 62
94 177 62
94 178 62
95 101 56
95 102 56
95 103 56
95 104 56
95 105 56
95 106 56
95 107 56
95 108 57
95 109 87
95 110 80
95 111 104
95 112 54
95 113 39
95 114 37
95 154 31
95 155 48
95 156 49
95 157 45
95 158 41
95 159 68
95 160 68
95 161 68
95 162 67
95 163 67
95 164 76
95 165 84
95 166 71
95 167 64
95 168 60
95 169 60
95 170 86
95 171 83
95 172 85
95 173 85
95 174 85
95 175 63
95 176 63
95 177 62
95 178 62
96 101 56
96 102 56
96 103 56
96 104 56
96 105 56
96 106 56
96 107 56
96 108 57
96 109 72
96 110 80
96 111 84
96 112 49
96 113 36
96 114 36
96 154 30
96 155 48
96 156 49
96 157 45
96 158 52
96 159 68
96 160 68
96 161 67
96 162 67
96 163 75
96 164 66
96 165 66
96 166 72
96 167 69
96 168 65
96 169 64
96 170 78
96 171 85
96 172 85
96 173 86
96 174 86
96 175 86
96 176 63
96 177 63
97 100 56
97 101 56
97 102 56
97 103 56
97 104 56
97 105 56
97 106 56
97 107 56
97 108 56
97 109 72
97 110 71
97 111 81
97 112 39
97 113 37
97 114 36
97 154 30
97 155 48
97 156 49
97 157 44
97 158 68
97 159 68
97 160 67
97 161 66
97 162 73
97 163 66
97 164 66
97 165 67
97 166 68
97 167 65
97 168 65
97 169 65
97 170 64
97 171 84
97 172 86
97 173 86
97 174 86
97 175 86
97 176 63
97 177 63
98 100 56
98 101 56
98 102 56
98 103 56
98 104 56
98 105 56
98 106 56
98 107 56
98 108 86
98 109 72
98 110 71
98 111 70
98 112 39
98 113 37
98 114 22
98 154 49
98 155 60
98 156 49
98 157 51
98 158 67
98 159 74
98 160 73
98 161 67
98 162 67
98 163 66
98 164 66
98 165 66
98 166 66
98 167 60
98 168 65
98 169 65
98 170 67
98 171 83
98 172 86
98 173 86
98 174 86
98 175 86
98 176 64
98 177 62
99 100 56
99 101 56
99 102 56
99 103 57
99 104 57
99 105 57
99 106 56
99 107 56
99 108 90
99 109 72
99 110 93
99 111 52
99 112 39
99 113 36
99 114 22
99 154 49
99 155 47
99 156 48
99 157 51
99 158 67
99 159 67
99 160 67
99 161 67
99 162 66
99 163 66
99 164 66
99 165 66
99 166 66
99 167 56
99 168 65
99 169 64
99 170 67
99 171 76
99 172 83
99 173 83
99 174 84
99 175 82
99 176 64
99 177 61
100 101 56
100 102 56
100 103 57
100 104 57
100 105 57
100 106 56
100 107 56
100 108 90
100 109 72
100 110 93
100 111 45
100 112 37
100 113 36
100 114 23
100 154 30
100 155 48
100 156 47
100 157 52
100 158 68
100 159 68
100 160 67
100 161 67
100 162 67
100 163 66
100 164 66
100 165 66
100 166 45
100 167 56
100 168 64
100 169 67
100 170 67
100 171 67
100 172 83
100 173 83
100 174 84
100 175 82
100 176 61
100 177 61
100 178 61
101 101 56
101 102 56
101 103 57
101 104 57
101 105 57
101 106 56
101 107 86
101 108 83
101 109 72
101 110 97
101 111 55
101 112 36
101 113 36
101 154 29
101 155 48
101 156 48
101 157 52
101 158 89
101 159 68
101 160 68
101 161 67
101 162 67
101 163 67
101 164 67
101 165 67
101 166 45
101 167 52
101 168 63
101 169 77
101 170 77
101 171 77
101 172 81
101 173 81
101 174 83
101 175 85
101 176 61
101 177 61
101 178 61
102 102 57
102 103 57
102 104 57
102 105 57
102 106 56
102 107 86
102 108 71
102 109 71
102 110 95
102 111 50
102 112 36
102 113 37
102 155 48
102 156 48
102 157 52
102 158 89
102 159 68
102 160 67
102 161 67
102 162 67
102 163 67
102 164 67
102 165 43
102 166 42
102 167 43
102 168 63
102 169 63
102 170 77
102 171 77
102 172 76
102 173 81
102 174 82
102 175 84
102 176 84
102 177 61
102 178 61
103 103 57
103 104 57
103 105 56
103 106 56
103 107 68
103 108 49
103 109 79
103 110 86
103 111 50
103 112 36
103 113 16
103 155 49
103 156 48
103 157 73
103 158 89
103 159 68
103 160 68
103 161 68
103 162 68
103 163 65
103 164 65
103 165 43
103 166 42
103 167 39
103 168 67
103 169 63
103 170 77
103 171 76
103 172 76
103 173 81
103 174 83
103 175 84
103 176 84
103 177 61
103 178 61
104 104 56
104 107 68
104 108 49
104 109 97
104 110 66
104 111 49
104 112 36
104 155 71
104 156 49
104 157 75
104 158 79
104 159 68
104 160 68
104 161 68
104 162 68
104 163 65
104 164 65
104 165 43
104 166 42
104 167 39
104 168 58
104 169 63
104 170 76
104 171 76
104 172 75
104 173 81
104 174 83
104 175 84
104 176 84
104 177 61
104 178 61
105 107 70
105 108 50
105 109 88
105 110 63
105 111 53
105 112 16
105 155 52
105 156 49
105 157 53
105 158 79
105 159 68
105 160 68
105 161 68
105 162 66
105 163 65
105 164 43
105 165 43
105 166 42
105 167 39
105 168 50
105 169 63
105 170 76
105 171 76
105 172 75
105 173 83
105 174 83
105 175 84
105 176 84
105 177 84
106 107 70
106 108 79
106 109 85
106 110 63
106 111 76
106 155 57
106 156 49
106 157 52
106 158 72
106 159 68
106 160 68
106 161 66
106 162 66
106 163 65
106 164 43
106 165 43
106 166 42
106 167 38
106 168 41
106 169 63
106 170 73
106 171 75
106 172 85
106 173 85
106 174 83
106 175 84
106 176 84
106 177 84
107 107 49
107 108 67
107 109 63
107 110 72
107 111 53
107 155 49
107 156 49
107 157 52
107 158 73
107 159 90
107 160 69
107 161 68
107 162 65
107 163 43
107 164 43
107 165 43
107 166 39
107 167 38
107 168 38
107 169 63
107 170 63
107 171 85
107 172 85
107 173 85
107 174 83
107 175 84
107 176 84
107 177 61
108 107 49
108 108 67
108 109 63
108 110 63
108 111 34
108 155 49
108 156 49
108 157 51
108 158 64
108 159 91
108 160 69
108 161 48
108 162 48
108 163 47
108 164 47
108 165 42
108 166 42
108 167 41
108 168 40
108 169 68
108 170 68
108 171 85
108 172 85
108 173 85
108 174 85
108 175 61
108 176 61
108 177 61
109 107 49
109 108 67
109 109 63
109 110 46
109 111 16
109 155 49
109 156 49
109 157 52
109 158 64
109 159 91
109 160 49
109 161 48
109 162 48
109 163 48
109 164 47
109 165 46
109 166 44
109 167 44
109 168 43
109 169 72
109 170 79
109 171 86
109 172 86
109 173 86
109 174 86
109 175 86
109 176 61
109 177 59
110 107 78
110 108 66
110 109 63
110 110 46
110 111 16
110 155 49
110 156 49
110 157 49
110 158 86
110 159 90
110 160 48
110 161 48
110 162 48
110 163 48
110 164 46
110 165 44
110 166 44
110 167 43
110 168 43
110 169 58
110 170 79
110 171 78
110 172 86
110 173 86
110 174 86
110 175 86
110 176 84
111 106 66
111 107 79
111 108 67
111 109 63
111 110 45
111 111 16
111 155 49
111 156 49
111 157 49
111 158 73
111 159 78
111 160 49
111 161 48
111 162 48
111 163 44
111 164 44
111 165 43
111 166 43
111 167 42
111 168 42
111 169 58
111 170 75
111 171 79
111 172 86
111 173 86
111 174 86
111 175 86
111 176 86
112 106 49
112 107 67
112 108 63
112 109 64
112 110 36
112 111 16
112 155 49
112 156 78
112 157 49
112 158 73
112 159 49
112 160 49
112 161 49
112 162 48
112 163 47
112 164 43
112 165 43
112 166 42
112 167 42
112 168 42
112 169 51
112 170 74
112 171 78
112 172 85
112 173 85
112 174 86
112 175 86
112 176 85
112 177 63
113 106 50
113 107 67
113 108 63
113 109 63
113 110 36
113 111 36
113 156 57
113 157 48
113 158 62
113 159 49
113 160 49
113 161 49
113 162 48
113 163 46
113 164 45
113 165 42
113 166 41
113 167 41
113 168 41
113 169 41
113 170 71
113 171 78
113 172 85
113 173 85
113 174 85
113 175 85
113 176 87
113 177 63
114 106 49
114 107 66
114 108 63
114 109 64
114 110 39
114 111 36
114 156 57
114 157 48
114 158 62
114 159 49
114 160 49
114 161 49
114 162 45
114 163 45
114 164 45
114 165 41
114 166 41
114 167 41
114 168 41
114 169 41
114 170 57
114 171 78
114 172 85
114 173 85
114 174 85
114 175 85
114 176 87
114 177 63
115 106 49
115 107 70
115 108 62
115 109 49
115 110 38
115 111 22
115 156 30
115 157 48
115 158 49
115 159 49
115 160 49
115 161 47
115 162 47
115 163 47
115 164 45
115 165 41
115 166 41
115 167 41
115 168 41
115 169 41
115 170 57
115 171 78
115 172 77
115 173 85
115 174 85
115 175 85
115 176 86
115 177 63
115 178 63
116 106 55
116 107 71
116 108 63
116 109 49
116 110 39
116 111 22
116 156 30
116 157 48
116 158 49
116 159 49
116 160 47
116 161 47
116 162 47
116 163 46
116 164 47
116 165 45
116 166 41
116 167 41
116 168 41
116 169 41
116 170 41
116 171 77
116 172 77
116 173 85
116 174 85
116 175 85
116 176 63
116 177 63
116 178 63
117 106 54
117 107 87
117 108 62
117 109 49
117 110 38
117 156 30
117 157 49
117 158 48
117 159 49
117 160 47
117 161 47
117 162 47
117 163 46
117 164 46
117 165 44
117 166 41
117 167 41
117 168 41
117 169 41
117 170 41
117 171 77
117 172 77
117 173 77
117 174 85
117 175 85
117 176 63
117 177 63
118 106 49
118 107 87
118 108 62
118 109 49
118 110 38
118 156 30
118 157 48
118 158 49
118 159 48
118 160 47
118 161 47
118 162 47
118 163 46
118 164 46
118 165 43
118 166 43
118 167 40
118 168 40
118 169 40
118 170 40
118 171 77
118 172 77
118 173 77
118 174 84
118 175 84
118 176 63
118 177 63
119 105 67
119 106 49
119 107 62
119 108 63
119 109 49
119 156 30
119 157 49
119 158 49
119 159 48
119 160 48
119 161 47
119 162 47
119 163 46
119 164 44
119 165 44
119 166 43
119 167 40
119 168 40
119 169 40
119 170 72
119 171 77
119 172 77
119 173 77
119 174 77
119 175 84
119 176 62
119 177 62
120 105 55
120 106 49
120 107 74
120 108 63
120 109 49
120 156 48
120 157 49
120 158 49
120 159 48
120 160 48
120 161 47
120 162 47
120 163 46
120 164 44
120 165 44
120 166 43
120 167 43
120 168 40
120 169 40
120 170 72
120 171 80
120 172 77
120 173 77
120 174 76
120 175 85
120 176 62
121 105 67
121 106 49
121 107 62
121 108 58
121 109 27
121 156 48
121 157 49
121 158 61
121 159 48
121 160 48
121 161 47
121 162 46
121 163 46
121 164 43
121 165 43
121 166 43
121 167 42
121 168 42
121 169 40
121 170 40
121 171 80
121 172 77
121 173 77
121 174 77
121 175 66
121 176 61
122 104 69
122 105 49
122 106 85
122 107 63
122 108 49
122 156 48
122 157 49
122 158 61
122 159 48
122 160 48
122 161 47
122 162 46
122 163 46
122 164 43
122 165 43
122 166 43
122 167 42
122 168 42
122 169 42
122 170 40
122 171 73
122 172 77
122 173 87
122 174 86
122 175 66
123 104 67
123 105 49
123 106 62
123 107 58
123 108 49
123 156 48
123 157 49
123 158 49
123 159 48
123 160 48
123 161 47
123 162 46
123 163 46
123 164 43
123 165 43
123 166 43
123 167 42
123 168 42
123 169 42
123 170 42
123 171 77
123 172 87
123 173 87
123 174 66
123 175 66
124 103 54
124 104 49
124 105 62
124 106 63
124 107 49
124 108 41
124 156 48
124 157 61
124 158 49
124 159 48
124 160 49
124 161 47
124 162 46
124 163 45
124 164 43
124 165 43
124 166 43
124 167 42
124 168 42
124 169 42
124 170 42
124 171 57
124 172 87
124 173 87
124 174 66
124 175 66
125 102 66
125 103 55
125 104 49
125 105 49
125 106 62
125 107 61
125 108 36
125 156 48
125 157 61
125 158 48
125 159 49
125 160 48
125 161 47
125 162 45
125 163 45
125 164 43
125 165 43
125 166 43
125 167 42
125 168 42
125 169 42
125 170 42
125 171 57
125 172 87
125 173 66
125 174 66
125 175 61
126 102 55
126 103 49
126 104 49
126 105 62
126 106 48
126 107 49
126 108 16
126 156 48
126 157 49
126 158 57
126 159 48
126 160 47
126 161 46
126 162 45
126 163 45
126 164 43
126 165 43
126 166 42
126 167 42
126 168 42
126 169 42
126 170 42
126 171 50
126 172 88
126 173 65
126 174 65
126 175 61
127 101 69
127 102 55
127 103 49
127 104 67
127 105 62
127 106 48
127 107 49
127 108 16
127 156 48
127 157 49
127 158 57
127 159 78
127 160 47
127 161 45
127 162 33
127 163 34
127 164 44
127 165 43
127 166 43
127 167 42
127 168 42
127 169 42
127 170 42
127 171 52
127 172 88
127 173 65
127 174 65
127 175 61
128 101 55
128 102 49
128 103 49
128 104 78
128 105 62
128 106 49
128 107 49
128 108 16
128 156 48
128 157 48
128 158 57
128 159 85
128 160 47
128 161 33
128 162 34
128 163 34
128 164 34
128 165 42
128 166 42
128 167 42
128 168 42
128 169 42
128 170 44
128 171 52
128 172 88
128 173 65
128 174 61
128 175 61
129 100 66
129 101 55
129 102 49
129 103 80
129 104 82
129 105 52
129 106 48
129 107 49
129 108 16
129 155 30
129 156 48
129 157 49
129 158 74
129 159 85
129 160 36
129 161 33
129 162 34
129 163 33
129 164 33
129 165 44
129 166 44
129 167 41
129 168 44
129 169 43
129 170 43
129 171 78
129 172 87
129 173 65
129 174 61
129 175 61
130 100 66
130 101 55
130 102 49
130 103 62
130 104 82
130 105 52
130 106 48
130 107 49
130 108 27
130 113 30
130 155 30
130 156 48
130 157 52
130 158 66
130 159 78
130 160 34
130 161 33
130 162 33
130 163 33
130 164 33
130 165 44
130 166 43
130 167 43
130 168 43
130 169 43
130 170 51
130 171 87
130 172 65
130 173 61
130 174 61
130 175 60
131 101 69
131 102 49
131 103 80
131 104 79
131 105 63
131 106 48
131 107 49
131 108 49
131 113 30
131 114 48
131 115 30
131 156 48
131 157 52
131 158 66
131 159 47
131 160 33
131 161 33
131 162 33
131 163 33
131 164 44
131 165 44
131 166 43
131 167 43
131 168 43
131 169 43
131 170 70
131 171 86
131 172 64
131 173 60
131 174 60
131 175 60
132 101 69
132 102 55
132 103 49
132 104 49
132 105 85
132 106 52
132 107 49
132 108 49
132 113 48
132 114 48
132 115 48
132 116 30
132 156 48
132 157 52
132 158 66
132 159 47
132 160 33
132 161 33
132 162 33
132 163 33
132 164 44
132 165 44
132 166 44
132 167 43
132 168 43
132 169 43
132 170 77
132 171 64
132 172 60
132 173 60
132 174 60
133 102 69
133 103 55
133 104 80
133 105 80
133 106 68
133 107 49
133 108 49
133 109 49
133 113 48
133 114 48
133 115 48
133 116 30
133 156 48
133 157 49
133 158 87
133 159 47
133 160 33
133 161 33
133 162 33
133 163 33
133 164 44
133 165 44
133 166 44
133 167 43
133 168 43
133 169 70
133 170 86
133 171 64
133 172 60
133 173 60
133 174 60
134 102 66
134 103 55
134 104 49
134 105 80
134 106 97
134 107 61
134 108 48
134 109 48
134 113 48
134 114 48
134 115 48
134 116 30
134 117 30
134 156 48
134 157 49
134 158 77
134 159 47
134 160 33
134 161 33
134 162 33
134 163 33
134 164 44
134 165 44
134 166 44
134 167 44
134 168 43
134 169 70
134 170 64
134 171 64
134 172 64
134 173 60
134 174 59
135 103 69
135 104 55
135 105 80
135 106 49
135 107 85
135 108 52
135 109 48
135 110 23
135 113 30
135 114 48
135 115 42
135 116 30
135 117 30
135 156 48
135 157 49
135 158 66
135 159 60
135 160 34
135 161 33
135 162 33
135 163 33
135 164 44
135 165 44
135 166 44
135 167 44
135 168 44
135 169 69
135 170 64
135 171 64
135 172 64
135 173 59
135 174 59
136 103 68
136 104 55
136 105 49
136 106 80
136 107 97
136 108 71
136 109 48
136 110 48
136 113 30
136 114 42
136 115 42
136 116 30
136 156 30
136 157 49
136 158 62
136 159 78
136 160 33
136 161 33
136 162 33
136 163 33
136 164 44
136 165 44
136 166 44
136 167 43
136 168 43
136 169 65
136 170 64
136 171 64
136 172 64
136 173 59
137 104 55
137 105 49
137 106 80
137 107 80
137 108 85
137 109 48
137 110 48
137 114 42
137 115 42
137 116 30
137 156 48
137 157 49
137 158 62
137 159 78
137 160 45
137 161 33
137 162 33
137 163 44
137 164 44
137 165 44
137 166 43
137 167 43
137 168 56
137 169 65
137 170 65
137 171 65
138 104 54
138 105 49
138 106 80
138 107 52
138 108 67
138 109 71
138 110 48
138 111 27
138 114 42
138 115 42
138 116 30
138 156 48
138 157 49
138 158 74
138 159 49
138 160 47
138 161 44
138 162 44
138 163 44
138 164 44
138 165 43
138 166 43
138 167 43
138 168 65
138 169 65
138 170 65
138 171 65
139 104 68
139 105 54
139 106 49
139 107 52
139 108 67
139 109 71
139 110 48
139 111 38
139 114 42
139 115 42
139 116 42
139 156 49
139 157 49
139 158 66
139 159 49
139 160 48
139 161 45
139 162 44
139 163 44
139 164 44
139 165 43
139 166 43
139 167 78
139 168 65
139 169 65
139 170 65
139 171 65
140 105 54
140 106 49
140 107 52
140 108 79
140 109 63
140 110 48
140 111 50
140 114 42
140 115 42
140 116 42
140 156 49
140 157 49
140 158 66
140 159 49
140 160 48
140 161 45
140 162 44
140 163 44
140 164 44
140 165 43
140 166 70
140 167 65
140 168 65
140 169 65
140 170 65
140 171 65
141 105 54
141 106 48
141 107 57
141 108 79
141 109 63
141 110 48
141 111 50
141 112 22
141 114 42
141 115 42
141 116 42
141 156 48
141 157 49
141 158 57
141 159 49
141 160 48
141 161 46
141 162 45
141 163 44
141 164 44
141 165 47
141 166 65
141 167 65
141 168 65
141 169 65
141 170 65
141 171 65
142 105 54
142 106 55
142 107 67
142 108 48
142 109 62
142 110 48
142 111 50
142 112 22
142 113 30
142 114 42
142 115 42
142 116 42
142 156 30
142 157 48
142 158 57
142 159 49
142 160 48
142 161 45
142 162 45
142 163 44
142 164 44
142 165 70
142 166 65
142 167 65
142 168 65
142 169 65
142 170 65
142 171 65
143 105 54
143 106 55
143 107 67
143 108 48
143 109 62
143 110 48
143 111 48
143 112 44
143 113 48
143 114 48
143 115 48
143 116 30
143 157 61
143 158 49
143 159 78
143 160 47
143 161 46
143 162 45
143 163 44
143 164 45
143 165 31
143 166 65
143 167 65
143 168 65
143 169 65
143 170 65
143 171 65
144 105 68
144 106 55
144 107 67
144 108 48
144 109 66
144 110 72
144 111 56
144 112 56
144 113 49
144 114 48
144 115 48
144 116 30
144 157 61
144 158 49
144 159 79
144 160 47
144 161 46
144 162 45
144 163 45
144 164 62
144 165 31
144 166 65
144 167 65
144 168 65
144 169 65
144 170 65
145 105 68
145 106 82
145 107 67
145 108 52
145 109 79
145 110 62
145 111 56
145 112 66
145 113 74
145 114 48
145 115 48
145 116 48
145 157 49
145 158 49
145 159 49
145 160 47
145 161 46
145 162 46
145 163 45
145 164 69
145 165 48
145 166 65
145 167 65
145 168 65
145 169 65
145 170 65
146 105 68
146 106 55
146 107 71
146 108 52
146 109 48
146 110 67
146 111 92
146 112 77
146 113 78
146 114 49
146 115 48
146 116 48
146 157 49
146 158 49
146 159 78
146 160 49
146 161 46
146 162 45
146 163 45
146 164 31
146 165 48
146 166 65
146 167 65
146 168 65
146 169 65
146 170 65
147 106 55
147 107 71
147 108 68
147 109 52
147 110 79
147 111 67
147 112 65
147 113 85
147 114 57
147 115 49
147 116 48
147 157 48
147 158 49
147 159 78
147 160 49
147 161 46
147 162 35
147 166 65
147 167 65
147 168 65
147 169 65
147 170 65
148 106 66
148 107 55
148 108 71
148 109 68
148 110 61
148 111 80
148 112 58
148 113 65
148 114 78
148 115 50
148 116 48
148 157 48
148 158 49
148 159 78
148 160 47
148 161 35
148 162 50
148 167 65
148 168 65
148 169 65
149 107 66
149 108 83
149 109 83
149 110 84
149 111 79
149 112 80
149 113 50
149 114 60
149 115 78
149 116 50
149 157 48
149 158 52
149 159 49
149 160 46
149 161 35
150 109 70
150 110 56
150 111 49
150 112 79
150 113 80
150 114 78
150 115 48
150 116 78
150 117 16
150 157 48
150 158 62
150 159 48
150 160 35
150 161 32
151 111 55
151 112 49
151 113 79
151 114 66
151 115 48
151 116 48
151 117 48
151 157 48
151 158 62
151 159 48
151 160 35
152 112 54
152 113 49
152 114 78
152 115 66
152 116 48
152 117 48
152 118 16
152 157 48
152 158 74
152 159 48
152 160 32
153 113 49
153 114 49
153 115 78
153 116 48
153 117 48
153 118 48
153 156 30
153 157 48
153 158 61
153 159 47
153 160 72
153 161 64
154 113 68
154 114 49
154 115 78
154 116 48
154 117 48
154 118 48
154 156 48
154 157 48
154 158 48
154 159 47
154 160 73
154 161 65
155 114 49
155 115 78
155 116 49
155 117 61
155 118 16
155 156 48
155 157 48
155 158 48
155 159 47
155 160 78
155 161 65
156 114 49
156 115 62
156 116 49
156 117 49
156 156 48
156 157 48
156 158 48
156 159 47
156 160 47
157 114 48
157 115 62
157 116 48
157 117 60
157 156 48
157 157 48
157 158 61
157 159 47
157 160 47
158 114 48
158 115 62
158 116 48
158 117 48
158 156 48
158 157 48
158 158 48
158 159 48
158 160 47
159 113 54
159 114 48
159 115 62
159 116 48
159 117 48
159 156 48
159 157 48
159 158 48
159 159 48
159 160 47
160 113 54
160 114 49
160 115 62
160 116 48
160 117 38
160 156 48
160 157 48
160 158 78
160 159 48
160 160 66
161 113 54
161 114 49
161 115 81
161 116 48
161 117 38
161 156 48
161 157 48
161 158 66
161 159 49
161 160 66
162 113 54
162 114 48
162 115 78
162 116 48
162 117 38
162 156 48
162 157 48
162 158 66
162 159 49
162 160 47
163 113 54
163 114 48
163 115 78
163 116 48
163 117 38
163 156 30
163 157 48
163 158 66
163 159 49
163 160 47
164 113 54
164 114 49
164 115 87
164 116 48
164 117 16
164 157 48
164 158 61
164 159 78
164 160 47
165 113 49
165 114 49
165 115 70
165 116 48
165 117 16
165 157 48
165 158 62
165 159 78
165 160 60
166 113 49
166 114 48
166 115 49
166 116 61
166 117 16
166 157 48
166 158 62
166 159 78
166 160 78
167 113 49
167 114 48
167 115 49
167 116 49
167 117 16
167 157 49
167 158 70
167 159 47
167 160 47
168 113 48
168 114 48
168 115 49
168 116 49
168 117 16
168 157 49
168 158 87
168 159 47
168 160 59
169 113 54
169 114 48
169 115 52
169 116 61
169 117 16
169 157 49
169 158 90
169 159 47
169 160 66
170 114 48
170 115 78
170 116 48
170 117 16
170 156 30
170 157 49
170 158 85
170 159 47
170 160 66
171 114 48
171 115 48
171 116 48
171 117 36
171 118 17
171 156 49
171 157 49
171 158 85
171 159 47
172 114 54
172 115 48
172 116 51
172 117 39
172 118 17
172 156 49
172 157 52
172 158 49
172 159 47
172 160 49
173 114 69
173 115 48
173 116 62
173 117 86
173 118 17
173 156 49
173 157 66
173 158 49
173 159 51
173 160 49
174 114 69
174 115 49
174 116 66
174 117 78
174 118 36
174 139 30
174 140 33
174 141 16
174 156 49
174 157 74
174 158 49
174 159 74
174 160 49
175 114 68
175 115 54
175 116 78
175 117 48
175 118 36
175 138 49
175 139 52
175 140 57
175 141 45
175 142 16
175 155 30
175 156 49
175 157 78
175 158 49
175 159 85
176 114 66
176 115 54
176 116 78
176 117 48
176 118 36
176 137 52
176 138 62
176 139 77
176 140 78
176 141 57
176 142 36
176 155 30
176 156 49
176 157 49
176 158 47
176 159 81
177 115 54
177 116 48
177 117 48
177 118 36
177 136 49
177 137 75
177 138 95
177 139 78
177 140 49
177 141 78
177 142 45
177 143 16
177 155 30
177 156 49
177 157 67
177 158 50
177 159 49
178 115 54
178 116 48
178 117 48
178 118 36
178 119 16
178 136 63
178 137 102
178 138 102
178 139 89
178 140 78
178 141 49
178 142 57
178 143 16
178 155 30
178 156 49
178 157 61
178 158 50
179 115 68
179 116 54
179 117 57
179 118 48
179 119 16
179 135 61
179 136 103
179 137 93
179 138 54
179 139 78
179 140 70
179 141 49
179 142 62
179 143 16
179 156 52
179 157 61
179 158 82
180 115 68
180 116 54
180 117 57
180 118 48
180 119 36
180 135 53
180 136 61
180 138 66
180 139 54
180 140 62
180 141 49
180 142 79
180 143 36
180 156 52
180 157 47
180 158 33
181 115 66
181 116 54
181 117 62
181 118 48
181 119 36
181 134 43
181 135 99
181 136 68
181 139 54
181 140 49
181 141 85
181 142 49
181 143 37
181 144 16
181 155 31
181 156 66
181 157 57
182 115 66
182 116 54
182 117 62
182 118 48
182 119 36
182 134 50
182 135 105
182 139 66
182 140 49
182 141 62
182 142 49
182 143 41
182 144 16
182 155 31
182 156 61
182 157 74
183 115 68
183 116 54
183 117 87
183 118 49
183 119 36
183 133 31
183 134 50
183 135 81
183 139 67
183 140 55
183 141 67
183 142 53
183 143 41
183 144 16
183 155 85
183 156 60
183 157 85
184 115 65
184 116 54
184 117 81
184 118 48
184 119 36
184 133 50
184 134 53
184 135 58
184 140 55
184 141 79
184 142 53
184 143 50
184 144 16
184 154 31
184 155 62
184 156 60
184 157 74
185 115 65
185 116 54
185 117 48
185 118 48
185 119 43
185 133 50
185 134 53
185 135 76
185 140 69
185 141 79
185 142 64
185 143 53
185 144 37
185 154 31
185 155 78
185 156 62
185 157 74
186 115 65
186 116 54
186 117 54
186 118 88
186 119 56
186 132 50
186 133 50
186 134 53
186 135 76
186 141 79
186 142 64
186 143 80
186 144 37
186 154 43
186 155 78
186 156 62
186 157 74
187 116 54
187 117 54
187 118 62
187 119 61
187 132 50
187 133 50
187 134 50
187 135 76
187 141 49
187 142 64
187 143 50
187 144 37
187 154 43
187 155 79
187 156 93
187 157 74
188 116 54
188 117 54
188 118 61
188 119 48
188 120 36
188 132 31
188 133 50
188 134 53
188 135 70
188 141 68
188 142 75
188 143 50
188 144 50
188 154 43
188 155 67
188 156 89
188 157 75
189 116 54
189 117 78
189 118 62
189 119 48
189 120 56
189 132 31
189 133 68
189 134 85
189 142 86
189 143 50
189 144 50
189 155 62
189 156 81
189 157 74
190 116 54
190 117 61
190 118 62
190 119 48
190 120 56
190 132 31
190 133 80
190 134 100
190 142 68
190 143 53
190 144 50
190 145 17
190 155 49
190 156 80
190 157 66
191 116 54
191 117 61
191 118 62
191 119 57
191 120 43
191 132 46
191 133 80
191 134 68
191 142 80
191 143 63
191 144 50
191 145 17
191 155 50
191 156 83
192 116 68
192 117 78
192 118 51
192 119 56
192 120 32
192 132 46
192 133 72
192 134 69
192 142 54
192 143 63
192 144 53
192 145 39
192 156 106
193 117 78
193 118 78
193 119 56
193 120 33
193 132 46
193 133 72
193 142 54
193 143 79
193 144 63
193 145 50
193 156 107
194 117 78
194 118 70
194 119 56
194 120 32
194 133 75
194 142 54
194 143 79
194 144 62
194 145 49
194 156 93
195 116 66
195 117 66
195 118 69
195 119 56
195 120 16
195 133 72
195 134 95
195 142 66
195 143 79
195 144 63
195 145 49
195 156 94
196 116 54
196 117 62
196 118 69
196 119 56
196 120 16
196 133 63
196 134 92
196 142 66
196 143 49
196 144 63
196 145 55
196 155 48
196 156 96
197 116 54
197 117 62
197 118 72
197 119 70
197 133 32
197 134 89
197 142 69
197 143 49
197 144 53
197 145 17
197 155 62
197 156 96
198 116 54
198 117 85
198 118 77
198 119 70
198 134 64
198 142 69
198 143 49
198 144 81
198 145 16
198 154 61
198 155 62
198 156 78
198 157 66
199 116 54
199 117 54
199 118 83
199 119 56
199 134 64
199 135 95
199 142 70
199 143 55
199 144 80
199 145 17
199 154 61
199 155 62
199 156 85
199 157 74
200 116 66
200 117 55
200 118 99
200 119 70
200 135 95
200 142 70
200 143 80
200 144 53
200 145 17
200 154 61
200 155 52
200 156 88
200 157 42
201 117 55
201 118 97
201 119 77
201 135 96
201 142 70
201 143 63
201 144 54
201 154 30
201 155 48
201 156 78
201 157 50
202 117 67
202 118 49
202 119 74
202 120 62
202 135 90
202 143 63
202 144 50
202 155 78
202 156 78
202 157 47
203 118 49
203 119 100
203 120 80
203 135 89
203 143 64
203 144 50
203 155 30
203 156 70
203 157 60
204 118 49
204 119 82
204 120 93
204 135 97
204 143 83
204 144 50
204 156 52
204 157 70
205 118 50
205 119 75
205 120 97
205 121 30
205 135 108
205 143 81
205 144 50
205 156 49
205 157 60
206 118 70
206 119 107
206 120 100
206 134 51
206 135 109
206 143 81
206 144 53
206 156 49
206 157 49
207 119 92
207 120 102
207 134 51
207 135 119
207 143 99
207 144 17
207 155 30
207 156 49
207 157 78
207 158 56
208 119 86
208 120 64
208 134 51
208 135 64
208 143 88
208 144 28
208 155 30
208 156 49
208 157 78
208 158 44
209 119 83
209 134 32
209 135 50
209 136 69
209 143 99
209 144 64
209 156 49
209 157 79
209 158 67
210 118 68
210 119 92
210 134 31
210 135 51
210 136 69
210 143 91
210 144 88
210 145 17
210 155 31
210 156 52
210 157 86
210 158 75
211 118 70
211 119 45
211 135 65
211 136 70
211 143 85
211 144 82
211 145 17
211 155 45
211 156 76
211 157 79
212 118 84
212 135 69
212 143 56
212 144 72
212 145 69
212 155 45
212 156 87
212 157 61
213 118 107
213 135 85
213 143 56
213 144 84
213 145 79
213 156 88
213 157 67
214 118 108
214 135 83
214 143 71
214 144 94
214 145 86
214 156 64
214 157 118
215 118 108
215 135 61
215 144 117
215 145 87
215 146 31
215 156 31
215 157 90
216 118 85
216 119 17
216 135 73
216 136 72
216 144 126
216 145 85
216 157 53
216 158 97
217 118 95
217 119 16
217 135 70
217 136 69
217 144 111
217 145 68
217 158 118
218 118 81
218 119 17
218 135 70
218 136 70
218 144 73
218 145 53
218 146 31
218 158 95
219 118 100
219 119 49
219 135 77
219 136 70
219 143 70
219 144 75
219 145 31
219 157 31
219 158 73
220 118 96
220 119 72
220 134 32
220 135 65
220 143 114
220 144 72
220 145 31
220 157 39
220 158 83
221 118 96
221 119 114
221 120 32
221 134 49
221 135 68
221 143 113
221 144 69
221 157 48
221 158 107
222 119 96
222 120 109
222 121 32
222 133 49
222 134 100
222 143 113
222 144 62
222 145 51
222 157 48
222 158 117
223 120 96
223 121 129
223 122 31
223 132 32
223 133 97
223 134 70
223 143 69
223 144 63
223 145 76
223 157 41
223 158 121
224 122 139
224 132 66
224 133 108
224 144 94
224 145 56
224 157 31
224 158 113
225 123 77
225 132 106
225 144 69
225 145 81
225 146 45
225 157 54
225 158 69
226 123 94
226 124 28
226 131 47
226 132 121
226 145 95
226 146 91
226 157 106
227 123 94
227 124 36
227 131 59
227 132 94
227 146 99
227 147 48
227 156 68
228 123 94
228 124 60
228 130 38
228 131 140
228 147 123
228 148 31
228 155 69
228 156 104
229 124 118
229 125 36
229 126 28
229 128 28
229 129 28
229 130 65
229 131 133
229 147 96
229 148 54
229 149 39
229 153 50
229 154 69
229 155 72
229 156 138
230 124 110
230 125 61
230 126 28
230 127 28
230 128 28
230 129 27
230 130 84
230 131 94
230 147 136
230 148 65
230 149 39
230 150 39
230 151 39
230 152 39
230 153 68
230 154 83
230 155 102
230 156 126
231 124 92
231 125 130
231 126 41
231 127 27
231 128 27
231 129 28
231 130 80
231 131 67
231 147 125
231 148 68
231 149 39
231 150 39
231 151 39
231 152 48
231 153 76
231 154 98
231 155 117
231 156 111
232 124 108
232 125 136
232 126 67
232 127 27
232 128 28
232 129 28
232 130 91
232 148 76
232 149 39
232 150 39
232 151 39
232 152 39
232 153 92
232 154 119
232 155 124
232 156 94
233 123 66
233 124 118
233 125 117
233 126 69
233 127 44
233 128 37
233 129 47
233 130 111
233 148 85
233 149 39
233 150 39
233 151 39
233 152 38
233 153 74
233 154 118
233 155 116
233 156 68
234 123 117
234 124 132
234 125 71
234 126 62
234 127 62
234 128 44
234 129 52
234 130 128
234 148 105
234 149 52
234 150 39
234 151 39
234 152 38
234 153 40
234 154 108
234 155 93
234 156 67
235 122 91
235 123 131
235 124 64
235 125 62
235 126 62
235 127 62
235 128 62
235 129 92
235 148 66
235 149 98
235 150 38
235 151 38
235 152 38
235 153 38
235 154 95
235 155 92
236 122 66
236 123 106
236 124 62
236 125 62
236 126 62
236 127 62
236 128 64
236 129 91
236 149 69
236 150 71
236 151 38
236 152 38
236 153 38
236 154 62
236 155 125
237 123 112
237 124 68
237 125 62
237 126 62
237 127 83
237 150 103
237 151 54
237 152 38
237 153 38
237 154 65
237 155 115
238 124 135
238 125 101
238 126 122
238 150 66
238 151 118
238 152 52
238 153 52
238 154 69
238 155 116
239 151 66
239 152 128
239 153 109
239 154 132
239 155 66
