22 120 55
22 121 55
22 122 55
22 123 54
22 124 54
23 119 54
23 120 55
23 121 55
23 122 55
23 123 54
23 124 54
23 125 54
23 126 56
23 127 54
23 168 54
23 169 54
23 170 54
23 171 54
23 172 54
24 119 54
24 120 55
24 121 55
24 122 54
24 123 54
24 124 54
24 125 56
24 126 56
24 127 56
24 128 54
24 129 54
24 167 54
24 168 54
24 169 54
24 170 54
24 171 54
24 172 56
24 173 56
24 174 54
25 120 54
25 121 54
25 122 54
25 123 54
25 124 56
25 125 56
25 126 56
25 127 56
25 128 54
25 129 54
25 130 54
25 167 54
25 168 54
25 169 54
25 170 54
25 171 56
25 172 56
25 173 56
25 174 56
25 175 54
25 176 54
26 116 54
26 117 54
26 118 54
26 119 54
26 120 54
26 121 54
26 122 54
26 123 54
26 124 56
26 125 56
26 126 56
26 127 56
26 128 56
26 129 54
26 130 54
26 131 54
26 167 54
26 168 54
26 169 54
26 170 56
26 171 56
26 172 56
26 173 56
26 174 56
26 175 56
26 176 54
26 177 53
27 115 54
27 116 54
27 117 54
27 118 54
27 119 54
27 120 54
27 121 54
27 122 54
27 123 54
27 124 54
27 125 56
27 126 56
27 127 56
27 128 56
27 129 54
27 130 54
27 131 54
27 132 54
27 159 51
27 160 51
27 161 51
27 162 51
27 163 51
27 164 51
27 166 54
27 167 54
27 168 54
27 169 56
27 170 56
27 171 56
27 172 56
27 173 56
27 174 56
27 175 56
27 176 56
27 177 54
28 115 54
28 116 54
28 117 54
28 118 54
28 119 54
28 120 54
28 121 56
28 122 54
28 123 55
28 124 55
28 125 56
28 126 56
28 127 56
28 128 56
28 129 54
28 130 54
28 131 54
28 132 54
28 133 53
28 158 51
28 159 51
28 160 51
28 161 51
28 162 51
28 163 51
28 164 51
28 165 51
28 166 54
28 167 54
28 168 54
28 169 56
28 170 56
28 171 56
28 172 56
28 173 56
28 174 56
28 175 56
28 176 56
28 177 54
28 178 54
29 115 54
29 116 54
29 117 54
29 118 54
29 119 54
29 120 54
29 121 54
29 122 55
29 123 55
29 124 55
29 125 56
29 126 56
29 127 56
29 128 56
29 129 54
29 130 54
29 131 54
29 132 54
29 133 53
29 157 51
29 158 51
29 159 51
29 160 51
29 161 51
29 162 51
29 163 51
29 164 51
29 165 51
29 166 55
29 167 54
29 168 54
29 169 56
29 170 56
29 171 56
29 172 56
29 173 56
29 174 56
29 175 56
29 176 56
29 177 54
29 178 54
30 115 54
30 116 54
30 117 54
30 118 54
30 119 54
30 120 54
30 121 54
30 122 56
30 123 55
30 124 55
30 125 55
30 126 56
30 127 56
30 128 56
30 129 54
30 130 54
30 131 54
30 132 54
30 133 53
30 157 51
30 158 51
30 159 51
30 160 51
30 161 51
30 162 51
30 163 51
30 164 51
30 165 51
30 166 55
30 167 54
30 168 54
30 169 56
30 170 56
30 171 56
30 172 56
30 173 56
30 174 56
30 175 44
30 176 44
30 177 55
30 178 55
30 179 53
31 115 54
31 116 54
31 117 54
31 118 54
31 119 54
31 120 54
31 121 54
31 122 54
31 123 55
31 124 55
31 125 55
31 126 56
31 127 56
31 128 56
31 129 54
31 130 55
31 131 55
31 132 55
31 133 54
31 134 53
31 156 50
31 157 51
31 158 51
31 159 51
31 160 51
31 161 51
31 162 51
31 163 51
31 164 51
31 165 51
31 166 55
31 167 55
31 168 54
31 169 56
31 170 56
31 171 56
31 172 56
31 173 44
31 174 44
31 175 44
31 176 44
31 177 55
31 178 55
31 179 55
32 116 54
32 117 54
32 118 54
32 119 54
32 120 54
32 121 54
32 122 54
32 123 56
32 124 55
32 125 55
32 126 55
32 127 56
32 128 44
32 129 44
32 130 55
32 131 55
32 132 55
32 133 55
32 134 55
32 156 51
32 157 51
32 158 51
32 159 51
32 160 51
32 161 51
32 162 51
32 163 51
32 164 51
32 165 51
32 166 55
32 167 55
32 168 54
32 169 56
32 170 56
32 171 56
32 172 56
32 173 44
32 174 44
32 175 44
32 176 44
32 177 56
32 178 55
32 179 55
33 116 54
33 117 55
33 118 55
33 119 55
33 120 55
33 121 54
33 122 54
33 123 54
33 124 54
33 125 54
33 126 55
33 127 44
33 128 44
33 129 44
33 130 55
33 131 55
33 132 55
33 133 55
33 134 55
33 135 53
33 156 51
33 157 51
33 158 51
33 159 51
33 160 51
33 161 51
33 162 51
33 163 51
33 164 51
33 165 51
33 166 55
33 167 55
33 168 54
33 169 56
33 170 56
33 171 56
33 172 44
33 173 44
33 174 44
33 175 44
33 176 56
33 177 56
33 178 55
33 179 55
33 180 53
34 117 55
34 118 55
34 119 55
34 120 55
34 121 55
34 122 55
34 123 54
34 124 54
34 125 54
34 126 54
34 127 56
34 128 44
34 129 44
34 130 44
34 131 55
34 132 55
34 133 55
34 134 55
34 135 53
34 136 52
34 156 51
34 157 51
34 158 51
34 159 51
34 160 51
34 161 51
34 162 51
34 163 51
34 164 51
34 165 51
34 166 51
34 167 55
34 168 54
34 169 56
34 170 56
34 171 56
34 172 44
34 173 45
34 174 44
34 175 44
34 176 56
34 177 56
34 178 56
34 179 53
34 180 53
35 118 55
35 119 55
35 120 55
35 121 55
35 122 55
35 123 55
35 124 54
35 125 54
35 126 54
35 127 55
35 128 44
35 129 44
35 130 44
35 131 44
35 132 55
35 133 55
35 134 55
35 135 55
35 136 52
35 156 51
35 157 51
35 158 51
35 159 51
35 160 51
35 161 51
35 162 51
35 163 51
35 164 51
35 165 51
35 166 51
35 167 55
35 168 54
35 169 56
35 170 56
35 171 44
35 172 45
35 173 45
35 174 44
35 175 56
35 176 56
35 177 56
35 178 56
35 179 53
35 180 53
35 181 53
36 110 54
36 111 54
36 112 54
36 113 54
36 118 55
36 119 55
36 120 55
36 121 55
36 122 55
36 123 55
36 124 55
36 125 54
36 126 54
36 127 55
36 128 56
36 129 44
36 130 44
36 131 44
36 132 55
36 133 55
36 134 55
36 135 55
36 136 52
36 137 52
36 156 51
36 157 51
36 158 51
36 159 51
36 160 51
36 161 51
36 162 51
36 163 51
36 164 51
36 165 51
36 166 51
36 167 55
36 168 54
36 169 56
36 170 56
36 171 45
36 172 45
36 173 45
36 174 45
36 175 56
36 176 56
36 177 56
36 178 53
36 179 53
36 180 53
36 181 53
37 108 54
37 109 54
37 110 54
37 111 54
37 112 54
37 113 54
37 114 54
37 115 54
37 119 55
37 120 55
37 121 55
37 122 55
37 123 55
37 124 55
37 125 55
37 126 54
37 127 55
37 128 55
37 129 56
37 130 44
37 131 44
37 132 44
37 133 55
37 134 55
37 135 55
37 136 55
37 137 52
37 156 51
37 157 51
37 158 51
37 159 51
37 160 51
37 161 51
37 162 51
37 163 51
37 164 51
37 165 51
37 166 51
37 167 55
37 168 54
37 169 54
37 170 56
37 171 45
37 172 45
37 173 45
37 174 45
37 175 56
37 176 56
37 177 56
37 178 53
37 179 53
37 180 53
37 181 53
38 107 54
38 108 54
38 109 54
38 110 54
38 111 54
38 112 54
38 113 54
38 114 54
38 115 54
38 116 54
38 120 55
38 121 55
38 122 55
38 123 55
38 124 55
38 125 55
38 126 57
38 127 55
38 128 55
38 129 56
38 130 44
38 131 44
38 132 44
38 133 44
38 134 55
38 135 55
38 136 55
38 137 52
38 156 51
38 157 51
38 158 51
38 159 51
38 160 52
38 161 52
38 162 51
38 163 51
38 164 51
38 165 51
38 166 51
38 167 54
38 168 54
38 169 54
38 170 56
38 171 45
38 172 45
38 173 45
38 174 45
38 175 56
38 176 56
38 177 56
38 178 54
38 179 53
38 180 53
38 181 53
39 107 54
39 108 54
39 109 54
39 110 54
39 111 54
39 112 54
39 113 54
39 114 54
39 115 54
39 116 54
39 117 54
39 120 54
39 121 55
39 122 55
39 123 55
39 124 55
39 125 55
39 126 57
39 127 57
39 128 55
39 129 56
39 130 56
39 131 44
39 132 44
39 133 44
39 134 44
39 135 55
39 136 55
39 137 55
39 138 52
39 156 51
39 157 51
39 158 51
39 159 52
39 160 52
39 161 52
39 162 52
39 163 51
39 164 51
39 165 51
39 166 55
39 167 54
39 168 54
39 169 54
39 170 56
39 171 44
39 172 45
39 173 45
39 174 45
39 175 56
39 176 56
39 177 56
39 178 54
39 179 54
39 180 53
39 181 53
40 107 54
40 108 54
40 109 54
40 110 54
40 111 54
40 112 54
40 113 54
40 114 54
40 115 54
40 116 54
40 117 54
40 121 54
40 122 55
40 123 55
40 124 55
40 125 55
40 126 57
40 127 57
40 128 57
40 129 55
40 130 56
40 131 44
40 132 44
40 133 44
40 134 44
40 135 44
40 136 55
40 137 55
40 138 55
40 146 60
40 147 60
40 149 60
40 150 67
40 151 62
40 152 62
40 153 45
40 154 60
40 156 51
40 157 51
40 158 52
40 159 52
40 160 52
40 161 52
40 162 52
40 163 51
40 164 51
40 165 51
40 166 54
40 167 54
40 168 54
40 169 54
40 170 56
40 171 44
40 172 45
40 173 45
40 174 45
40 175 45
40 176 56
40 177 56
40 178 54
40 179 54
40 180 54
40 181 53
41 107 54
41 108 54
41 109 54
41 110 54
41 111 54
41 112 54
41 113 54
41 114 54
41 115 54
41 116 54
41 117 54
41 118 54
41 121 54
41 122 55
41 123 55
41 124 55
41 125 55
41 126 57
41 127 57
41 128 57
41 129 57
41 130 56
41 131 44
41 132 44
41 133 44
41 134 44
41 135 44
41 136 44
41 137 55
41 138 80
41 139 80
41 140 61
41 141 87
41 142 87
41 143 87
41 144 84
41 145 75
41 146 75
41 147 74
41 148 71
41 149 72
41 150 68
41 151 67
41 152 33
41 153 33
41 154 32
41 155 41
41 156 78
41 157 51
41 158 52
41 159 52
41 160 52
41 161 52
41 162 52
41 163 51
41 164 51
41 165 51
41 166 54
41 167 54
41 168 54
41 169 56
41 170 56
41 171 56
41 172 45
41 173 45
41 174 45
41 175 45
41 176 56
41 177 56
41 178 56
41 179 54
41 180 54
41 181 54
42 108 54
42 109 54
42 110 54
42 111 54
42 112 54
42 113 54
42 114 54
42 115 54
42 116 54
42 117 54
42 118 54
42 119 54
42 122 55
42 123 55
42 124 55
42 125 55
42 126 57
42 127 57
42 128 57
42 129 57
42 130 60
42 131 40
42 132 45
42 133 45
42 134 72
42 135 54
42 136 66
42 137 50
42 138 46
42 139 60
42 140 70
42 141 86
42 142 86
42 143 78
42 144 62
42 145 52
42 146 52
42 147 52
42 148 52
42 149 44
42 150 48
42 151 57
42 152 69
42 153 66
42 154 33
42 155 32
42 156 64
42 157 78
42 158 52
42 159 52
42 160 52
42 161 52
42 162 52
42 163 52
42 164 51
42 165 51
42 166 54
42 167 54
42 168 54
42 169 56
42 170 56
42 171 56
42 172 45
42 173 45
42 174 45
42 175 45
42 176 56
42 177 56
42 178 56
42 179 54
42 180 54
42 181 54
42 182 53
43 109 54
43 110 54
43 111 54
43 112 54
43 113 54
43 114 54
43 115 54
43 116 54
43 117 54
43 118 54
43 119 54
43 120 54
43 122 55
43 123 55
43 124 55
43 125 55
43 126 55
43 127 57
43 128 57
43 129 57
43 130 57
43 131 40
43 132 40
43 133 60
43 134 42
43 135 42
43 136 48
43 137 46
43 138 45
43 139 45
43 140 52
43 141 57
43 142 69
43 143 75
43 144 82
43 145 52
43 146 52
43 147 52
43 148 47
43 149 45
43 150 44
43 151 44
43 152 46
43 153 52
43 154 68
43 155 33
43 156 60
43 157 64
43 158 78
43 159 52
43 160 52
43 161 52
43 162 52
43 163 52
43 164 52
43 165 51
43 166 54
43 167 54
43 168 54
43 169 56
43 170 56
43 171 56
43 172 45
43 173 45
43 174 45
43 175 45
43 176 56
43 177 56
43 178 56
43 179 54
43 180 54
43 181 54
43 182 54
44 110 54
44 111 54
44 112 54
44 113 54
44 114 54
44 115 54
44 116 54
44 117 54
44 118 54
44 119 54
44 120 54
44 121 54
44 122 55
44 123 55
44 124 55
44 125 55
44 126 55
44 127 57
44 128 57
44 129 57
44 130 57
44 131 57
44 132 51
44 133 42
44 134 42
44 135 62
44 136 48
44 137 45
44 138 45
44 139 45
44 140 47
44 141 56
44 142 63
44 143 65
44 144 76
44 145 82
44 146 52
44 147 62
44 148 45
44 149 45
44 150 45
44 151 45
44 152 46
44 153 46
44 154 52
44 155 68
44 156 60
44 157 60
44 158 65
44 159 52
44 160 52
44 161 52
44 162 52
44 163 52
44 164 52
44 165 52
44 166 54
44 167 54
44 168 54
44 169 56
44 170 56
44 171 56
44 172 45
44 173 45
44 174 45
44 175 45
44 176 56
44 177 56
44 178 56
44 179 54
44 180 54
44 181 54
44 182 54
45 111 54
45 112 54
45 113 54
45 114 54
45 115 54
45 116 54
45 117 54
45 118 54
45 119 54
45 120 54
45 121 54
45 122 56
45 123 55
45 124 55
45 125 55
45 126 55
45 127 55
45 128 57
45 129 57
45 130 57
45 131 81
45 132 43
45 133 42
45 134 54
45 135 62
45 136 48
45 137 45
45 138 45
45 139 56
45 140 44
45 141 56
45 142 52
45 143 58
45 144 65
45 145 76
45 146 52
45 147 45
45 148 45
45 149 45
45 150 45
45 151 45
45 152 45
45 153 46
45 154 52
45 155 52
45 156 60
45 157 61
45 158 65
45 159 52
45 160 52
45 161 52
45 162 53
45 163 53
45 164 53
45 165 53
45 166 54
45 167 54
45 168 54
45 169 56
45 170 57
45 171 57
45 172 45
45 173 45
45 174 45
45 175 45
45 176 56
45 177 56
45 178 56
45 179 54
45 180 54
45 181 54
45 182 54
46 112 54
46 113 54
46 114 54
46 115 54
46 116 54
46 117 54
46 118 54
46 119 54
46 120 54
46 121 54
46 122 56
46 123 56
46 124 55
46 125 55
46 126 55
46 127 55
46 128 57
46 129 57
46 130 57
46 131 62
46 132 42
46 133 42
46 134 42
46 135 48
46 136 48
46 137 45
46 138 45
46 139 44
46 140 51
46 141 51
46 142 45
46 143 52
46 144 72
46 145 81
46 146 72
46 147 45
46 148 45
46 149 45
46 150 45
46 151 45
46 152 45
46 153 46
46 154 47
46 155 69
46 156 82
46 157 61
46 158 65
46 159 53
46 160 53
46 161 53
46 162 53
46 163 53
46 164 53
46 165 53
46 166 55
46 167 54
46 168 54
46 169 57
46 170 57
46 171 57
46 172 45
46 173 45
46 174 45
46 175 45
46 176 45
46 177 57
46 178 56
46 179 56
46 180 54
46 181 54
46 182 54
47 114 54
47 115 54
47 116 54
47 117 54
47 118 54
47 119 54
47 120 54
47 121 54
47 122 54
47 123 56
47 124 56
47 125 56
47 126 55
47 127 55
47 128 55
47 129 57
47 130 70
47 131 62
47 132 42
47 133 42
47 134 41
47 135 48
47 136 45
47 137 45
47 138 44
47 139 45
47 140 52
47 141 51
47 142 38
47 143 45
47 144 58
47 145 73
47 146 72
47 147 45
47 148 45
47 149 45
47 150 45
47 151 45
47 152 45
47 153 46
47 154 47
47 155 70
47 156 85
47 157 61
47 158 65
47 159 53
47 160 53
47 161 53
47 162 53
47 163 53
47 164 53
47 165 53
47 166 56
47 167 54
47 168 54
47 169 57
47 170 57
47 171 57
47 172 45
47 173 45
47 174 45
47 175 45
47 176 45
47 177 57
47 178 57
47 179 57
47 180 54
47 181 54
47 182 54
48 115 54
48 116 54
48 117 54
48 118 54
48 119 54
48 120 54
48 121 54
48 122 54
48 123 54
48 124 57
48 125 57
48 126 57
48 127 55
48 128 55
48 129 57
48 130 70
48 131 62
48 132 42
48 133 50
48 134 48
48 135 46
48 136 45
48 137 44
48 138 45
48 139 45
48 140 52
48 141 51
48 142 33
48 143 45
48 144 36
48 145 73
48 146 73
48 147 45
48 148 45
48 149 45
48 150 45
48 151 45
48 152 45
48 153 46
48 154 52
48 155 70
48 156 85
48 157 60
48 158 65
48 159 78
48 160 53
48 161 53
48 162 53
48 163 53
48 164 53
48 165 53
48 166 56
48 167 56
48 168 55
48 169 57
48 170 57
48 171 57
48 172 45
48 173 45
48 174 45
48 175 45
48 176 45
48 177 45
48 178 57
48 179 57
48 180 54
48 181 54
48 182 54
49 116 54
49 117 54
49 118 54
49 119 54
49 120 54
49 121 54
49 122 54
49 123 54
49 124 57
49 125 57
49 126 57
49 127 57
49 128 55
49 129 70
49 130 70
49 131 58
49 132 63
49 133 50
49 134 46
49 135 44
49 136 45
49 137 56
49 138 44
49 139 45
49 140 51
49 141 40
49 142 33
49 143 33
49 144 36
49 145 73
49 146 71
49 147 45
49 148 45
49 149 45
49 150 45
49 151 45
49 152 45
49 153 46
49 154 52
49 155 52
49 156 82
49 157 60
49 158 65
49 159 79
49 160 53
49 161 53
49 162 53
49 163 53
49 164 53
49 165 53
49 166 56
49 167 56
49 168 55
49 169 57
49 170 57
49 171 57
49 172 45
49 173 45
49 174 45
49 175 45
49 176 45
49 177 45
49 178 57
49 179 57
49 180 57
49 181 54
49 182 54
50 117 54
50 118 54
50 119 54
50 120 54
50 121 54
50 122 54
50 123 54
50 124 55
50 125 57
50 126 57
50 127 57
50 128 57
50 129 45
50 130 70
50 131 43
50 132 50
50 133 45
50 134 46
50 135 45
50 136 44
50 137 44
50 138 45
50 139 45
50 140 51
50 141 33
50 142 33
50 143 21
50 144 43
50 145 73
50 146 74
50 147 68
50 148 45
50 149 45
50 150 45
50 151 45
50 152 45
50 153 46
50 154 52
50 155 52
50 156 82
50 157 60
50 158 65
50 159 68
50 160 53
50 161 53
50 162 53
50 163 53
50 164 53
50 165 53
50 166 56
50 167 56
50 168 55
50 169 55
50 170 57
50 171 57
50 172 45
50 173 45
50 174 45
50 175 45
50 176 45
50 177 45
50 178 45
50 179 57
50 180 45
50 181 55
50 182 55
50 183 52
51 117 54
51 118 54
51 119 54
51 120 54
51 121 54
51 122 54
51 123 54
51 124 55
51 125 57
51 126 57
51 127 57
51 128 57
51 129 44
51 130 43
51 131 51
51 132 47
51 133 46
51 134 46
51 135 56
51 136 45
51 137 44
51 138 45
51 139 45
51 140 40
51 141 33
51 142 33
51 143 21
51 144 26
51 145 67
51 146 74
51 147 68
51 148 45
51 149 45
51 150 56
51 151 45
51 152 45
51 153 46
51 154 46
51 155 53
51 156 82
51 157 60
51 158 60
51 159 68
51 160 53
51 161 53
51 162 53
51 163 53
51 164 53
51 165 53
51 166 56
51 167 56
51 168 55
51 169 55
51 170 57
51 171 57
51 172 45
51 173 45
51 174 45
51 175 45
51 176 45
51 177 45
51 178 39
51 179 45
51 180 45
51 181 45
51 182 55
51 183 55
51 184 52
52 118 54
52 119 54
52 120 54
52 121 54
52 122 54
52 123 54
52 124 54
52 125 57
52 126 57
52 127 57
52 128 57
52 129 44
52 130 43
52 131 51
52 132 47
52 133 46
52 134 45
52 135 45
52 136 45
52 137 44
52 138 45
52 139 45
52 140 33
52 141 33
52 142 21
52 143 31
52 144 35
52 145 50
52 146 79
52 147 68
52 148 68
52 149 45
52 150 57
52 151 45
52 152 45
52 153 46
52 154 57
52 155 52
52 156 85
52 157 61
52 158 61
52 159 65
52 160 68
52 161 53
52 162 53
52 163 53
52 164 53
52 165 56
52 166 56
52 167 56
52 168 55
52 169 55
52 170 57
52 171 57
52 172 45
52 173 45
52 174 45
52 175 45
52 176 45
52 177 40
52 178 39
52 179 45
52 180 45
52 181 45
52 182 45
52 183 55
52 184 52
53 118 54
53 119 54
53 120 54
53 121 54
53 122 54
53 123 54
53 124 54
53 125 54
53 126 57
53 127 57
53 128 57
53 129 42
53 130 42
53 131 58
53 132 47
53 133 45
53 134 45
53 135 44
53 136 45
53 137 45
53 138 45
53 139 75
53 140 33
53 141 33
53 142 33
53 143 32
53 144 36
53 145 51
53 146 77
53 147 57
53 148 68
53 149 68
53 150 57
53 151 73
53 152 45
53 153 45
53 154 57
53 155 53
53 156 88
53 157 61
53 158 61
53 159 65
53 160 68
53 161 53
53 162 53
53 163 53
53 164 53
53 165 56
53 166 56
53 167 56
53 168 56
53 169 55
53 170 57
53 171 57
53 172 45
53 173 45
53 174 45
53 175 45
53 176 40
53 177 40
53 178 40
53 179 39
53 180 45
53 181 45
53 182 45
53 183 55
53 184 55
53 185 52
54 119 54
54 120 54
54 121 54
54 122 54
54 123 54
54 124 54
54 125 54
54 126 57
54 127 57
54 128 65
54 129 42
54 130 42
54 131 58
54 132 47
54 133 45
54 134 45
54 135 44
54 136 45
54 137 45
54 138 45
54 139 62
54 140 33
54 141 33
54 142 33
54 143 27
54 144 36
54 145 67
54 146 73
54 147 60
54 148 68
54 149 68
54 150 45
54 151 73
54 152 45
54 153 45
54 154 46
54 155 53
54 156 71
54 157 61
54 158 61
54 159 68
54 160 53
54 161 53
54 162 53
54 163 53
54 164 53
54 165 56
54 166 56
54 167 56
54 168 56
54 169 57
54 170 57
54 171 57
54 172 45
54 173 45
54 174 46
54 175 45
54 176 40
54 177 40
54 178 40
54 179 40
54 180 45
54 181 45
54 182 45
54 183 45
54 184 56
54 185 52
55 119 54
55 120 54
55 121 54
55 122 54
55 123 54
55 124 54
55 125 54
55 126 54
55 127 57
55 128 66
55 129 42
55 130 42
55 131 58
55 132 45
55 133 45
55 134 45
55 135 45
55 136 45
55 137 45
55 138 45
55 139 62
55 140 33
55 141 33
55 142 33
55 143 4
55 144 36
55 145 67
55 146 73
55 147 60
55 148 70
55 149 79
55 150 68
55 151 45
55 152 45
55 153 44
55 154 46
55 155 53
55 156 70
55 157 61
55 158 61
55 159 68
55 160 53
55 161 53
55 162 53
55 163 53
55 164 53
55 165 56
55 166 57
55 167 57
55 168 57
55 169 45
55 170 57
55 171 57
55 172 46
55 173 46
55 174 46
55 175 46
55 176 40
55 177 40
55 178 40
55 179 40
55 180 45
55 181 45
55 182 45
55 183 45
55 184 56
55 185 56
56 120 54
56 121 54
56 122 54
56 123 54
56 124 54
56 125 54
56 126 54
56 127 57
56 128 66
56 129 42
56 130 42
56 131 58
56 132 45
56 133 45
56 134 45
56 135 45
56 136 44
56 137 45
56 138 45
56 139 52
56 140 33
56 141 33
56 142 33
56 143 4
56 144 36
56 145 77
56 146 73
56 147 60
56 148 73
56 149 79
56 150 79
56 151 64
56 152 45
56 153 44
56 154 46
56 155 70
56 156 71
56 157 61
56 158 61
56 159 53
56 160 53
56 161 53
56 162 53
56 163 53
56 164 56
56 165 57
56 166 57
56 167 57
56 168 57
56 169 45
56 170 45
56 171 57
56 172 46
56 173 46
56 174 46
56 175 46
56 176 40
56 177 40
56 178 40
56 179 40
56 180 45
56 181 45
56 182 45
56 183 45
56 184 56
56 185 56
56 186 53
57 121 54
57 122 54
57 123 54
57 124 54
57 125 54
57 126 54
57 127 54
57 128 57
57 129 42
57 130 42
57 131 58
57 132 47
57 133 45
57 134 45
57 135 44
57 136 44
57 137 45
57 138 45
57 139 52
57 140 33
57 141 33
57 142 33
57 143 4
57 144 30
57 145 76
57 146 54
57 147 61
57 148 80
57 149 80
57 150 80
57 151 80
57 152 64
57 153 64
57 154 68
57 155 71
57 156 83
57 157 61
57 158 66
57 159 54
57 160 54
57 161 54
57 162 54
57 163 54
57 164 57
57 165 57
57 166 57
57 167 57
57 168 45
57 169 45
57 170 45
57 171 40
57 172 46
57 173 46
57 174 46
57 175 46
57 176 40
57 177 40
57 178 40
57 179 40
57 180 45
57 181 45
57 182 45
57 183 45
57 184 45
57 185 56
57 186 56
58 122 54
58 123 54
58 124 54
58 125 54
58 126 54
58 127 54
58 128 54
58 129 70
58 130 42
58 131 74
58 132 48
58 133 45
58 134 45
58 135 44
58 136 44
58 137 45
58 138 45
58 139 52
58 140 33
58 141 33
58 142 33
58 143 20
58 144 48
58 145 38
58 146 54
58 147 61
58 148 80
58 149 80
58 150 80
58 151 80
58 152 64
58 153 65
58 154 69
58 155 70
58 156 61
58 157 62
58 158 54
58 159 54
58 160 54
58 161 54
58 162 54
58 163 54
58 164 57
58 165 57
58 166 57
58 167 57
58 168 45
58 169 46
58 170 46
58 171 41
58 172 46
58 173 46
58 174 46
58 175 46
58 176 40
58 177 40
58 178 40
58 179 40
58 180 40
58 181 45
58 182 45
58 183 45
58 184 45
58 185 56
58 186 56
59 123 54
59 124 54
59 125 54
59 126 54
59 127 54
59 128 54
59 129 70
59 130 42
59 131 47
59 132 45
59 133 45
59 134 45
59 135 45
59 136 45
59 137 45
59 138 45
59 139 45
59 140 52
59 141 33
59 142 33
59 143 20
59 144 56
59 145 38
59 146 48
59 147 61
59 148 72
59 149 80
59 150 80
59 151 81
59 152 80
59 153 69
59 154 70
59 155 70
59 156 61
59 157 66
59 158 54
59 159 54
59 160 54
59 161 54
59 162 54
59 163 54
59 164 57
59 165 57
59 166 57
59 167 57
59 168 46
59 169 46
59 170 46
59 171 41
59 172 41
59 173 46
59 174 46
59 175 46
59 176 40
59 177 40
59 178 40
59 179 40
59 180 40
59 181 45
59 182 45
59 183 45
59 184 56
59 185 56
59 186 56
60 124 54
60 125 54
60 126 54
60 127 54
60 128 54
60 129 54
60 130 43
60 131 46
60 132 63
60 133 44
60 134 45
60 135 45
60 136 45
60 137 45
60 138 45
60 139 44
60 140 52
60 141 33
60 142 33
60 143 35
60 144 45
60 145 48
60 146 50
60 147 72
60 148 72
60 149 80
60 150 81
60 151 81
60 152 80
60 153 69
60 154 70
60 155 82
60 156 61
60 157 69
60 158 55
60 159 54
60 160 54
60 161 54
60 162 54
60 163 54
60 164 57
60 165 57
60 166 57
60 167 57
60 168 46
60 169 46
60 170 46
60 171 41
60 172 41
60 173 46
60 174 46
60 175 46
60 176 40
60 177 40
60 178 40
60 179 40
60 180 45
60 181 45
60 182 45
60 183 45
60 184 56
60 185 56
60 186 56
61 124 54
61 125 54
61 126 54
61 127 54
61 128 54
61 129 54
61 130 70
61 131 43
61 132 46
61 133 46
61 134 45
61 135 45
61 136 45
61 137 45
61 138 45
61 139 45
61 140 52
61 141 33
61 142 33
61 143 34
61 144 44
61 145 48
61 146 58
61 147 70
61 148 73
61 149 73
61 150 81
61 151 81
61 152 82
61 153 83
61 154 70
61 155 62
61 156 66
61 157 55
61 158 55
61 159 55
61 160 54
61 161 54
61 162 54
61 163 54
61 164 57
61 165 57
61 166 57
61 167 57
61 168 46
61 169 46
61 170 46
61 171 41
61 172 46
61 173 46
61 174 46
61 175 40
61 176 40
61 177 40
61 178 40
61 179 40
61 180 45
61 181 45
61 182 45
61 183 45
61 184 56
61 185 56
61 186 56
62 125 54
62 126 54
62 127 54
62 128 55
62 129 55
62 130 55
62 131 43
62 132 46
62 133 58
62 134 45
62 135 45
62 136 45
62 137 45
62 138 45
62 139 52
62 140 33
62 141 33
62 142 33
62 143 30
62 144 44
62 145 38
62 146 58
62 147 70
62 148 70
62 149 73
62 150 73
62 151 81
62 152 83
62 153 83
62 154 94
62 155 62
62 156 66
62 157 55
62 158 55
62 159 55
62 160 55
62 161 54
62 162 54
62 163 54
62 164 57
62 165 57
62 166 57
62 167 57
62 168 46
62 169 46
62 170 41
62 171 41
62 172 46
62 173 46
62 174 46
62 175 40
62 176 40
62 177 40
62 178 40
62 179 40
62 180 45
62 181 45
62 182 45
62 183 45
62 184 57
62 185 57
62 186 57
63 125 54
63 126 54
63 127 55
63 128 55
63 129 55
63 130 55
63 131 66
63 132 47
63 133 58
63 134 45
63 135 45
63 136 45
63 137 45
63 138 45
63 139 53
63 140 33
63 141 33
63 142 20
63 144 44
63 145 38
63 146 58
63 147 70
63 148 71
63 149 71
63 150 74
63 151 81
63 152 83
63 153 83
63 154 79
63 155 62
63 156 66
63 157 55
63 158 55
63 159 55
63 160 55
63 161 55
63 162 55
63 163 57
63 164 57
63 165 57
63 166 57
63 167 57
63 168 46
63 169 46
63 170 41
63 171 41
63 172 46
63 173 46
63 174 46
63 175 40
63 176 40
63 177 40
63 178 40
63 179 45
63 180 45
63 181 46
63 182 46
63 183 57
63 184 57
63 185 57
63 186 57
64 126 54
64 127 55
64 128 55
64 129 55
64 130 55
64 131 61
64 132 47
64 133 58
64 134 46
64 135 45
64 136 46
64 137 46
64 138 52
64 139 34
64 140 34
64 141 35
64 144 44
64 145 44
64 146 42
64 147 59
64 148 71
64 149 71
64 150 71
64 151 70
64 152 83
64 153 83
64 154 79
64 155 79
64 156 66
64 157 55
64 158 55
64 159 55
64 160 55
64 161 55
64 162 56
64 163 45
64 164 57
64 165 57
64 166 57
64 167 57
64 168 46
64 169 46
64 170 41
64 171 46
64 172 46
64 173 46
64 174 46
64 175 40
64 176 40
64 177 40
64 178 40
64 179 45
64 180 46
64 181 46
64 182 46
64 183 57
64 184 57
64 185 57
64 186 57
65 109 53
65 110 53
65 111 53
65 127 55
65 128 55
65 129 55
65 130 55
65 131 61
65 132 47
65 133 58
65 134 46
65 135 47
65 136 47
65 137 53
65 138 34
65 139 34
65 140 34
65 145 45
65 146 44
65 147 53
65 148 59
65 149 71
65 150 71
65 151 71
65 152 74
65 153 75
65 154 93
65 155 80
65 156 82
65 157 55
65 158 55
65 159 55
65 160 55
65 161 56
65 162 45
65 163 45
65 164 45
65 165 57
65 166 57
65 167 46
65 168 46
65 169 46
65 170 41
65 171 46
65 172 46
65 173 46
65 174 46
65 175 40
65 176 40
65 177 40
65 178 40
65 179 46
65 180 46
65 181 46
65 182 46
65 183 57
65 184 57
65 185 57
65 186 57
65 187 53
66 106 53
66 107 54
66 108 54
66 109 54
66 110 54
66 111 53
66 112 53
66 113 53
66 114 53
66 127 55
66 128 55
66 129 55
66 130 55
66 131 50
66 132 58
66 133 47
66 134 46
66 135 47
66 136 54
66 137 34
66 138 34
66 139 34
66 146 44
66 147 44
66 148 53
66 149 59
66 150 72
66 151 72
66 152 70
66 153 78
66 154 73
66 155 80
66 156 80
66 157 80
66 158 55
66 159 55
66 160 56
66 161 45
66 162 45
66 163 45
66 164 45
66 165 45
66 166 46
66 167 46
66 168 46
66 169 46
66 170 46
66 171 46
66 172 46
66 173 46
66 174 46
66 175 41
66 176 41
66 177 41
66 178 46
66 179 46
66 180 46
66 181 46
66 182 46
66 183 57
66 184 57
66 185 57
66 186 57
66 187 57
67 105 53
67 106 54
67 107 54
67 108 54
67 109 54
67 110 54
67 111 53
67 112 53
67 113 53
67 114 53
67 115 53
67 116 54
67 117 54
67 118 54
67 119 54
67 120 54
67 121 54
67 122 54
67 123 54
67 124 54
67 128 55
67 129 57
67 130 50
67 131 49
67 132 47
67 133 46
67 134 47
67 135 53
67 136 34
67 137 34
67 145 4
67 146 4
67 147 29
67 148 37
67 149 66
67 150 66
67 151 71
67 152 71
67 153 74
67 154 78
67 155 74
67 156 69
67 157 67
67 158 56
67 159 45
67 160 45
67 161 45
67 162 45
67 163 45
67 164 41
67 165 41
67 166 46
67 167 46
67 168 46
67 169 46
67 170 46
67 171 46
67 172 46
67 173 46
67 174 41
67 175 41
67 176 41
67 177 41
67 178 46
67 179 46
67 180 46
67 181 46
67 182 46
67 183 57
67 184 57
67 185 57
67 186 57
67 187 57
67 188 54
68 104 53
68 105 54
68 106 54
68 107 54
68 108 54
68 109 54
68 110 54
68 111 53
68 112 53
68 113 53
68 114 54
68 115 54
68 116 54
68 117 54
68 118 54
68 119 54
68 120 54
68 121 54
68 122 54
68 123 54
68 124 54
68 125 54
68 126 54
68 127 54
68 128 57
68 129 67
68 130 50
68 131 47
68 132 95
68 133 55
68 134 21
68 145 4
68 146 4
68 147 4
68 148 5
68 149 5
68 150 43
68 151 43
68 152 49
68 153 59
68 154 63
68 155 68
68 156 72
68 157 93
68 158 57
68 159 72
68 160 43
68 161 43
68 162 42
68 163 42
68 164 42
68 165 42
68 166 46
68 167 46
68 168 46
68 169 41
68 170 46
68 171 46
68 172 46
68 173 46
68 174 41
68 175 41
68 176 41
68 177 41
68 178 46
68 179 46
68 180 46
68 181 46
68 182 46
68 183 57
68 184 57
68 185 57
68 186 57
68 187 57
68 188 55
68 189 54
69 104 53
69 105 54
69 106 54
69 107 54
69 108 54
69 109 54
69 110 54
69 111 53
69 112 54
69 113 54
69 114 54
69 115 54
69 116 54
69 117 54
69 118 54
69 119 54
69 120 54
69 121 54
69 122 54
69 123 54
69 124 54
69 125 54
69 126 54
69 127 54
69 128 57
69 129 106
69 130 52
69 131 29
69 145 4
69 146 4
69 147 5
69 148 5
69 149 4
69 150 4
69 151 29
69 152 48
69 153 49
69 154 53
69 155 62
69 156 62
69 157 68
69 158 82
69 159 77
69 160 92
69 161 43
69 162 43
69 163 43
69 164 43
69 165 43
69 166 47
69 167 46
69 168 41
69 169 41
69 170 47
69 171 46
69 172 47
69 173 46
69 174 41
69 175 41
69 176 41
69 177 46
69 178 46
69 179 46
69 180 46
69 181 40
69 182 45
69 183 45
69 184 45
69 185 57
69 186 58
69 187 55
69 188 55
69 189 55
70 104 53
70 105 54
70 106 54
70 107 54
70 108 54
70 109 54
70 110 54
70 111 54
70 112 54
70 113 54
70 114 54
70 115 54
70 116 54
70 117 54
70 118 54
70 119 54
70 120 54
70 121 54
70 122 54
70 123 54
70 124 54
70 125 54
70 126 54
70 127 73
70 128 67
70 129 50
70 147 4
70 148 4
70 149 4
70 153 48
70 154 49
70 155 55
70 156 57
70 157 64
70 158 61
70 159 77
70 160 62
70 161 76
70 162 70
70 163 61
70 164 61
70 165 43
70 166 43
70 167 42
70 168 42
70 169 47
70 170 47
70 171 47
70 172 47
70 173 47
70 174 41
70 175 41
70 176 41
70 177 46
70 178 46
70 179 46
70 180 40
70 181 40
70 182 45
70 183 45
70 184 45
70 185 45
70 186 58
70 187 55
70 188 55
70 189 55
70 190 55
71 104 53
71 105 54
71 106 54
71 107 54
71 108 54
71 109 54
71 110 54
71 111 54
71 112 54
71 113 54
71 114 54
71 115 54
71 116 54
71 117 54
71 118 54
71 119 54
71 120 54
71 121 54
71 122 54
71 123 54
71 124 72
71 125 87
71 126 73
71 127 45
71 128 50
71 156 55
71 157 55
71 158 65
71 159 92
71 160 51
71 161 52
71 162 62
71 163 77
71 164 52
71 165 52
71 166 53
71 167 61
71 168 42
71 169 47
71 170 47
71 171 47
71 172 47
71 173 47
71 174 41
71 175 41
71 176 41
71 177 46
71 178 46
71 179 40
71 180 40
71 181 45
71 182 45
71 183 45
71 184 45
71 185 45
71 186 45
71 187 55
71 188 55
71 189 55
71 190 55
72 104 53
72 105 54
72 106 54
72 107 54
72 108 54
72 109 54
72 110 54
72 111 54
72 112 54
72 113 54
72 114 54
72 115 54
72 116 54
72 117 54
72 118 54
72 119 54
72 120 54
72 121 54
72 122 83
72 123 69
72 124 94
72 125 60
72 126 46
72 127 48
72 158 21
72 159 60
72 160 75
72 161 65
72 162 51
72 163 62
72 164 83
72 165 52
72 166 52
72 167 53
72 168 60
72 169 47
72 170 47
72 171 47
72 172 47
72 173 47
72 174 41
72 175 41
72 176 41
72 177 47
72 178 40
72 179 40
72 180 40
72 181 45
72 182 45
72 183 45
72 184 45
72 185 45
72 186 45
72 187 55
72 188 55
72 189 55
72 190 55
73 105 54
73 106 54
73 107 54
73 108 54
73 109 54
73 110 54
73 111 54
73 112 54
73 113 54
73 114 54
73 115 54
73 116 54
73 117 54
73 118 54
73 119 54
73 120 54
73 121 83
73 122 90
73 123 62
73 124 52
73 125 56
73 126 48
73 127 32
73 159 47
73 160 72
73 161 42
73 162 42
73 163 47
73 164 81
73 165 77
73 166 53
73 167 53
73 168 53
73 169 64
73 170 47
73 171 47
73 172 47
73 173 47
73 174 41
73 175 41
73 176 47
73 177 40
73 178 40
73 179 40
73 180 45
73 181 45
73 182 45
73 183 45
73 184 45
73 185 45
73 186 56
73 187 56
73 188 55
73 189 55
73 190 55
74 105 53
74 106 54
74 107 54
74 108 54
74 109 54
74 110 54
74 111 54
74 112 54
74 116 54
74 117 54
74 118 54
74 119 54
74 120 54
74 121 97
74 122 77
74 123 72
74 124 56
74 125 48
74 126 32
74 159 48
74 160 46
74 161 46
74 162 42
74 163 42
74 164 43
74 165 69
74 166 77
74 167 52
74 168 52
74 169 52
74 170 47
74 171 47
74 172 47
74 173 42
74 174 42
74 175 41
74 176 47
74 177 40
74 178 40
74 179 40
74 180 45
74 181 45
74 182 45
74 183 45
74 184 45
74 185 45
74 186 56
74 187 56
74 188 56
74 189 55
74 190 55
75 106 53
75 107 53
75 108 54
75 109 54
75 110 54
75 111 54
75 117 54
75 118 54
75 119 54
75 120 104
75 121 73
75 122 66
75 123 57
75 124 57
75 125 32
75 159 46
75 160 46
75 161 46
75 162 55
75 163 42
75 164 42
75 165 45
75 166 62
75 167 52
75 168 53
75 169 52
75 170 56
75 171 42
75 172 42
75 173 42
75 174 42
75 175 41
75 176 47
75 177 40
75 178 40
75 179 46
75 180 46
75 181 46
75 182 46
75 183 46
75 184 45
75 185 56
75 186 56
75 187 56
75 188 56
75 189 56
75 190 55
76 108 53
76 109 53
76 110 53
76 118 54
76 119 54
76 120 42
76 121 74
76 122 66
76 123 45
76 124 34
76 158 28
76 159 57
76 160 45
76 161 41
76 162 42
76 163 42
76 164 42
76 165 43
76 166 52
76 167 62
76 168 53
76 169 53
76 170 52
76 171 72
76 172 42
76 173 42
76 174 42
76 175 47
76 176 47
76 177 40
76 178 40
76 179 46
76 180 46
76 181 46
76 182 46
76 183 46
76 184 56
76 185 56
76 186 56
76 187 56
76 188 56
76 189 56
76 190 56
77 118 54
77 119 79
77 120 74
77 121 69
77 122 68
77 123 34
77 124 21
77 158 28
77 159 46
77 160 47
77 161 41
77 162 42
77 163 54
77 164 43
77 165 43
77 166 43
77 167 52
77 168 66
77 169 53
77 170 53
77 171 52
77 172 42
77 173 42
77 174 42
77 175 47
77 176 41
77 177 40
77 178 46
77 179 46
77 180 46
77 181 46
77 182 46
77 183 46
77 184 56
77 185 56
77 186 56
77 187 56
77 188 56
77 189 56
77 190 56
78 119 53
78 120 74
78 121 65
78 122 34
78 123 34
78 124 22
78 142 4
78 158 47
78 159 47
78 160 47
78 161 41
78 162 39
78 163 42
78 164 43
78 165 44
78 166 44
78 167 46
78 168 63
78 169 77
78 170 53
78 171 53
78 172 57
78 173 42
78 174 47
78 175 47
78 176 41
78 177 46
78 178 46
78 179 46
78 180 46
78 181 46
78 182 46
78 183 56
78 184 56
78 185 56
78 186 56
78 187 56
78 188 56
78 189 56
78 190 56
79 118 66
79 119 43
79 120 85
79 121 80
79 122 34
79 123 34
79 124 22
79 140 5
79 141 5
79 142 4
79 158 47
79 159 47
79 160 47
79 161 41
79 162 39
79 163 42
79 164 43
79 165 44
79 166 44
79 167 45
79 168 53
79 169 63
79 170 53
79 171 53
79 172 53
79 173 72
79 174 41
79 175 41
79 176 41
79 177 46
79 178 46
79 179 46
79 180 46
79 181 46
79 182 57
79 183 57
79 184 57
79 185 57
79 186 57
79 187 57
79 188 56
79 189 56
80 118 59
80 119 43
80 120 89
80 121 90
80 122 34
80 123 35
80 124 22
80 140 4
80 141 4
80 158 47
80 159 47
80 160 47
80 161 42
80 162 39
80 163 42
80 164 43
80 165 44
80 166 44
80 167 45
80 168 46
80 169 53
80 170 67
80 171 53
80 172 53
80 173 58
80 174 42
80 175 42
80 176 47
80 177 47
80 178 47
80 179 47
80 180 46
80 181 58
80 182 58
80 183 57
80 184 57
80 185 57
80 186 57
80 187 57
80 188 57
80 189 56
81 118 60
81 119 77
81 120 64
81 121 78
81 122 34
81 123 34
81 125 4
81 134 4
81 158 47
81 159 48
81 160 45
81 161 41
81 162 41
81 163 39
81 164 44
81 165 44
81 166 44
81 167 45
81 168 45
81 169 53
81 170 63
81 171 53
81 172 53
81 173 53
81 174 44
81 175 47
81 176 47
81 177 47
81 178 47
81 179 47
81 180 46
81 181 58
81 182 58
81 183 58
81 184 58
81 185 58
81 186 58
81 187 58
81 188 58
81 189 57
82 117 64
82 118 60
82 119 64
82 120 64
82 121 60
82 122 34
82 123 22
82 132 6
82 133 6
82 134 6
82 135 5
82 136 5
82 137 5
82 138 4
82 140 5
82 141 5
82 142 4
82 158 29
82 159 48
82 160 45
82 161 41
82 162 41
82 163 40
82 164 43
82 165 44
82 166 45
82 167 45
82 168 45
82 169 53
82 170 53
82 171 77
82 172 54
82 173 57
82 174 62
82 175 47
82 176 47
82 177 47
82 178 47
82 179 47
82 180 58
82 181 58
82 182 58
82 183 58
82 184 58
82 185 58
82 186 58
82 187 58
82 188 58
82 189 58
82 190 54
83 117 90
83 118 69
83 119 76
83 120 54
83 121 41
83 122 34
83 123 21
83 131 6
83 132 6
83 133 6
83 134 6
83 135 6
83 136 6
83 137 5
83 138 5
83 139 5
83 140 5
83 141 5
83 142 4
83 143 4
83 158 29
83 159 47
83 160 45
83 161 41
83 162 41
83 163 40
83 164 43
83 165 44
83 166 46
83 167 45
83 168 45
83 169 53
83 170 53
83 171 55
83 172 54
83 173 54
83 174 62
83 175 48
83 176 47
83 177 47
83 178 47
83 179 58
83 180 58
83 181 58
83 182 58
83 183 58
83 184 58
83 185 58
83 186 58
83 187 58
83 188 58
83 189 58
83 190 55
84 115 53
84 116 54
84 117 90
84 118 73
84 119 65
84 120 53
84 121 33
84 122 34
84 131 6
84 132 6
84 133 6
84 134 6
84 135 6
84 136 6
84 137 6
84 138 5
84 139 5
84 140 5
84 141 4
84 142 4
84 159 46
84 160 46
84 161 41
84 162 41
84 163 40
84 164 43
84 165 45
84 166 45
84 167 45
84 168 45
84 169 45
84 170 53
84 171 53
84 172 54
84 173 54
84 174 57
84 175 48
84 176 47
84 177 59
84 178 58
84 179 58
84 180 58
84 181 58
84 182 58
84 183 58
84 184 58
84 185 58
84 186 58
84 187 58
84 188 58
84 189 58
84 190 56
85 114 54
85 115 54
85 116 83
85 117 80
85 118 64
85 119 64
85 120 54
85 121 34
85 122 34
85 130 5
85 131 5
85 132 6
85 133 6
85 134 6
85 135 6
85 136 6
85 137 6
85 138 5
85 139 5
85 140 5
85 141 4
85 142 4
85 159 46
85 160 43
85 161 43
85 162 40
85 163 43
85 164 44
85 165 45
85 166 45
85 167 46
85 168 45
85 169 45
85 170 54
85 171 53
85 172 54
85 173 54
85 174 58
85 175 60
85 176 59
85 177 59
85 178 59
85 179 59
85 180 58
85 181 58
85 182 58
85 183 58
85 184 58
85 185 58
85 186 58
85 187 58
85 188 58
85 189 56
85 190 56
85 191 55
86 113 54
86 114 54
86 115 54
86 116 73
86 117 80
86 118 47
86 119 54
86 120 42
86 121 34
86 122 34
86 129 4
86 130 5
86 131 5
86 132 5
86 133 4
86 134 6
86 135 6
86 136 6
86 137 5
86 138 5
86 139 5
86 140 4
86 141 4
86 142 4
86 159 46
86 160 43
86 161 42
86 162 40
86 163 44
86 164 44
86 165 45
86 166 46
86 167 46
86 168 46
86 169 46
86 170 53
86 171 53
86 172 53
86 173 57
86 174 57
86 175 49
86 176 59
86 177 59
86 178 59
86 179 59
86 180 59
86 181 58
86 182 58
86 183 59
86 184 59
86 185 58
86 186 58
86 187 58
86 188 58
86 189 56
86 190 56
86 191 56
87 111 53
87 112 54
87 113 54
87 114 54
87 115 54
87 116 80
87 117 69
87 118 47
87 119 54
87 120 35
87 121 34
87 122 21
87 129 5
87 130 5
87 131 5
87 132 5
87 133 4
87 134 4
87 135 4
87 136 6
87 137 6
87 138 5
87 139 5
87 140 5
87 141 4
87 158 48
87 159 47
87 160 42
87 161 40
87 162 53
87 163 44
87 164 44
87 165 45
87 166 46
87 167 45
87 168 46
87 169 45
87 170 53
87 171 53
87 172 53
87 173 57
87 174 57
87 175 49
87 176 49
87 177 59
87 178 59
87 179 59
87 180 59
87 181 59
87 182 59
87 183 59
87 184 59
87 185 59
87 186 59
87 187 58
87 188 56
87 189 56
87 190 56
88 110 54
88 111 54
88 112 54
88 113 54
88 114 54
88 115 54
88 116 80
88 117 42
88 118 77
88 119 72
88 120 34
88 121 34
88 122 21
88 129 5
88 130 5
88 131 5
88 132 5
88 133 5
88 134 4
88 135 4
88 136 4
88 138 5
88 139 5
88 140 4
88 158 48
88 159 48
88 160 43
88 161 40
88 162 44
88 163 44
88 164 43
88 165 45
88 166 45
88 167 46
88 168 45
88 169 46
88 170 48
88 171 54
88 172 63
88 173 57
88 174 57
88 175 65
88 176 49
88 177 48
88 178 59
88 179 59
88 180 59
88 181 59
88 182 59
88 183 59
88 184 59
88 185 59
88 186 55
88 187 56
88 188 56
88 189 56
88 190 56
89 109 54
89 110 54
89 111 54
89 112 54
89 113 54
89 114 54
89 115 54
89 116 80
89 117 42
89 118 85
89 119 64
89 120 34
89 121 34
89 122 21
89 129 5
89 130 5
89 131 5
89 132 5
89 133 4
89 134 4
89 135 4
89 137 4
89 138 4
89 158 48
89 159 48
89 160 44
89 161 40
89 162 44
89 163 44
89 164 43
89 165 45
89 166 45
89 167 45
89 168 46
89 169 46
89 170 47
89 171 54
89 172 63
89 173 53
89 174 57
89 175 62
89 176 49
89 177 49
89 178 48
89 179 46
89 180 59
89 181 59
89 182 59
89 183 59
89 184 59
89 185 56
89 186 56
89 187 56
89 188 56
89 189 56
89 190 56
90 109 54
90 110 54
90 111 54
90 112 54
90 113 54
90 114 54
90 115 54
90 116 77
90 117 42
90 118 77
90 119 54
90 120 34
90 121 34
90 122 21
90 129 4
90 130 4
90 131 4
90 132 4
90 133 4
90 134 4
90 135 4
90 136 4
90 137 4
90 158 47
90 159 48
90 160 45
90 161 41
90 162 44
90 163 43
90 164 44
90 165 43
90 166 46
90 167 45
90 168 46
90 169 46
90 170 46
90 171 54
90 172 63
90 173 53
90 174 57
90 175 62
90 176 49
90 177 49
90 178 49
90 179 48
90 180 46
90 181 46
90 182 59
90 183 56
90 184 56
90 185 56
90 186 56
90 187 56
90 188 56
90 189 56
91 108 54
91 109 54
91 110 54
91 111 54
91 112 54
91 113 54
91 114 54
91 115 54
91 116 77
91 117 42
91 118 57
91 119 54
91 120 34
91 121 34
91 129 4
91 130 4
91 131 4
91 132 4
91 133 4
91 134 4
91 135 4
91 136 4
91 158 47
91 159 48
91 160 48
91 161 41
91 162 43
91 163 44
91 164 43
91 165 43
91 166 45
91 167 46
91 168 46
91 169 46
91 170 46
91 171 53
91 172 53
91 173 53
91 174 53
91 175 62
91 176 49
91 177 49
91 178 49
91 179 48
91 180 46
91 181 56
91 182 56
91 183 56
91 184 56
91 185 57
91 186 57
91 187 57
91 188 57
91 189 56
92 108 54
92 109 54
92 110 54
92 111 54
92 112 54
92 113 54
92 114 54
92 115 54
92 116 69
92 117 62
92 118 54
92 119 41
92 120 34
92 121 34
92 129 4
92 130 4
92 131 4
92 132 4
92 133 4
92 134 4
92 135 4
92 159 48
92 160 64
92 161 41
92 162 44
92 163 43
92 164 43
92 165 43
92 166 45
92 167 46
92 168 46
92 169 46
92 170 46
92 171 47
92 172 63
92 173 53
92 174 53
92 175 62
92 176 49
92 177 49
92 178 48
92 179 59
92 180 57
92 181 57
92 182 57
92 183 56
92 184 56
92 185 57
92 186 57
92 187 57
92 188 57
92 189 57
93 108 54
93 109 54
93 110 54
93 111 54
93 112 54
93 113 54
93 114 54
93 115 93
93 116 69
93 117 75
93 118 54
93 119 33
93 120 34
93 121 21
93 124 4
93 129 4
93 130 4
93 131 4
93 132 4
93 133 4
93 134 4
93 159 47
93 160 64
93 161 40
93 162 43
93 163 43
93 164 43
93 165 43
93 166 45
93 167 46
93 168 46
93 169 46
93 170 46
93 171 45
93 172 53
93 173 53
93 174 53
93 175 62
93 176 86
93 177 61
93 178 60
93 179 59
93 180 57
93 181 57
93 182 57
93 183 57
93 184 57
93 185 57
93 186 57
93 187 57
93 188 57
93 189 57
94 108 54
94 109 54
94 110 54
94 111 54
94 112 54
94 113 54
94 114 54
94 115 93
94 116 53
94 117 79
94 118 54
94 119 34
94 120 34
94 130 4
94 131 4
94 132 4
94 133 4
94 159 48
94 160 64
94 161 41
94 162 43
94 163 43
94 164 42
94 165 42
94 166 46
94 167 46
94 168 46
94 169 46
94 170 46
94 171 45
94 172 54
94 173 53
94 174 53
94 175 62
94 176 66
94 177 60
94 178 60
94 179 59
94 180 58
94 181 57
94 182 57
94 183 57
94 184 57
94 185 57
94 186 57
94 187 57
94 188 57
95 108 54
95 109 54
95 110 54
95 111 54
95 112 54
95 113 54
95 114 54
95 115 92
95 116 53
95 117 80
95 118 33
95 119 34
95 120 34
95 131 4
95 132 4
95 133 4
95 159 48
95 160 47
95 161 43
95 162 40
95 163 42
95 164 42
95 165 42
95 166 46
95 167 46
95 168 45
95 169 45
95 170 46
95 171 45
95 172 54
95 173 54
95 174 53
95 175 58
95 176 66
95 177 60
95 178 59
95 179 59
95 180 58
95 181 58
95 182 57
95 183 57
95 184 57
95 185 57
95 186 57
95 187 53
96 109 54
96 110 54
96 111 54
96 112 54
96 113 54
96 114 54
96 115 83
96 116 43
96 117 54
96 118 34
96 119 34
96 120 21
96 159 48
96 160 47
96 161 43
96 162 61
96 163 42
96 164 42
96 165 43
96 166 46
96 167 46
96 168 45
96 169 45
96 170 45
96 171 45
96 172 54
96 173 63
96 174 53
96 175 59
96 176 66
96 177 49
96 178 59
96 179 59
96 180 58
96 181 58
96 182 58
96 183 57
96 184 57
96 185 53
96 186 53
96 187 53
96 188 53
97 109 54
97 110 54
97 111 54
97 112 54
97 113 54
97 114 54
97 115 73
97 116 43
97 117 56
97 118 34
97 119 34
97 159 48
97 160 47
97 161 43
97 162 73
97 163 42
97 164 42
97 165 42
97 166 46
97 167 46
97 168 45
97 169 45
97 170 45
97 171 45
97 172 54
97 173 63
97 174 54
97 175 59
97 176 77
97 177 49
97 178 48
97 179 59
97 180 59
97 181 58
97 182 58
97 183 57
97 184 53
97 185 53
97 186 53
97 187 53
97 188 53
98 110 54
98 111 54
98 112 54
98 113 54
98 114 54
98 115 80
98 116 74
98 117 50
98 118 34
98 119 34
98 159 48
98 160 47
98 161 42
98 162 73
98 163 42
98 164 42
98 165 42
98 166 42
98 167 45
98 168 45
98 169 45
98 170 45
98 171 45
98 172 54
98 173 63
98 174 53
98 175 59
98 176 75
98 177 49
98 178 48
98 179 59
98 180 59
98 181 54
98 182 53
98 183 53
98 184 53
98 185 53
98 186 53
98 187 53
98 188 53
99 111 54
99 112 54
99 114 88
99 115 66
99 116 85
99 117 34
99 118 33
99 119 34
99 159 47
99 160 42
99 161 42
99 162 73
99 163 42
99 164 55
99 165 42
99 166 42
99 167 45
99 168 45
99 169 45
99 170 45
99 171 45
99 172 45
99 173 53
99 174 53
99 175 58
99 176 66
99 177 61
99 178 61
99 179 56
99 180 56
99 181 55
99 182 54
99 183 54
99 184 53
99 185 53
99 186 53
99 187 53
99 188 53
100 114 80
100 115 48
100 116 89
100 117 34
100 118 33
100 119 21
100 159 47
100 160 42
100 161 42
100 162 72
100 163 52
100 164 43
100 165 42
100 166 42
100 167 45
100 168 44
100 169 45
100 170 44
100 171 45
100 172 44
100 173 53
100 174 53
100 175 54
100 176 62
100 177 61
100 178 61
100 179 60
100 180 56
100 181 55
100 182 55
100 183 54
100 184 54
100 185 54
100 186 54
100 187 53
100 188 53
101 114 56
101 115 64
101 116 84
101 117 34
101 118 33
101 159 30
101 160 42
101 161 42
101 162 42
101 163 52
101 164 43
101 165 43
101 166 42
101 167 43
101 168 45
101 169 44
101 170 43
101 171 44
101 172 44
101 173 53
101 174 53
101 175 53
101 176 62
101 177 49
101 178 61
101 179 61
101 180 56
101 181 56
101 182 55
101 183 55
101 184 54
101 185 54
101 186 54
101 187 54
102 114 48
102 115 80
102 116 57
102 117 34
102 118 33
102 159 30
102 160 42
102 161 42
102 162 42
102 163 72
102 164 43
102 165 43
102 166 42
102 167 43
102 168 44
102 169 44
102 170 44
102 171 44
102 172 44
102 173 45
102 174 53
102 175 53
102 176 62
102 177 49
102 178 61
102 179 61
102 180 60
102 181 56
102 182 56
102 183 55
102 184 55
102 185 54
102 186 54
103 113 88
103 114 48
103 115 80
103 116 58
103 117 42
103 118 33
103 159 30
103 160 41
103 161 42
103 162 41
103 163 73
103 164 42
103 165 42
103 166 42
103 167 43
103 168 44
103 169 44
103 170 44
103 171 45
103 172 45
103 173 45
103 174 62
103 175 53
103 176 62
103 177 66
103 178 61
103 179 60
103 180 60
103 181 56
103 182 56
103 183 55
103 184 55
104 113 59
104 114 64
104 115 79
104 116 58
104 117 42
104 118 36
104 159 30
104 160 41
104 161 42
104 162 41
104 163 41
104 164 42
104 165 42
104 166 42
104 167 43
104 168 43
104 169 44
104 170 44
104 171 45
104 172 45
104 173 45
104 174 63
104 175 58
104 176 73
104 177 66
104 178 49
104 179 60
104 180 60
104 181 59
104 182 56
104 183 55
105 113 60
105 114 64
105 115 80
105 116 65
105 117 34
105 118 36
105 159 49
105 160 41
105 161 41
105 162 41
105 163 41
105 164 72
105 165 42
105 166 43
105 167 43
105 168 43
105 169 44
105 170 44
105 171 45
105 172 45
105 173 45
105 174 63
105 175 58
105 176 58
105 177 76
105 178 62
105 179 59
105 180 59
105 181 59
106 113 60
106 114 64
106 115 80
106 116 56
106 117 34
106 118 25
106 159 49
106 160 41
106 161 41
106 162 41
106 163 41
106 164 73
106 165 44
106 166 43
106 167 43
106 168 43
106 169 44
106 170 44
106 171 45
106 172 45
106 173 44
106 174 53
106 175 54
106 176 58
106 177 73
106 178 62
106 179 62
106 180 59
106 181 59
107 113 65
107 114 54
107 115 82
107 116 50
107 117 34
107 159 49
107 160 41
107 161 41
107 162 41
107 163 41
107 164 73
107 165 44
107 166 43
107 167 43
107 168 43
107 169 42
107 170 44
107 171 44
107 172 44
107 173 44
107 174 53
107 175 53
107 176 58
107 177 63
107 178 62
107 179 62
107 180 59
107 181 58
107 182 58
108 113 65
108 114 54
108 115 82
108 116 42
108 117 34
108 159 49
108 160 41
108 161 41
108 162 41
108 163 41
108 164 73
108 165 44
108 166 43
108 167 43
108 168 43
108 169 42
108 170 42
108 171 44
108 172 44
108 173 44
108 174 53
108 175 53
108 176 58
108 177 63
108 178 62
108 179 62
108 180 58
108 181 58
108 182 58
109 113 65
109 114 54
109 115 64
109 116 34
109 117 34
109 118 21
109 159 43
109 160 41
109 161 41
109 162 41
109 163 43
109 164 73
109 165 44
109 166 43
109 167 43
109 168 43
109 169 42
109 170 42
109 171 45
109 172 44
109 173 44
109 174 53
109 175 53
109 176 58
109 177 62
109 178 61
109 179 61
109 180 58
109 181 58
109 182 57
109 183 57
110 113 60
110 114 54
110 115 55
110 116 34
110 117 34
110 118 21
110 159 32
110 160 41
110 161 41
110 162 43
110 163 43
110 164 62
110 165 44
110 166 43
110 167 42
110 168 42
110 169 42
110 170 42
110 171 53
110 172 44
110 173 43
110 174 47
110 175 53
110 176 58
110 177 62
110 178 49
110 179 61
110 180 61
110 181 57
110 182 57
110 183 57
110 184 57
111 113 48
111 114 54
111 115 54
111 116 34
111 117 34
111 118 21
111 159 32
111 160 48
111 161 41
111 162 43
111 163 43
111 164 52
111 165 44
111 166 42
111 167 43
111 168 41
111 169 42
111 170 42
111 171 42
111 172 43
111 173 43
111 174 44
111 175 53
111 176 67
111 177 62
111 178 49
111 179 61
111 180 61
111 181 57
111 182 57
111 183 57
111 184 57
112 113 48
112 114 80
112 115 54
112 116 34
112 117 34
112 118 21
112 159 32
112 160 48
112 161 43
112 162 44
112 163 56
112 164 62
112 165 44
112 166 44
112 167 42
112 168 42
112 169 42
112 170 41
112 171 41
112 172 53
112 173 43
112 174 44
112 175 53
112 176 53
112 177 62
112 178 49
112 179 61
112 180 61
112 181 57
112 182 57
112 183 57
112 184 57
112 185 57
113 112 64
113 113 48
113 114 56
113 115 54
113 116 33
113 117 34
113 160 59
113 161 43
113 162 43
113 163 43
113 164 47
113 165 43
113 166 44
113 167 42
113 168 42
113 169 42
113 170 42
113 171 41
113 172 41
113 173 43
113 174 42
113 175 77
113 176 53
113 177 62
113 178 49
113 179 60
113 180 60
113 181 60
113 182 57
113 183 57
113 184 57
113 185 57
114 112 48
114 113 48
114 114 53
114 115 54
114 116 33
114 117 34
114 160 48
114 161 41
114 162 43
114 163 43
114 164 42
114 165 73
114 166 44
114 167 42
114 168 42
114 169 42
114 170 42
114 171 42
114 172 40
114 173 43
114 174 43
114 175 77
114 176 53
114 177 57
114 178 49
114 179 60
114 180 60
114 181 60
114 182 57
114 183 57
114 184 57
114 185 56
115 112 48
115 113 77
115 114 54
115 115 54
115 116 33
115 117 34
115 160 48
115 161 47
115 162 43
115 163 43
115 164 42
115 165 74
115 166 44
115 167 42
115 168 42
115 169 42
115 170 42
115 171 42
115 172 43
115 173 41
115 174 42
115 175 76
115 176 77
115 177 57
115 178 65
115 179 60
115 180 60
115 181 60
115 182 56
115 183 56
115 184 56
116 112 48
116 113 64
116 114 54
116 115 54
116 116 33
116 117 34
116 161 47
116 162 43
116 163 42
116 164 42
116 165 73
116 166 44
116 167 42
116 168 42
116 169 41
116 170 42
116 171 41
116 172 43
116 173 41
116 174 42
116 175 66
116 176 77
116 177 57
116 178 65
116 179 48
116 180 60
116 181 59
116 182 59
116 183 56
116 184 55
117 111 67
117 112 60
117 113 47
117 114 54
117 115 34
117 116 34
117 117 34
117 161 47
117 162 42
117 163 42
117 164 42
117 165 55
117 166 43
117 167 42
117 168 41
117 169 41
117 170 41
117 171 41
117 172 43
117 173 43
117 174 40
117 175 66
117 176 76
117 177 77
117 178 65
117 179 48
117 180 59
117 181 59
117 182 59
117 183 55
117 184 55
118 111 60
118 112 86
118 113 46
118 114 54
118 115 33
118 116 34
118 117 34
118 160 29
118 161 46
118 162 42
118 163 42
118 164 42
118 165 43
118 166 43
118 167 41
118 168 41
118 169 41
118 170 41
118 171 42
118 172 42
118 173 42
118 174 40
118 175 57
118 176 66
118 177 77
118 178 62
118 179 65
118 180 59
118 181 59
118 182 59
118 183 59
119 111 48
119 112 51
119 113 46
119 114 34
119 115 33
119 116 34
119 117 21
119 160 29
119 161 46
119 162 42
119 163 42
119 164 42
119 165 42
119 166 41
119 167 43
119 168 42
119 169 40
119 170 41
119 171 42
119 172 42
119 173 42
119 174 40
119 175 41
119 176 66
119 177 77
119 178 61
119 179 65
119 180 48
119 181 59
119 182 59
119 183 59
120 110 60
120 111 77
120 112 46
120 113 46
120 114 33
120 115 34
120 116 34
120 160 29
120 161 46
120 162 42
120 163 42
120 164 60
120 165 42
120 166 43
120 167 43
120 168 41
120 169 41
120 170 40
120 171 42
120 172 42
120 173 42
120 174 40
120 175 41
120 176 66
120 177 77
120 178 56
120 179 65
120 180 48
120 181 59
120 182 59
120 183 59
121 109 64
121 110 48
121 111 61
121 112 46
121 113 53
121 114 33
121 115 34
121 116 34
121 160 29
121 161 46
121 162 42
121 163 42
121 164 55
121 165 42
121 166 43
121 167 43
121 168 41
121 169 41
121 170 39
121 171 42
121 172 42
121 173 42
121 174 40
121 175 41
121 176 50
121 177 77
121 178 79
121 179 61
121 180 77
121 181 59
121 182 59
121 183 59
122 109 48
122 110 48
122 111 70
122 112 46
122 113 53
122 114 33
122 115 34
122 116 33
122 160 29
122 161 46
122 162 42
122 163 42
122 164 55
122 165 42
122 166 43
122 167 41
122 168 41
122 169 41
122 170 41
122 171 41
122 172 41
122 173 41
122 174 41
122 175 41
122 176 50
122 177 77
122 178 77
122 179 56
122 180 65
122 181 48
122 182 59
122 183 55
123 108 66
123 109 48
123 110 80
123 111 46
123 112 46
123 113 33
123 114 33
123 115 34
123 116 21
123 160 29
123 161 46
123 162 42
123 163 42
123 164 42
123 165 42
123 166 43
123 167 41
123 168 41
123 169 41
123 170 41
123 171 39
123 172 41
123 173 41
123 174 42
123 175 41
123 176 56
123 177 76
123 178 77
123 179 56
123 180 64
123 181 48
123 182 58
123 183 55
124 108 47
124 109 48
124 110 70
124 111 46
124 112 53
124 113 33
124 114 33
124 115 34
124 116 21
124 160 29
124 161 46
124 162 42
124 163 42
124 164 41
124 165 42
124 166 43
124 167 41
124 168 41
124 169 41
124 170 41
124 171 39
124 172 41
124 173 41
124 174 42
124 175 41
124 176 41
124 177 50
124 178 53
124 179 56
124 180 61
124 181 47
124 182 55
125 108 47
125 109 76
125 110 61
125 111 47
125 112 55
125 113 33
125 114 34
125 115 21
125 116 21
125 160 29
125 161 46
125 162 72
125 163 42
125 164 41
125 165 42
125 166 41
125 167 40
125 168 40
125 169 40
125 170 40
125 171 39
125 172 41
125 173 42
125 174 42
125 175 42
125 176 41
125 177 51
125 178 53
125 179 56
125 180 61
125 181 58
126 107 53
126 108 47
126 109 95
126 110 61
126 111 53
126 112 41
126 113 34
126 114 34
126 115 21
126 116 21
126 160 46
126 161 43
126 162 42
126 163 42
126 164 42
126 165 51
126 166 41
126 167 42
126 168 41
126 169 40
126 170 40
126 171 39
126 172 41
126 173 42
126 174 42
126 175 43
126 176 43
126 177 57
126 178 53
126 179 56
126 180 60
127 107 53
127 108 48
127 109 62
127 110 61
127 111 63
127 112 33
127 113 34
127 114 34
127 115 34
127 116 21
127 159 29
127 160 46
127 161 42
127 162 55
127 163 42
127 164 51
127 165 51
127 166 51
127 167 42
127 168 41
127 169 40
127 170 40
127 171 39
127 172 41
127 173 42
127 174 43
127 175 42
127 176 42
127 177 58
127 178 57
127 179 67
127 180 84
128 107 64
128 108 48
128 109 93
128 110 65
128 111 63
128 112 33
128 113 34
128 114 34
128 115 34
128 116 21
128 159 28
128 160 47
128 161 61
128 162 42
128 163 42
128 164 51
128 165 51
128 166 43
128 167 41
128 168 41
128 169 40
128 170 40
128 171 39
128 172 40
128 173 41
128 174 42
128 175 42
128 176 43
128 177 53
128 178 57
128 179 71
128 180 57
129 108 48
129 109 77
129 110 65
129 111 54
129 112 34
129 113 34
129 114 34
129 115 34
129 116 21
129 159 46
129 160 47
129 161 61
129 162 43
129 163 42
129 164 42
129 165 42
129 166 43
129 167 41
129 168 41
129 169 40
129 170 40
129 171 39
129 172 40
129 173 41
129 174 42
129 175 43
129 176 47
129 177 66
129 178 57
129 179 69
129 180 57
130 108 64
130 109 48
130 110 61
130 111 55
130 112 42
130 113 34
130 114 34
130 115 34
130 116 34
130 117 21
130 159 46
130 160 46
130 161 72
130 162 58
130 163 58
130 164 42
130 165 43
130 166 41
130 167 41
130 168 44
130 169 40
130 170 40
130 171 39
130 172 40
130 173 42
130 174 42
130 175 43
130 176 58
130 177 57
130 178 67
130 179 83
130 180 57
131 109 60
131 110 77
131 111 56
131 112 60
131 113 34
131 114 34
131 115 34
131 116 34
131 117 34
131 159 46
131 160 46
131 161 43
131 162 42
131 163 42
131 164 42
131 165 44
131 166 41
131 167 44
131 168 43
131 169 40
131 170 40
131 171 39
131 172 39
131 173 42
131 174 42
131 175 43
131 176 52
131 177 57
131 178 71
131 179 57
131 180 57
132 109 71
132 110 48
132 111 51
132 112 55
132 113 34
132 114 34
132 115 34
132 116 34
132 117 34
132 118 34
132 159 46
132 160 46
132 161 55
132 162 42
132 163 42
132 164 44
132 165 44
132 166 43
132 167 41
132 168 40
132 169 40
132 170 40
132 171 39
132 172 40
132 173 42
132 174 42
132 175 53
132 176 52
132 177 66
132 178 69
132 179 57
132 180 57
133 110 61
133 111 98
133 112 54
133 113 42
133 114 34
133 115 34
133 116 33
133 117 34
133 118 34
133 119 21
133 159 63
133 160 46
133 161 55
133 162 42
133 163 42
133 164 42
133 165 44
133 166 41
133 167 41
133 168 40
133 169 40
133 170 40
133 171 39
133 172 39
133 173 41
133 174 43
133 175 52
133 176 66
133 177 70
133 178 57
133 179 57
134 110 63
134 111 48
134 112 61
134 113 56
134 114 34
134 115 34
134 116 34
134 117 33
134 118 33
134 119 33
134 159 46
134 160 46
134 161 55
134 162 42
134 163 42
134 164 43
134 165 42
134 166 41
134 167 41
134 168 40
134 169 40
134 170 41
134 171 39
134 172 39
134 173 41
134 174 57
134 175 52
134 176 67
134 177 70
134 178 57
134 179 57
135 110 71
135 111 47
135 112 65
135 113 68
135 114 34
135 115 34
135 116 34
135 117 34
135 118 33
135 119 33
135 159 46
135 160 46
135 161 42
135 162 43
135 163 43
135 164 43
135 165 43
135 166 41
135 167 41
135 168 41
135 169 41
135 170 41
135 171 39
135 172 39
135 173 41
135 174 57
135 175 56
135 176 70
135 177 73
135 178 57
136 110 65
136 111 68
136 112 83
136 113 78
136 114 34
136 115 34
136 116 34
136 117 34
136 118 33
136 119 33
136 120 20
136 159 46
136 160 58
136 161 46
136 162 43
136 163 43
136 164 43
136 165 43
136 166 42
136 167 42
136 168 40
136 169 40
136 170 40
136 171 40
136 172 41
136 173 57
136 174 51
136 175 56
136 176 70
136 177 59
137 111 71
137 112 69
137 113 78
137 114 34
137 115 34
137 116 34
137 117 34
137 118 33
137 119 33
137 120 20
137 160 46
137 161 46
137 162 43
137 163 43
137 164 43
137 165 43
137 166 42
137 167 42
137 168 42
137 169 40
137 170 40
137 171 40
137 172 42
137 173 57
137 174 52
137 175 56
137 176 70
137 177 58
138 111 71
138 112 61
138 113 56
138 114 34
138 115 34
138 116 34
138 117 33
138 118 33
138 119 33
138 120 20
138 160 58
138 161 46
138 162 43
138 163 45
138 164 43
138 165 43
138 166 42
138 167 42
138 168 42
138 169 42
138 170 40
138 171 42
138 172 42
138 173 57
138 174 68
138 175 68
138 176 70
139 111 71
139 112 75
139 113 61
139 114 34
139 115 34
139 116 33
139 117 33
139 118 33
139 119 33
139 120 33
139 160 58
139 161 74
139 162 46
139 163 46
139 164 44
139 165 43
139 166 42
139 167 42
139 168 42
139 169 42
139 170 42
139 171 41
139 172 57
139 173 61
139 174 68
139 175 66
139 176 84
140 111 71
140 112 47
140 113 61
140 114 33
140 115 34
140 116 33
140 117 33
140 118 33
140 119 33
140 120 33
140 121 20
140 160 46
140 161 81
140 162 46
140 163 46
140 164 44
140 165 44
140 166 43
140 167 43
140 168 43
140 169 43
140 170 41
140 171 42
140 172 57
140 173 62
140 174 67
140 175 66
140 176 63
141 111 62
141 112 47
141 113 61
141 114 86
141 115 34
141 116 33
141 117 33
141 118 33
141 119 33
141 120 33
141 121 33
141 160 46
141 161 81
141 162 46
141 163 46
141 164 44
141 165 44
141 166 43
141 167 43
141 168 43
141 169 41
141 170 42
141 171 42
141 172 57
141 173 62
141 174 67
141 175 70
142 111 62
142 112 47
142 113 95
142 114 68
142 115 33
142 116 34
142 117 33
142 118 33
142 119 33
142 120 33
142 121 33
142 122 20
142 160 46
142 161 75
142 162 46
142 163 46
142 164 44
142 165 44
142 166 43
142 167 42
142 168 42
142 169 42
142 170 42
142 171 44
142 172 57
142 173 57
142 174 66
142 175 43
143 111 62
143 112 47
143 113 75
143 114 61
143 115 77
143 116 33
143 117 33
143 118 33
143 119 33
143 120 33
143 121 33
143 122 33
143 160 46
143 161 50
143 162 46
143 163 46
143 164 44
143 165 44
143 166 44
143 167 43
143 168 43
143 169 42
143 170 43
143 171 43
143 172 62
143 173 67
143 174 52
143 175 62
144 112 47
144 113 47
144 114 94
144 115 75
144 116 33
144 117 33
144 118 33
144 119 33
144 120 33
144 121 33
144 122 33
144 123 33
144 160 46
144 161 47
144 162 47
144 163 44
144 164 45
144 165 44
144 166 44
144 167 43
144 168 43
144 169 43
144 170 44
144 171 48
144 172 62
144 173 67
144 174 43
145 112 63
145 113 47
145 114 47
145 115 47
145 116 68
145 117 33
145 118 33
145 119 33
145 120 33
145 121 33
145 122 33
145 123 33
145 160 47
145 161 58
145 162 47
145 163 45
145 164 45
145 165 44
145 166 43
145 167 43
145 168 43
145 169 44
145 170 44
145 171 62
145 172 72
145 173 52
145 174 43
146 113 47
146 114 47
146 115 55
146 116 47
146 117 67
146 118 45
146 119 33
146 120 34
146 121 34
146 122 33
146 123 33
146 124 25
146 160 29
146 161 58
146 162 47
146 163 47
146 164 46
146 165 45
146 166 45
146 167 45
146 168 44
146 169 44
146 170 44
146 171 62
146 172 35
146 173 75
147 114 47
147 115 47
147 116 50
147 117 47
147 118 71
147 119 55
147 120 34
147 121 50
147 122 34
147 123 34
147 124 25
147 160 29
147 161 71
147 162 58
147 163 58
147 164 46
147 165 45
147 166 45
147 167 45
147 168 45
147 169 44
147 170 62
147 171 73
147 172 37
147 173 43
148 115 46
148 116 75
148 117 58
148 118 46
148 119 53
148 120 49
148 121 34
148 122 50
148 123 33
148 124 26
148 160 40
148 161 47
148 162 58
148 163 46
148 164 46
148 165 47
148 166 46
148 167 44
148 168 44
148 169 46
148 170 73
148 171 35
148 172 52
148 173 62
149 116 46
149 117 55
149 118 46
149 119 46
149 120 53
149 121 34
149 122 34
149 123 34
149 124 25
149 160 58
149 161 47
149 162 46
149 163 46
149 164 46
149 165 46
149 166 46
149 167 48
149 168 46
149 169 73
149 170 37
149 171 37
149 172 64
150 117 46
150 118 46
150 119 46
150 120 46
150 121 50
150 122 34
150 123 33
150 124 25
150 160 60
150 161 47
150 162 58
150 163 46
150 164 46
150 165 46
150 166 47
150 167 49
150 168 80
150 169 40
150 170 46
150 171 87
151 117 51
151 118 75
151 119 46
151 120 46
151 121 59
151 122 34
151 123 34
151 160 50
151 161 46
151 162 74
151 163 46
151 164 48
151 165 48
151 166 88
151 167 88
151 168 53
151 169 66
152 118 46
152 119 46
152 120 46
152 121 59
152 122 34
152 123 34
152 160 50
152 161 46
152 162 58
152 163 46
152 164 47
152 165 88
152 166 70
152 167 65
152 168 64
153 118 46
153 119 46
153 120 46
153 121 59
153 122 34
153 123 34
153 160 47
153 161 93
153 162 58
153 163 46
153 164 54
153 165 88
153 166 45
153 167 64
154 118 46
154 119 46
154 120 46
154 121 41
154 122 34
154 160 29
154 161 78
154 162 47
154 163 46
154 164 64
154 165 34
154 166 56
155 118 46
155 119 46
155 120 46
155 121 34
155 122 34
155 160 49
155 161 78
155 162 47
155 163 46
155 164 53
155 165 34
155 166 56
156 117 63
156 118 74
156 119 46
156 120 74
156 121 34
156 122 34
156 160 63
156 161 55
156 162 58
156 163 47
156 164 58
156 165 34
156 166 35
157 117 51
157 118 71
157 119 46
157 120 83
157 121 34
157 122 25
157 160 58
157 161 55
157 162 58
157 163 47
157 164 58
157 165 34
157 166 34
158 117 46
158 118 71
158 119 46
158 120 83
158 121 34
158 160 75
158 161 58
158 162 46
158 163 46
158 164 54
158 165 34
158 166 34
159 117 47
159 118 50
159 119 46
159 120 74
159 121 34
159 143 29
159 144 29
159 145 29
159 160 46
159 161 59
159 162 46
159 163 46
159 164 78
159 165 34
159 166 35
159 167 63
160 117 46
160 118 50
160 119 46
160 120 74
160 121 34
160 143 29
160 144 45
160 145 45
160 160 46
160 161 59
160 162 46
160 163 46
160 164 63
160 165 34
160 166 35
160 167 64
161 117 46
161 118 50
161 119 46
161 120 74
161 121 34
161 143 45
161 144 45
161 145 45
161 160 46
161 161 46
161 162 46
161 163 58
161 164 54
161 165 34
161 166 35
161 167 64
162 117 46
162 118 50
162 119 46
162 120 74
162 121 34
162 143 45
162 144 34
162 145 34
162 160 58
162 161 46
162 162 46
162 163 46
162 164 68
162 165 34
162 166 35
162 167 64
163 117 47
163 118 50
163 119 46
163 120 67
163 121 34
163 143 35
163 144 35
163 145 35
163 160 46
163 161 46
163 162 46
163 163 59
163 164 59
163 165 34
163 166 35
163 167 64
164 117 47
164 118 46
164 119 46
164 120 34
164 121 34
164 143 35
164 144 35
164 145 35
164 160 47
164 161 46
164 162 46
164 163 48
164 164 54
164 165 34
164 166 34
164 167 64
165 117 46
165 118 46
165 119 74
165 120 34
165 121 34
165 143 35
165 144 35
165 145 35
165 160 47
165 161 46
165 162 46
165 163 48
165 164 54
165 165 35
165 166 35
166 116 63
166 117 46
166 118 46
166 119 74
166 120 34
166 121 34
166 142 26
166 143 35
166 144 35
166 145 35
166 160 58
166 161 46
166 162 46
166 163 46
166 164 55
166 165 35
166 166 35
167 116 63
167 117 75
167 118 46
167 119 75
167 120 34
167 121 34
167 142 46
167 143 35
167 144 35
167 145 35
167 160 46
167 161 46
167 162 58
167 163 46
167 164 55
167 165 35
167 166 34
168 116 63
168 117 75
168 118 46
168 119 75
168 120 42
168 121 34
168 142 46
168 143 35
168 144 35
168 145 35
168 159 29
168 160 46
168 161 46
168 162 58
168 163 46
168 164 54
168 165 34
168 166 34
169 116 63
169 117 75
169 118 46
169 119 92
169 120 42
169 121 34
169 142 60
169 143 35
169 144 35
169 145 35
169 159 29
169 160 81
169 161 46
169 162 46
169 163 46
169 164 59
169 165 34
169 166 34
170 117 46
170 118 46
170 119 92
170 120 42
170 121 34
170 141 50
170 142 55
170 143 42
170 144 34
170 145 35
170 159 47
170 160 93
170 161 46
170 162 46
170 163 58
170 164 71
170 165 34
170 166 57
171 117 46
171 118 50
171 119 91
171 120 42
171 121 34
171 141 60
171 142 55
171 143 54
171 144 42
171 145 34
171 146 35
171 159 47
171 160 75
171 161 46
171 162 46
171 163 46
171 164 34
171 165 35
171 166 48
172 117 52
172 118 75
172 119 92
172 120 42
172 121 34
172 140 30
172 141 55
172 142 54
172 143 54
172 144 54
172 145 34
172 146 34
172 159 60
172 160 46
172 161 46
172 162 46
172 163 46
172 164 34
172 165 35
173 117 63
173 118 46
173 119 92
173 120 42
173 121 34
173 140 65
173 141 55
173 142 64
173 143 64
173 144 54
173 145 34
173 146 34
173 147 22
173 159 81
173 160 46
173 161 46
173 162 46
173 163 84
173 164 34
173 165 51
174 118 46
174 119 46
174 120 59
174 121 34
174 139 30
174 140 79
174 141 79
174 142 54
174 143 54
174 144 54
174 145 34
174 146 35
174 147 35
174 158 46
174 159 107
174 160 46
174 161 46
174 162 58
174 163 90
174 164 34
174 165 57
175 118 75
175 119 46
175 120 77
175 121 34
175 139 60
175 140 87
175 141 84
175 142 75
175 143 46
175 144 54
175 145 34
175 146 35
175 147 35
175 158 60
175 159 74
175 160 46
175 161 46
175 162 46
175 163 34
175 164 34
175 165 57
176 118 75
176 119 46
176 120 77
176 121 34
176 138 60
176 139 108
176 140 91
176 141 116
176 142 46
176 143 47
176 144 47
176 145 54
176 146 35
176 147 35
176 158 75
176 159 46
176 160 46
176 161 46
176 162 46
176 163 34
176 164 34
176 165 78
177 118 75
177 119 46
177 120 67
177 121 56
177 137 51
177 138 94
177 139 94
177 140 91
177 141 94
177 142 79
177 143 46
177 144 47
177 145 59
177 146 35
177 147 26
177 158 64
177 159 46
177 160 46
177 161 46
177 162 59
177 163 34
177 164 37
178 118 46
178 119 46
178 120 67
178 121 25
178 137 65
178 138 65
178 139 65
178 140 96
178 141 52
178 142 93
178 143 46
178 144 46
178 145 48
178 146 35
178 147 26
178 157 49
178 158 75
178 159 46
178 160 47
178 161 47
178 162 71
178 163 35
178 164 58
179 119 46
179 120 60
179 136 60
179 137 47
179 138 47
179 139 69
179 140 88
179 141 63
179 142 75
179 143 46
179 144 46
179 145 48
179 146 35
179 147 27
179 157 49
179 158 75
179 159 47
179 160 46
179 161 63
179 162 34
179 163 35
179 164 48
180 119 50
180 120 60
180 136 48
180 137 65
180 138 47
180 139 79
180 142 75
180 143 46
180 144 46
180 145 48
180 146 35
180 147 27
180 157 75
180 158 46
180 159 47
180 160 46
180 161 59
180 162 35
180 163 35
181 119 60
181 120 60
181 121 34
181 136 62
181 137 47
181 138 47
181 139 88
181 142 47
181 143 46
181 144 46
181 145 48
181 146 35
181 157 71
181 158 47
181 159 47
181 160 47
181 161 70
181 162 35
181 163 37
182 119 64
182 120 82
182 121 34
182 136 101
182 137 47
182 138 47
182 142 66
182 143 47
182 144 47
182 145 47
182 146 35
182 156 43
182 157 71
182 158 47
182 159 47
182 160 58
182 161 69
182 162 35
182 163 37
183 119 63
183 120 82
183 121 37
183 136 96
183 137 48
183 138 56
183 142 64
183 143 47
183 144 47
183 145 60
183 146 35
183 147 22
183 156 46
183 157 75
183 158 47
183 159 58
183 160 46
183 161 34
183 162 35
183 163 37
184 119 64
184 120 82
184 121 46
184 136 77
184 137 48
184 138 72
184 142 64
184 143 47
184 144 47
184 145 59
184 146 35
184 147 22
184 156 46
184 157 75
184 158 47
184 159 58
184 160 47
184 161 34
184 162 35
184 163 37
184 164 64
185 119 64
185 120 96
185 121 46
185 122 28
185 136 89
185 137 50
185 138 66
185 142 64
185 143 47
185 144 47
185 145 47
185 146 35
185 147 58
185 156 75
185 157 47
185 158 47
185 159 46
185 160 54
185 161 34
185 162 35
185 163 37
185 164 64
186 119 50
186 120 96
186 121 50
186 122 28
186 135 30
186 136 101
186 137 55
186 138 66
186 143 47
186 144 47
186 145 48
186 146 35
186 147 58
186 156 85
186 157 47
186 158 47
186 159 46
186 160 54
186 161 34
186 162 35
186 163 37
187 119 60
187 120 81
187 121 50
187 135 30
187 136 89
187 137 49
187 138 64
187 143 76
187 144 47
187 145 59
187 146 35
187 147 27
187 156 64
187 157 47
187 158 47
187 159 46
187 160 54
187 161 34
187 162 35
187 163 37
188 119 68
188 120 58
188 121 49
188 135 65
188 136 77
188 137 49
188 143 47
188 144 47
188 145 87
188 146 35
188 147 27
188 156 41
188 157 46
188 158 47
188 159 48
188 160 55
188 161 69
188 162 35
188 163 37
189 119 63
189 120 46
189 121 53
189 135 77
189 136 77
189 137 64
189 144 55
189 145 83
189 146 35
189 147 27
189 156 29
189 157 46
189 158 46
189 159 48
189 160 64
189 161 70
189 162 35
189 163 37
190 119 64
190 120 74
190 121 53
190 135 77
190 136 77
190 137 57
190 144 47
190 145 83
190 146 35
190 147 27
190 157 75
190 158 48
190 159 48
190 160 91
190 161 71
190 162 34
190 163 37
191 119 46
191 120 75
191 121 74
191 134 30
191 135 66
191 136 108
191 137 53
191 144 52
191 145 84
191 146 36
191 147 27
191 157 75
191 158 48
191 159 48
191 160 71
191 161 71
191 162 34
191 163 37
192 119 47
192 120 75
192 121 83
192 134 70
192 135 66
192 136 71
192 137 64
192 144 64
192 145 78
192 146 65
192 147 53
192 156 29
192 157 74
192 158 48
192 159 54
192 160 71
192 161 70
192 162 34
192 163 37
193 119 50
193 120 75
193 121 74
193 134 70
193 135 72
193 136 40
193 145 47
193 146 55
193 147 36
193 156 80
193 157 46
193 158 48
193 159 54
193 160 71
193 161 34
193 162 37
193 163 48
194 119 50
194 120 75
194 121 74
194 134 66
194 135 111
194 136 53
194 145 46
194 146 60
194 147 44
194 156 78
194 157 46
194 158 47
194 159 54
194 160 70
194 161 34
194 162 37
194 163 64
195 118 64
195 119 46
195 120 75
195 121 77
195 135 111
195 136 53
195 145 46
195 146 48
195 147 44
195 156 74
195 157 46
195 158 46
195 159 54
195 160 70
195 161 34
195 162 37
195 163 64
196 118 64
196 119 58
196 120 83
196 121 59
196 135 53
196 136 53
196 145 60
196 146 48
196 147 29
196 156 80
196 157 46
196 158 46
196 159 54
196 160 34
196 161 34
196 162 35
196 163 64
197 118 64
197 119 58
197 120 84
197 121 44
197 135 48
197 136 96
197 144 64
197 145 46
197 146 48
197 156 80
197 157 46
197 158 46
197 159 47
197 160 70
197 161 34
197 162 35
197 163 52
198 119 81
198 120 83
198 121 31
198 136 122
198 144 64
198 145 48
198 146 48
198 156 77
198 157 46
198 158 46
198 159 46
198 160 70
198 161 34
198 162 34
198 163 37
199 119 77
199 120 83
199 121 31
199 136 90
199 144 67
199 145 48
199 146 87
199 156 78
199 157 46
199 158 46
199 159 46
199 160 69
199 161 34
199 162 34
199 163 37
200 119 106
200 120 84
200 121 38
200 136 54
200 144 47
200 145 48
200 146 56
200 156 98
200 157 46
200 158 46
200 159 46
200 160 69
200 161 35
200 162 34
200 163 37
201 119 64
201 120 93
201 121 60
201 136 78
201 144 95
201 145 48
201 146 57
201 156 40
201 157 46
201 158 46
201 159 48
201 160 34
201 161 35
201 162 35
201 163 35
202 120 106
202 121 79
202 136 78
202 144 94
202 145 48
202 146 60
202 157 46
202 158 46
202 159 48
202 160 70
202 161 35
202 162 35
202 163 35
203 120 105
203 121 88
203 136 76
203 144 76
203 145 48
203 146 44
203 157 46
203 158 46
203 159 48
203 160 70
203 161 35
203 162 35
203 163 58
204 120 89
204 121 91
204 122 29
204 136 101
204 144 66
204 145 48
204 146 44
204 157 46
204 158 46
204 159 48
204 160 72
204 161 35
204 162 35
204 163 63
205 120 89
205 121 72
205 136 113
205 144 70
205 145 48
205 146 36
205 157 46
205 158 46
205 159 48
205 160 91
205 161 35
205 162 35
205 163 64
206 120 89
206 121 50
206 136 87
206 144 60
206 145 60
206 146 36
206 157 93
206 158 46
206 159 48
206 160 94
206 161 35
206 162 35
206 163 64
207 120 130
207 121 32
207 136 106
207 143 89
207 144 48
207 145 84
207 146 35
207 157 94
207 158 47
207 159 47
207 160 55
207 161 35
207 162 38
208 120 135
208 136 97
208 143 107
208 144 48
208 145 101
208 146 43
208 157 94
208 158 46
208 159 47
208 160 55
208 161 35
208 162 38
209 120 114
209 136 47
209 137 65
209 143 90
209 144 48
209 145 96
209 146 66
209 157 82
209 158 47
209 159 47
209 160 92
209 161 35
209 162 64
210 119 64
210 120 68
210 136 30
210 137 90
210 144 48
210 145 77
210 146 67
210 157 76
210 158 47
210 159 48
210 160 35
210 161 35
211 119 106
211 120 49
211 137 107
211 144 52
211 145 48
211 146 74
211 156 65
211 157 64
211 158 47
211 159 69
211 160 35
211 161 64
212 119 129
212 137 109
212 144 81
212 145 48
212 146 66
212 156 65
212 157 47
212 158 49
212 159 71
212 160 35
212 161 64
213 119 138
213 137 91
213 144 65
213 145 48
213 146 60
213 156 65
213 157 47
213 158 69
213 159 35
213 160 35
214 119 139
214 137 92
214 144 65
214 145 60
214 146 53
214 156 47
214 157 95
214 158 80
214 159 35
214 160 89
215 119 130
215 137 92
215 144 65
215 145 90
215 146 39
215 157 85
215 158 80
215 159 35
215 160 64
216 119 93
216 120 38
216 137 92
216 144 65
216 145 84
216 157 29
216 158 52
216 159 35
217 119 96
217 120 78
217 137 91
217 144 108
217 145 89
217 158 95
217 159 35
218 119 61
218 120 92
218 136 30
218 137 91
218 144 111
218 145 39
218 158 78
218 159 35
219 119 61
219 120 94
219 136 74
219 137 66
219 144 87
219 157 30
219 158 65
219 159 71
220 119 65
220 120 47
220 121 75
220 136 114
220 144 67
220 145 30
220 157 30
220 158 74
220 159 94
220 160 64
221 120 66
221 121 62
221 135 90
221 136 92
221 144 52
221 145 83
221 157 30
221 158 84
221 159 94
221 160 64
222 121 65
222 122 105
222 123 27
222 134 80
222 135 100
222 144 66
222 145 87
222 158 76
222 159 47
223 122 81
223 123 54
223 133 62
223 134 120
223 144 95
223 145 77
223 146 52
223 158 96
223 159 68
224 123 109
224 124 38
224 132 26
224 133 97
224 134 65
224 145 57
224 146 70
224 158 102
225 123 64
225 124 41
225 132 56
225 133 124
225 145 89
225 146 87
225 157 70
225 158 65
226 124 47
226 132 77
226 146 76
226 147 48
226 157 117
227 124 36
227 131 35
227 132 106
227 146 64
227 147 83
227 156 82
228 124 51
228 130 21
228 131 43
228 132 132
228 147 100
228 155 62
228 156 120
229 123 64
229 124 102
229 125 22
229 126 22
229 128 22
229 129 21
229 130 21
229 131 61
229 132 139
229 147 89
229 148 30
229 149 30
229 153 26
229 154 70
229 155 105
229 156 89
230 123 64
230 124 129
230 125 51
230 126 21
230 127 21
230 128 21
230 129 21
230 130 35
230 131 95
230 132 89
230 148 34
230 149 30
230 150 30
230 151 30
230 152 40
230 153 85
230 154 106
230 155 114
230 156 106
231 122 63
231 123 64
231 124 117
231 125 77
231 126 21
231 127 21
231 128 21
231 129 21
231 130 35
231 131 121
231 147 64
231 148 34
231 149 29
231 150 29
231 151 29
231 152 64
231 153 83
231 154 119
231 155 90
231 156 106
232 122 63
232 123 63
232 124 116
232 125 93
232 126 21
232 127 21
232 128 21
232 129 21
232 130 35
232 131 118
232 148 60
232 149 30
232 150 30
232 151 30
232 152 41
232 153 106
232 154 113
232 155 101
232 156 64
233 122 63
233 123 63
233 124 121
233 125 80
233 126 34
233 127 21
233 128 21
233 129 21
233 130 43
233 131 64
233 148 113
233 149 29
233 150 29
233 151 29
233 152 36
233 153 68
233 154 91
233 155 104
233 156 63
234 122 63
234 123 138
234 124 91
234 125 39
234 126 34
234 127 34
234 128 21
234 129 35
234 130 92
234 148 118
234 149 68
234 150 29
234 151 29
234 152 40
234 153 40
234 154 110
234 155 104
234 156 63
235 122 125
235 123 86
235 124 40
235 125 33
235 126 34
235 127 34
235 128 42
235 129 54
235 130 87
235 149 130
235 150 37
235 151 37
235 152 37
235 153 39
235 154 69
235 155 122
235 156 63
236 122 132
236 123 61
236 124 39
236 125 33
236 126 33
236 127 34
236 128 55
236 129 126
236 150 98
236 151 37
236 152 37
236 153 37
236 154 52
236 155 126
236 156 115
237 122 103
237 123 75
237 124 39
237 125 33
237 126 33
237 127 68
237 128 129
237 150 142
237 151 59
237 152 37
237 153 51
237 154 48
237 155 114
237 156 124
237 157 88
238 123 103
238 124 93
238 125 85
238 126 128
238 151 118
238 152 81
238 153 53
238 154 69
238 155 99
238 156 126
238 157 103
238 158 63
239 152 124
239 153 116
239 154 126
239 155 114
239 156 103
239 157 63
