12 177 61
12 178 61
13 175 61
13 176 61
13 177 61
13 178 61
13 179 61
14 174 61
14 175 62
14 176 63
14 177 62
14 178 62
14 179 61
14 180 61
15 174 62
15 175 63
15 176 63
15 177 63
15 178 62
15 179 62
15 180 61
16 173 61
16 174 63
16 175 63
16 176 63
16 177 63
16 178 62
16 179 62
16 180 61
17 173 63
17 174 49
17 175 49
17 176 49
17 177 49
17 178 49
17 179 62
17 180 62
17 181 61
18 173 49
18 174 49
18 175 49
18 176 49
18 177 49
18 178 49
18 179 49
18 180 62
18 181 61
19 172 61
19 173 49
19 174 49
19 175 49
19 176 49
19 177 49
19 178 49
19 179 49
19 180 49
19 181 62
19 182 61
20 172 61
20 173 49
20 174 49
20 175 49
20 176 49
20 177 49
20 178 49
20 179 49
20 180 49
20 181 62
20 182 62
21 172 61
21 173 49
21 174 49
21 175 49
21 176 50
21 177 50
21 178 50
21 179 50
21 180 50
21 181 50
21 182 62
21 183 62
22 172 61
22 173 49
22 174 50
22 175 50
22 176 50
22 177 50
22 178 50
22 179 50
22 180 50
22 181 50
22 182 63
22 183 62
23 172 61
23 173 49
23 174 50
23 175 50
23 176 50
23 177 50
23 178 50
23 179 50
23 180 50
23 181 50
23 182 50
23 183 63
24 172 62
24 173 50
24 174 50
24 175 50
24 176 50
24 177 50
24 178 50
24 179 50
24 180 50
24 181 50
24 182 50
24 183 62
25 172 62
25 173 50
25 174 50
25 175 50
25 176 50
25 177 50
25 178 50
25 179 50
25 180 50
25 181 50
25 182 50
26 172 62
26 173 50
26 174 50
26 175 50
26 176 50
26 177 50
26 178 50
26 179 50
26 180 50
26 181 50
26 182 50
27 172 62
27 173 50
27 174 50
27 175 50
27 176 50
27 177 50
27 178 50
27 179 50
27 180 50
27 181 50
27 182 62
28 172 62
28 173 50
28 174 50
28 175 50
28 176 50
28 177 50
28 178 50
28 179 50
28 180 50
28 181 64
29 166 58
29 167 58
29 168 58
29 169 58
29 172 62
29 173 50
29 174 50
29 175 50
29 176 51
29 177 51
29 178 51
29 179 50
29 180 50
29 181 63
30 165 58
30 166 58
30 167 58
30 168 58
30 169 58
30 170 58
30 172 63
30 173 51
30 174 51
30 175 44
30 176 44
30 177 44
30 178 44
30 179 51
30 180 64
30 181 63
31 164 58
31 165 58
31 166 58
31 167 58
31 168 58
31 169 58
31 170 58
31 171 63
31 172 63
31 173 44
31 174 44
31 175 44
31 176 44
31 177 44
31 178 44
31 179 44
31 180 65
32 164 58
32 165 58
32 166 58
32 167 58
32 168 58
32 169 58
32 170 58
32 171 62
32 172 65
32 173 44
32 174 44
32 175 44
32 176 44
32 177 44
32 178 44
32 179 44
32 180 50
33 164 58
33 165 58
33 166 58
33 167 58
33 168 58
33 169 58
33 170 62
33 171 62
33 172 59
33 173 44
33 174 44
33 175 44
33 176 44
33 177 44
33 178 44
33 179 51
33 180 64
34 129 64
34 130 64
34 131 64
34 132 64
34 164 58
34 165 58
34 166 58
34 167 58
34 168 58
34 169 59
34 170 63
34 171 63
34 172 59
34 173 45
34 174 44
34 175 44
34 176 44
34 177 44
34 178 44
34 179 51
34 180 64
34 181 61
35 128 64
35 129 64
35 130 64
35 131 64
35 132 64
35 133 64
35 163 58
35 164 58
35 165 58
35 166 58
35 167 58
35 168 59
35 169 63
35 170 63
35 171 59
35 172 59
35 173 42
35 174 45
35 175 44
35 176 44
35 177 44
35 178 44
35 179 51
35 180 65
35 181 62
36 128 64
36 129 64
36 130 64
36 131 64
36 132 66
36 133 66
36 134 66
36 163 58
36 164 58
36 165 58
36 166 59
36 167 59
36 168 59
36 169 63
36 170 63
36 171 58
36 172 42
36 173 42
36 174 45
36 175 45
36 176 45
36 177 44
36 178 44
36 179 51
36 180 65
36 181 65
37 128 64
37 129 64
37 130 64
37 131 66
37 132 66
37 133 66
37 134 66
37 135 64
37 136 64
37 163 58
37 164 58
37 165 59
37 166 59
37 167 59
37 168 59
37 169 63
37 170 63
37 171 59
37 172 42
37 173 42
37 174 42
37 175 45
37 176 45
37 177 45
37 178 44
37 179 51
37 180 51
37 181 65
38 128 64
38 129 64
38 130 64
38 131 66
38 132 66
38 133 66
38 134 66
38 135 66
38 136 64
38 137 64
38 163 58
38 164 59
38 165 59
38 166 59
38 167 59
38 168 59
38 169 63
38 170 51
38 171 44
38 172 42
38 173 42
38 174 42
38 175 45
38 176 45
38 177 45
38 178 45
38 179 51
38 180 51
38 181 65
38 182 62
39 123 63
39 124 64
39 125 64
39 126 63
39 128 64
39 129 64
39 130 66
39 131 66
39 132 66
39 133 66
39 134 66
39 135 66
39 136 64
39 137 64
39 163 59
39 164 59
39 165 59
39 166 59
39 167 59
39 168 59
39 169 63
39 170 51
39 171 44
39 172 42
39 173 42
39 174 42
39 175 45
39 176 45
39 177 45
39 178 45
39 179 51
39 180 51
39 181 65
39 182 62
40 122 63
40 123 64
40 124 64
40 125 64
40 126 63
40 127 63
40 129 64
40 130 66
40 131 66
40 132 66
40 133 66
40 134 66
40 135 66
40 136 66
40 137 64
40 138 64
40 162 58
40 163 59
40 164 59
40 165 59
40 166 59
40 167 60
40 168 63
40 169 64
40 170 51
40 171 44
40 172 42
40 173 42
40 174 45
40 175 45
40 176 45
40 177 45
40 178 45
40 179 52
40 180 52
40 181 51
40 182 62
41 121 62
41 122 63
41 123 63
41 124 64
41 125 64
41 126 63
41 127 63
41 128 63
41 129 64
41 130 66
41 131 66
41 132 66
41 133 66
41 134 66
41 135 66
41 136 66
41 137 64
41 138 64
41 141 72
41 142 54
41 162 59
41 163 59
41 164 59
41 165 60
41 166 60
41 167 60
41 168 64
41 169 51
41 170 51
41 171 44
41 172 42
41 173 43
41 174 45
41 175 45
41 176 45
41 177 45
41 178 45
41 179 45
41 180 52
41 181 51
41 182 62
42 121 63
42 122 63
42 123 63
42 124 63
42 125 63
42 126 63
42 127 63
42 128 63
42 129 65
42 130 64
42 131 66
42 132 66
42 133 66
42 134 66
42 135 66
42 136 66
42 137 87
42 138 77
42 139 77
42 140 46
42 141 46
42 142 80
42 143 104
42 144 106
42 145 92
42 146 74
42 147 52
42 148 64
42 149 39
42 150 52
42 151 64
42 152 71
42 162 59
42 163 59
42 164 60
42 165 60
42 166 60
42 167 60
42 168 64
42 169 51
42 170 44
42 171 44
42 172 44
42 173 43
42 174 45
42 175 46
42 176 46
42 177 46
42 178 46
42 179 45
42 180 52
42 181 52
42 182 62
43 121 63
43 122 63
43 123 63
43 124 63
43 125 63
43 126 63
43 127 63
43 128 63
43 129 65
43 130 65
43 131 66
43 132 66
43 133 66
43 134 66
43 135 92
43 136 85
43 137 77
43 138 77
43 139 72
43 140 41
43 141 41
43 142 39
43 143 69
43 144 53
43 145 79
43 146 78
43 147 39
43 148 39
43 149 39
43 150 39
43 151 39
43 152 52
43 153 51
43 162 59
43 163 60
43 164 60
43 165 60
43 166 60
43 167 60
43 168 64
43 169 51
43 170 44
43 171 44
43 172 44
43 173 45
43 174 46
43 175 46
43 176 46
43 177 44
43 178 44
43 179 44
43 180 45
43 181 52
43 182 65
44 121 63
44 122 63
44 123 63
44 124 63
44 125 63
44 126 63
44 127 63
44 128 63
44 129 63
44 130 65
44 131 65
44 132 66
44 133 66
44 134 93
44 135 96
44 136 76
44 137 77
44 138 72
44 139 72
44 140 39
44 141 39
44 142 64
44 145 39
44 146 79
44 147 39
44 148 39
44 149 39
44 150 39
44 151 39
44 152 39
44 153 51
44 154 57
44 162 60
44 163 61
44 164 61
44 165 61
44 166 60
44 167 64
44 168 51
44 169 51
44 170 44
44 171 45
44 172 45
44 173 45
44 174 45
44 175 46
44 176 44
44 177 44
44 178 44
44 179 44
44 180 44
44 181 52
44 182 67
45 122 63
45 123 63
45 124 63
45 125 63
45 126 63
45 127 63
45 128 63
45 129 63
45 130 65
45 131 64
45 132 66
45 133 66
45 134 80
45 135 85
45 136 76
45 137 64
45 138 72
45 139 72
45 140 39
45 141 81
45 142 32
45 145 29
45 146 46
45 147 39
45 148 39
45 149 39
45 150 39
45 151 39
45 152 39
45 153 39
45 154 51
45 161 59
45 162 61
45 163 61
45 164 61
45 165 61
45 166 61
45 167 64
45 168 51
45 169 51
45 170 45
45 171 45
45 172 45
45 173 52
45 174 46
45 175 44
45 176 44
45 177 44
45 178 44
45 179 44
45 180 44
45 181 45
45 182 67
46 122 63
46 123 63
46 124 63
46 125 63
46 126 63
46 127 63
46 128 63
46 129 63
46 130 63
46 131 64
46 132 64
46 133 93
46 134 76
46 135 76
46 136 76
46 137 58
46 138 72
46 139 72
46 140 51
46 141 62
46 145 44
46 146 58
46 147 40
46 148 39
46 149 39
46 150 39
46 151 39
46 152 39
46 153 39
46 154 51
46 155 58
46 161 61
46 162 61
46 163 61
46 164 61
46 165 61
46 166 65
46 167 52
46 168 52
46 169 52
46 170 45
46 171 45
46 172 45
46 173 53
46 174 44
46 175 44
46 176 44
46 177 44
46 178 44
46 179 44
46 180 44
46 181 45
46 182 70
46 183 67
47 123 63
47 124 63
47 125 63
47 126 63
47 127 64
47 128 64
47 129 64
47 130 64
47 131 65
47 132 64
47 133 93
47 134 76
47 135 76
47 136 65
47 137 58
47 138 58
47 139 72
47 140 51
47 141 64
47 145 44
47 146 44
47 147 57
47 148 40
47 149 39
47 150 39
47 151 39
47 152 39
47 153 39
47 154 43
47 155 58
47 161 61
47 162 61
47 163 61
47 164 61
47 165 65
47 166 65
47 167 52
47 168 52
47 169 52
47 170 45
47 171 45
47 172 45
47 173 43
47 174 44
47 175 44
47 176 44
47 177 44
47 178 44
47 179 44
47 180 44
47 181 46
47 182 70
47 183 68
48 124 63
48 125 63
48 126 64
48 127 64
48 128 64
48 129 64
48 130 64
48 131 64
48 132 64
48 133 77
48 134 76
48 135 72
48 136 58
48 137 58
48 138 58
48 139 58
48 140 87
48 141 52
48 146 44
48 147 64
48 148 40
48 149 39
48 150 39
48 151 39
48 152 39
48 153 39
48 154 43
48 155 58
48 161 61
48 162 61
48 163 61
48 164 61
48 165 65
48 166 52
48 167 52
48 168 52
48 169 45
48 170 46
48 171 46
48 172 46
48 173 44
48 174 44
48 175 44
48 176 44
48 177 44
48 178 44
48 179 44
48 180 44
48 181 46
48 182 70
48 183 65
49 124 63
49 125 64
49 126 64
49 127 64
49 128 64
49 129 64
49 130 64
49 131 64
49 132 93
49 133 77
49 134 77
49 135 72
49 136 58
49 137 58
49 138 58
49 139 32
49 140 91
49 141 37
49 146 44
49 147 65
49 148 40
49 149 40
49 150 39
49 151 39
49 152 39
49 153 39
49 154 41
49 155 87
49 161 61
49 162 61
49 163 61
49 164 65
49 165 52
49 166 52
49 167 52
49 168 52
49 169 45
49 170 46
49 171 46
49 172 46
49 173 42
49 174 42
49 175 44
49 176 44
49 177 44
49 178 44
49 179 44
49 180 46
49 181 46
49 182 46
49 183 65
50 125 64
50 126 64
50 127 64
50 128 64
50 129 64
50 130 64
50 131 64
50 132 81
50 133 76
50 134 73
50 135 56
50 136 48
50 137 58
50 138 32
50 139 46
50 140 52
50 147 65
50 148 39
50 149 40
50 150 39
50 151 39
50 152 39
50 153 39
50 154 41
50 155 69
50 161 61
50 162 61
50 163 61
50 164 65
50 165 52
50 166 52
50 167 52
50 168 45
50 169 45
50 170 45
50 171 46
50 172 46
50 173 42
50 174 42
50 175 44
50 176 44
50 177 44
50 178 44
50 179 44
50 180 46
50 181 46
50 182 52
50 183 66
51 126 64
51 127 64
51 128 64
51 129 64
51 130 64
51 131 94
51 132 85
51 133 73
51 134 74
51 135 49
51 136 34
51 137 34
51 138 47
51 139 81
51 147 70
51 148 51
51 149 40
51 150 58
51 151 39
51 152 39
51 153 39
51 154 39
51 155 51
51 156 72
51 161 61
51 162 61
51 163 66
51 164 66
51 165 53
51 166 52
51 167 52
51 168 45
51 169 46
51 170 46
51 171 46
51 172 46
51 173 42
51 174 43
51 175 42
51 176 45
51 177 45
51 178 45
51 179 45
51 180 46
51 181 46
51 182 52
51 183 52
51 184 61
52 127 64
52 128 64
52 129 64
52 130 64
52 131 81
52 132 77
52 133 73
52 134 74
52 135 49
52 136 49
52 137 34
52 138 46
52 139 84
52 147 70
52 148 51
52 149 40
52 150 58
52 151 39
52 152 39
52 153 39
52 154 39
52 155 43
52 156 91
52 161 61
52 162 62
52 163 66
52 164 66
52 165 53
52 166 53
52 167 52
52 168 46
52 169 46
52 170 46
52 171 46
52 172 46
52 173 43
52 174 43
52 175 43
52 176 45
52 177 45
52 178 45
52 179 45
52 180 46
52 181 46
52 182 52
52 183 52
52 184 61
53 128 64
53 129 64
53 130 64
53 131 85
53 132 73
53 133 91
53 134 75
53 135 49
53 136 49
53 137 34
53 138 46
53 139 59
53 147 52
53 148 71
53 149 40
53 150 58
53 151 39
53 152 39
53 153 39
53 154 39
53 155 43
53 156 82
53 161 62
53 162 62
53 163 66
53 164 66
53 165 53
53 166 53
53 167 46
53 168 46
53 169 46
53 170 46
53 171 46
53 172 46
53 173 43
53 174 43
53 175 43
53 176 45
53 177 45
53 178 45
53 179 46
53 180 46
53 181 52
53 182 52
53 183 52
54 128 64
54 129 64
54 130 64
54 131 85
54 132 73
54 133 91
54 134 91
54 135 62
54 136 49
54 137 49
54 138 47
54 139 38
54 147 53
54 148 93
54 149 40
54 150 58
54 151 39
54 152 39
54 153 39
54 154 39
54 155 43
54 156 82
54 161 62
54 162 62
54 163 66
54 164 66
54 165 53
54 166 53
54 167 46
54 168 46
54 169 46
54 170 46
54 171 46
54 172 46
54 173 45
54 174 43
54 175 43
54 176 45
54 177 46
54 178 45
54 179 46
54 180 46
54 181 52
54 182 52
54 183 52
54 184 65
55 129 64
55 130 64
55 131 77
55 132 73
55 133 73
55 134 91
55 135 62
55 136 49
55 137 49
55 138 47
55 139 50
55 144 28
55 145 28
55 147 52
55 148 111
55 149 40
55 150 40
55 151 39
55 152 39
55 153 39
55 154 39
55 155 44
55 156 83
55 161 62
55 162 62
55 163 66
55 164 66
55 165 53
55 166 53
55 167 46
55 168 46
55 169 46
55 170 46
55 171 46
55 172 45
55 173 45
55 174 43
55 175 43
55 176 46
55 177 46
55 178 46
55 179 46
55 180 46
55 181 52
55 182 52
55 183 65
55 184 65
56 129 64
56 130 64
56 131 77
56 132 77
56 133 73
56 134 91
56 135 62
56 136 49
56 137 49
56 138 47
56 139 72
56 147 53
56 148 80
56 149 40
56 150 40
56 151 40
56 152 39
56 153 39
56 154 44
56 155 64
56 156 79
56 160 62
56 161 63
56 162 66
56 163 67
56 164 53
56 165 53
56 166 53
56 167 46
56 168 46
56 169 46
56 170 46
56 171 46
56 172 45
56 173 45
56 174 45
56 175 43
56 176 46
56 177 46
56 178 46
56 179 47
56 180 52
56 181 53
56 182 52
56 183 66
56 184 66
56 185 65
57 130 64
57 131 77
57 132 77
57 133 73
57 134 73
57 135 77
57 136 49
57 137 49
57 138 58
57 139 72
57 146 32
57 147 95
57 148 80
57 149 40
57 150 40
57 151 40
57 152 42
57 153 42
57 154 54
57 155 52
57 156 99
57 160 63
57 161 63
57 162 67
57 163 67
57 164 53
57 165 53
57 166 53
57 167 46
57 168 46
57 169 46
57 170 46
57 171 46
57 172 45
57 173 45
57 174 46
57 175 44
57 176 46
57 177 46
57 178 47
57 179 47
57 180 53
57 181 53
57 182 53
57 183 66
57 184 66
57 185 66
58 130 64
58 131 64
58 132 87
58 133 73
58 134 73
58 135 77
58 136 49
58 137 49
58 138 49
58 139 48
58 146 52
58 147 80
58 148 40
58 149 41
58 150 41
58 151 42
58 152 41
58 153 41
58 154 43
58 155 52
58 157 57
58 158 58
58 159 58
58 160 62
58 161 62
58 162 67
58 163 67
58 164 53
58 165 53
58 166 46
58 167 47
58 168 47
58 169 46
58 170 46
58 171 45
58 172 45
58 173 46
58 174 46
58 175 44
58 176 47
58 177 47
58 178 47
58 179 47
58 180 53
58 181 53
58 182 67
58 183 66
58 184 67
58 185 67
59 131 64
59 132 77
59 133 77
59 134 73
59 135 52
59 136 68
59 137 49
59 138 49
59 139 58
59 146 95
59 147 40
59 148 41
59 149 41
59 150 41
59 151 42
59 152 41
59 153 63
59 154 72
59 155 98
59 156 57
59 157 58
59 158 58
59 159 58
59 160 63
59 161 52
59 162 52
59 163 54
59 164 53
59 165 53
59 166 47
59 167 47
59 168 47
59 169 47
59 170 47
59 171 45
59 172 46
59 173 46
59 174 46
59 175 45
59 176 47
59 177 47
59 178 47
59 179 53
59 180 53
59 181 53
59 182 67
59 183 67
59 184 67
59 185 67
59 186 67
60 131 64
60 132 78
60 133 77
60 134 73
60 135 51
60 136 51
60 137 68
60 138 49
60 139 57
60 145 32
60 146 39
60 147 40
60 148 41
60 149 41
60 150 42
60 151 42
60 152 67
60 153 63
60 154 70
60 155 90
60 156 58
60 157 58
60 158 58
60 159 58
60 160 63
60 161 52
60 162 45
60 163 54
60 164 54
60 165 47
60 166 47
60 167 47
60 168 47
60 169 47
60 170 47
60 171 46
60 172 46
60 173 46
60 174 44
60 175 44
60 176 47
60 177 47
60 178 47
60 179 53
60 180 53
60 181 53
60 182 67
60 183 67
60 184 67
60 185 67
60 186 67
61 132 64
61 133 78
61 134 73
61 135 73
61 136 51
61 137 33
61 138 32
61 139 49
61 140 58
61 145 32
61 146 39
61 147 40
61 148 41
61 149 41
61 150 42
61 151 67
61 152 64
61 153 70
61 154 71
61 155 84
61 156 58
61 157 58
61 158 58
61 159 58
61 160 52
61 161 45
61 162 46
61 163 46
61 164 54
61 165 47
61 166 47
61 167 47
61 168 47
61 169 47
61 170 45
61 171 46
61 172 46
61 173 46
61 174 44
61 175 45
61 176 47
61 177 47
61 178 47
61 179 53
61 180 54
61 181 53
61 182 67
61 183 67
61 184 67
61 185 67
62 133 73
62 134 73
62 135 72
62 136 73
62 137 51
62 138 32
62 139 76
62 140 58
62 145 65
62 146 39
62 147 40
62 148 43
62 149 43
62 150 42
62 151 64
62 152 65
62 153 82
62 154 87
62 155 84
62 156 58
62 157 58
62 158 58
62 159 65
62 160 52
62 161 46
62 162 47
62 163 46
62 164 44
62 165 47
62 166 47
62 167 47
62 168 47
62 169 47
62 170 46
62 171 46
62 172 46
62 173 46
62 174 44
62 175 44
62 176 47
62 177 47
62 178 46
62 179 46
62 180 46
62 181 52
62 182 52
62 183 52
62 184 68
62 185 67
63 132 73
63 133 42
63 134 73
63 135 73
63 136 73
63 137 51
63 138 33
63 139 48
63 140 58
63 145 52
63 146 39
63 147 40
63 148 41
63 149 43
63 150 68
63 151 65
63 152 71
63 153 72
63 154 87
63 155 84
63 156 84
63 157 58
63 158 66
63 159 66
63 160 47
63 161 47
63 162 47
63 163 45
63 164 45
63 165 45
63 166 47
63 167 47
63 168 47
63 169 47
63 170 46
63 171 46
63 172 46
63 173 46
63 174 44
63 175 48
63 176 48
63 177 45
63 178 46
63 179 46
63 180 46
63 181 52
63 182 52
63 183 52
63 184 52
63 185 68
64 132 53
64 133 42
64 134 73
64 135 73
64 136 73
64 137 51
64 138 77
64 139 47
64 140 42
64 145 53
64 146 52
64 147 58
64 148 41
64 149 43
64 150 69
64 151 78
64 152 71
64 153 83
64 154 90
64 155 84
64 156 84
64 157 88
64 158 72
64 159 47
64 160 47
64 161 47
64 162 46
64 163 46
64 164 46
64 165 46
64 166 46
64 167 47
64 168 47
64 169 46
64 170 46
64 171 46
64 172 46
64 173 46
64 174 45
64 175 48
64 176 48
64 177 46
64 178 46
64 179 46
64 180 46
64 181 52
64 182 52
64 183 52
64 184 52
64 185 52
65 132 42
65 133 43
65 134 39
65 135 73
65 136 73
65 137 51
65 138 49
65 139 49
65 145 33
65 146 52
65 147 52
65 148 40
65 149 46
65 150 69
65 151 69
65 152 66
65 153 72
65 154 73
65 155 89
65 156 91
65 157 91
65 158 72
65 159 47
65 160 45
65 161 46
65 162 46
65 163 46
65 164 46
65 165 46
65 166 46
65 167 46
65 168 47
65 169 46
65 170 46
65 171 46
65 172 46
65 173 46
65 174 57
65 175 48
65 176 46
65 177 46
65 178 46
65 179 46
65 180 46
65 181 52
65 182 52
65 183 53
65 184 53
65 185 53
65 186 65
66 131 53
66 132 42
66 133 40
66 134 39
66 135 73
66 136 73
66 137 60
66 138 49
66 139 42
66 140 8
66 141 8
66 142 5
66 146 54
66 147 52
66 148 40
66 149 41
66 150 47
66 151 69
66 152 69
66 153 94
66 154 79
66 155 80
66 156 83
66 157 75
66 158 75
66 159 46
66 160 46
66 161 46
66 162 46
66 163 46
66 164 46
66 165 46
66 166 46
66 167 46
66 168 45
66 169 47
66 170 47
66 171 47
66 172 46
66 173 45
66 174 58
66 175 48
66 176 46
66 177 47
66 178 47
66 179 46
66 180 52
66 181 53
66 182 53
66 183 53
66 184 53
66 185 53
66 186 66
67 130 60
67 131 43
67 132 40
67 133 39
67 134 40
67 135 79
67 136 61
67 137 61
67 138 42
67 139 9
67 140 9
67 141 9
67 142 8
67 143 5
67 147 54
67 148 52
67 149 40
67 150 41
67 151 42
67 152 58
67 153 58
67 154 63
67 155 60
67 156 60
67 157 74
67 158 79
67 159 81
67 160 81
67 161 46
67 162 46
67 163 46
67 164 46
67 165 46
67 166 46
67 167 45
67 168 45
67 169 45
67 170 47
67 171 47
67 172 47
67 173 58
67 174 48
67 175 48
67 176 46
67 177 46
67 178 46
67 179 46
67 180 53
67 181 53
67 182 53
67 183 53
67 184 53
67 185 66
67 186 67
68 129 76
68 130 43
68 131 41
68 132 98
68 133 54
68 134 54
68 135 61
68 136 56
68 137 27
68 138 8
68 139 9
68 140 9
68 141 9
68 142 8
68 143 7
68 148 33
68 149 52
68 150 41
68 151 40
68 152 40
68 153 40
68 154 49
68 155 56
68 156 62
68 157 71
68 158 72
68 159 81
68 160 81
68 161 95
68 162 64
68 163 65
68 164 66
68 165 80
68 166 80
68 167 46
68 168 46
68 169 46
68 170 47
68 171 47
68 172 46
68 173 58
68 174 48
68 175 48
68 176 46
68 177 46
68 178 46
68 179 46
68 180 53
68 181 53
68 182 53
68 183 53
68 184 53
68 185 66
68 186 67
69 128 73
69 129 87
69 130 54
69 131 55
69 132 54
69 133 55
69 134 55
69 135 61
69 136 5
69 137 6
69 138 6
69 139 8
69 140 9
69 141 8
69 142 8
69 143 7
69 144 6
69 151 52
69 152 40
69 153 40
69 154 40
69 155 40
69 156 43
69 157 54
69 158 55
69 159 62
69 160 63
69 161 59
69 162 59
69 163 58
69 164 59
69 165 58
69 166 80
69 167 80
69 168 46
69 169 46
69 170 46
69 171 46
69 172 59
69 173 58
69 174 48
69 175 48
69 176 47
69 177 46
69 178 46
69 179 53
69 180 53
69 181 53
69 182 53
69 183 53
69 184 66
69 185 66
69 186 67
70 116 61
70 117 61
70 118 61
70 119 61
70 122 76
70 123 57
70 124 41
70 125 41
70 126 66
70 127 68
70 128 55
70 129 55
70 130 54
70 131 55
70 132 78
70 133 60
70 134 29
70 135 8
70 136 5
70 138 5
70 139 6
70 140 8
70 141 8
70 142 8
70 143 7
70 144 7
70 145 6
70 156 25
70 157 25
70 158 43
70 159 54
70 160 54
70 161 62
70 162 71
70 163 63
70 164 62
70 165 61
70 166 61
70 167 66
70 168 80
70 169 47
70 170 46
70 171 59
70 172 59
70 173 49
70 174 49
70 175 55
70 176 47
70 177 47
70 178 46
70 179 53
70 180 53
70 181 53
70 182 53
70 183 53
70 184 66
70 185 66
70 186 67
70 187 67
71 115 62
71 116 62
71 117 62
71 118 62
71 119 62
71 120 62
71 121 77
71 122 72
71 123 71
71 124 41
71 125 67
71 126 55
71 127 55
71 128 55
71 129 78
71 130 78
71 131 78
71 132 49
71 137 5
71 138 5
71 139 6
71 140 6
71 141 8
71 142 7
71 143 7
71 144 7
71 145 6
71 160 45
71 161 54
71 162 62
71 163 61
71 164 71
71 165 62
71 166 61
71 167 61
71 168 80
71 169 45
71 170 45
71 171 62
71 172 59
71 173 50
71 174 49
71 175 55
71 176 47
71 177 47
71 178 53
71 179 53
71 180 53
71 181 53
71 182 53
71 183 53
71 184 66
71 185 67
71 186 67
71 187 67
72 114 62
72 115 62
72 116 62
72 117 62
72 118 62
72 119 62
72 120 72
72 121 71
72 122 71
72 123 71
72 124 77
72 125 77
72 126 78
72 127 78
72 128 78
72 129 78
72 130 49
72 131 34
72 138 5
72 139 6
72 140 5
72 141 7
72 142 7
72 143 7
72 144 7
72 145 6
72 146 6
72 161 40
72 162 53
72 163 62
72 164 62
72 165 61
72 166 61
72 167 61
72 168 61
72 169 66
72 170 45
72 171 62
72 172 59
72 173 50
72 174 55
72 175 55
72 176 47
72 177 48
72 178 54
72 179 54
72 180 54
72 181 54
72 182 54
72 183 66
72 184 66
72 185 67
72 186 67
73 113 62
73 114 62
73 115 62
73 116 62
73 117 62
73 118 62
73 119 72
73 120 71
73 121 71
73 122 71
73 123 77
73 124 77
73 125 78
73 126 78
73 127 78
73 128 78
73 129 34
73 138 5
73 140 5
73 142 7
73 143 7
73 144 7
73 145 7
73 146 6
73 162 25
73 163 44
73 164 61
73 165 62
73 166 62
73 167 61
73 168 61
73 169 61
73 170 82
73 171 63
73 172 50
73 173 49
73 174 56
73 175 47
73 176 49
73 177 54
73 178 54
73 179 54
73 180 54
73 181 54
73 182 54
73 183 68
73 184 68
73 185 66
73 186 67
74 113 62
74 114 62
74 115 62
74 116 62
74 117 62
74 118 95
74 119 72
74 120 71
74 121 71
74 122 72
74 123 77
74 124 78
74 125 78
74 126 78
74 127 60
74 128 35
74 139 5
74 143 7
74 144 7
74 145 6
74 146 6
74 147 6
74 163 25
74 164 46
74 165 61
74 166 62
74 167 61
74 168 61
74 169 60
74 170 74
74 171 89
74 172 50
74 173 49
74 174 56
74 175 49
74 176 49
74 177 54
74 178 54
74 179 54
74 180 54
74 181 54
74 182 54
74 183 68
74 184 68
74 185 68
74 186 67
75 112 62
75 113 62
75 114 62
75 115 62
75 116 62
75 117 95
75 118 72
75 119 71
75 120 71
75 121 72
75 122 77
75 123 77
75 124 78
75 125 78
75 126 60
75 127 33
75 143 7
75 144 6
75 145 6
75 146 6
75 147 6
75 164 25
75 165 61
75 166 62
75 167 61
75 168 61
75 169 61
75 170 73
75 171 84
75 172 50
75 173 56
75 174 49
75 175 49
75 176 55
75 177 54
75 178 54
75 179 54
75 180 54
75 181 54
75 182 54
75 183 69
75 184 69
75 185 69
75 186 67
76 112 62
76 113 62
76 114 62
76 115 62
76 116 62
76 117 77
76 118 72
76 119 71
76 120 71
76 121 71
76 122 77
76 123 77
76 124 78
76 125 59
76 126 56
76 144 6
76 145 6
76 146 6
76 147 6
76 148 6
76 165 36
76 166 60
76 167 62
76 168 61
76 169 69
76 170 79
76 171 68
76 172 83
76 173 49
76 174 49
76 175 55
76 176 55
76 177 55
76 178 55
76 179 54
76 180 54
76 181 54
76 182 69
76 183 69
76 184 69
76 185 69
76 186 66
77 112 62
77 113 62
77 114 62
77 115 62
77 116 95
77 117 72
77 118 72
77 119 71
77 120 71
77 121 71
77 122 77
77 123 77
77 124 59
77 125 60
77 145 6
77 146 6
77 147 6
77 148 6
77 149 5
77 166 54
77 167 57
77 168 70
77 169 81
77 170 80
77 171 67
77 172 82
77 173 50
77 174 55
77 175 55
77 176 55
77 177 55
77 178 55
77 179 55
77 180 55
77 181 55
77 182 69
77 183 69
77 184 69
77 185 69
77 186 66
78 112 62
78 113 62
78 114 62
78 115 62
78 116 77
78 117 72
78 118 72
78 119 71
78 120 71
78 121 71
78 122 77
78 123 77
78 124 59
78 125 56
78 145 6
78 146 6
78 147 6
78 148 5
78 149 6
78 166 53
78 167 57
78 168 79
78 169 81
78 170 80
78 171 63
78 172 83
78 173 84
78 174 55
78 175 55
78 176 55
78 177 55
78 178 55
78 179 55
78 180 55
78 181 55
78 182 69
78 183 69
78 184 69
78 185 67
78 186 67
79 112 62
79 113 62
79 114 62
79 115 94
79 116 72
79 117 72
79 118 71
79 119 71
79 120 71
79 121 77
79 122 77
79 123 77
79 124 59
79 125 56
79 146 5
79 147 6
79 148 5
79 149 5
79 150 5
79 166 51
79 167 76
79 168 80
79 169 79
79 170 80
79 171 63
79 172 68
79 173 86
79 174 56
79 175 55
79 176 55
79 177 55
79 178 55
79 179 55
79 180 55
79 181 69
79 182 69
79 183 69
79 184 69
79 185 67
79 186 67
80 112 62
80 113 62
80 114 62
80 115 94
80 116 72
80 117 72
80 118 72
80 119 71
80 120 71
80 121 77
80 122 77
80 123 77
80 124 59
80 125 56
80 147 5
80 166 66
80 167 78
80 168 81
80 169 79
80 170 80
80 171 63
80 172 67
80 173 72
80 174 87
80 175 55
80 176 55
80 177 55
80 178 55
80 179 55
80 180 55
80 181 69
80 182 69
80 183 69
80 184 69
80 185 67
80 186 67
81 113 62
81 114 62
81 115 81
81 116 72
81 117 72
81 118 72
81 119 71
81 120 71
81 121 55
81 122 68
81 123 55
81 124 48
81 166 69
81 167 78
81 168 76
81 169 79
81 170 63
81 171 63
81 172 67
81 173 72
81 174 85
81 175 56
81 176 55
81 177 55
81 178 55
81 179 55
81 180 69
81 181 69
81 182 70
81 183 69
81 184 67
81 185 67
81 186 67
81 187 67
82 114 62
82 115 77
82 116 72
82 117 72
82 118 71
82 119 71
82 120 41
82 121 55
82 122 55
82 123 54
82 124 55
82 166 69
82 167 77
82 168 77
82 169 79
82 170 57
82 171 67
82 172 67
82 173 67
82 174 85
82 175 87
82 176 56
82 177 55
82 178 55
82 179 55
82 180 70
82 181 70
82 182 70
82 183 70
82 184 68
82 185 68
82 186 68
82 187 67
83 115 54
83 116 72
83 117 71
83 118 41
83 119 41
83 120 41
83 121 55
83 122 55
83 123 54
83 124 55
83 165 48
83 166 69
83 167 78
83 168 78
83 169 79
83 170 58
83 171 67
83 172 67
83 173 67
83 174 85
83 175 88
83 176 56
83 177 56
83 178 56
83 179 70
83 180 70
83 181 70
83 182 70
83 183 70
83 184 68
83 185 68
83 186 68
83 187 68
84 115 55
84 116 44
84 117 41
84 118 41
84 119 42
84 120 42
84 121 55
84 122 54
84 123 54
84 124 49
84 165 48
84 166 65
84 167 79
84 168 78
84 169 78
84 170 58
84 171 64
84 172 67
84 173 68
84 174 73
84 175 85
84 176 56
84 177 71
84 178 71
84 179 70
84 180 70
84 181 70
84 182 70
84 183 68
84 184 68
84 185 68
84 186 68
85 115 55
85 116 42
85 117 41
85 118 41
85 119 42
85 120 54
85 121 55
85 122 54
85 123 54
85 124 55
85 148 6
85 149 6
85 150 5
85 151 5
85 164 48
85 165 48
85 166 65
85 167 78
85 168 78
85 169 78
85 170 50
85 171 64
85 172 64
85 173 73
85 174 73
85 175 85
85 176 97
85 177 71
85 178 71
85 179 71
85 180 71
85 181 71
85 182 71
85 183 68
85 184 68
85 185 68
85 186 68
86 114 76
86 115 45
86 116 41
86 117 41
86 118 41
86 119 41
86 120 55
86 121 55
86 122 54
86 123 55
86 124 55
86 145 6
86 146 6
86 147 6
86 148 6
86 149 6
86 150 5
86 151 5
86 164 48
86 165 48
86 166 67
86 167 81
86 168 78
86 169 78
86 170 50
86 171 59
86 172 64
86 173 64
86 174 69
86 175 95
86 176 97
86 177 71
86 178 71
86 179 71
86 180 71
86 181 71
86 182 68
86 183 68
86 184 68
86 185 68
86 186 68
87 114 60
87 115 45
87 116 42
87 117 42
87 118 41
87 119 41
87 120 55
87 121 55
87 122 55
87 123 56
87 124 34
87 144 7
87 145 6
87 146 6
87 147 6
87 148 6
87 149 6
87 150 6
87 151 5
87 163 48
87 164 48
87 165 49
87 166 66
87 167 81
87 168 78
87 169 49
87 170 51
87 171 51
87 172 75
87 173 63
87 174 73
87 175 85
87 176 95
87 177 71
87 178 71
87 179 71
87 180 71
87 181 68
87 182 68
87 183 68
87 184 68
87 185 68
88 114 60
88 115 44
88 116 42
88 117 41
88 118 41
88 119 41
88 120 55
88 121 55
88 122 55
88 123 56
88 124 34
88 142 7
88 143 7
88 144 7
88 145 6
88 146 6
88 147 6
88 148 6
88 149 6
88 150 6
88 151 5
88 163 48
88 164 49
88 165 66
88 166 79
88 167 81
88 168 78
88 169 49
88 170 50
88 171 51
88 172 76
88 173 68
88 174 73
88 175 84
88 176 84
88 177 56
88 178 71
88 179 69
88 180 69
88 181 69
88 182 69
88 183 68
88 184 68
89 114 54
89 115 44
89 116 42
89 117 41
89 118 41
89 119 41
89 120 55
89 121 54
89 122 55
89 123 55
89 141 5
89 142 6
89 143 7
89 144 7
89 145 6
89 146 6
89 147 6
89 148 6
89 149 6
89 150 6
89 151 5
89 162 49
89 163 49
89 164 49
89 165 66
89 166 79
89 167 81
89 168 78
89 169 49
89 170 48
89 171 49
89 172 64
89 173 68
89 174 73
89 175 84
89 176 84
89 177 84
89 178 68
89 179 68
89 180 68
89 181 68
89 182 69
89 183 69
89 184 68
90 114 54
90 115 44
90 116 42
90 117 41
90 118 41
90 119 41
90 120 55
90 121 55
90 122 55
90 123 55
90 141 5
90 143 6
90 144 7
90 145 6
90 146 6
90 147 6
90 148 6
90 149 6
90 150 6
90 162 49
90 163 49
90 164 49
90 165 66
90 166 79
90 167 81
90 168 78
90 169 49
90 170 48
90 171 50
90 172 58
90 173 67
90 174 73
90 175 72
90 176 95
90 177 95
90 178 71
90 179 68
90 180 68
90 181 68
90 182 68
90 183 68
90 184 62
91 114 54
91 115 44
91 116 41
91 117 41
91 118 41
91 119 42
91 120 55
91 121 55
91 122 55
91 123 55
91 140 5
91 142 5
91 143 5
91 145 6
91 146 6
91 147 6
91 148 6
91 149 6
91 150 5
91 162 49
91 163 49
91 164 49
91 165 66
91 166 79
91 167 80
91 168 77
91 169 49
91 170 48
91 171 50
91 172 58
91 173 68
91 174 85
91 175 85
91 176 95
91 177 95
91 178 71
91 179 68
91 180 68
91 181 68
91 182 68
91 183 68
91 184 63
91 185 63
91 186 63
92 114 54
92 115 42
92 116 41
92 117 41
92 118 42
92 119 41
92 120 55
92 121 55
92 122 49
92 123 55
92 139 5
92 140 5
92 141 5
92 142 5
92 143 5
92 146 6
92 147 6
92 148 6
92 149 6
92 162 53
92 163 50
92 164 49
92 165 49
92 166 79
92 167 80
92 168 77
92 169 49
92 170 50
92 171 50
92 172 63
92 173 68
92 174 73
92 175 85
92 176 95
92 177 97
92 178 68
92 179 68
92 180 68
92 181 68
92 182 68
92 183 62
92 184 63
92 185 63
92 186 63
93 113 75
93 114 44
93 115 42
93 116 41
93 117 41
93 118 42
93 119 73
93 120 55
93 121 55
93 122 56
93 123 55
93 139 5
93 140 5
93 141 5
93 142 5
93 143 5
93 162 54
93 163 48
93 164 48
93 165 48
93 166 79
93 167 79
93 168 53
93 169 49
93 170 50
93 171 50
93 172 63
93 173 68
93 174 68
93 175 73
93 176 84
93 177 96
93 178 94
93 179 68
93 180 68
93 181 68
93 182 62
93 183 62
93 184 63
93 185 63
93 186 63
93 187 63
94 113 75
94 114 43
94 115 42
94 116 42
94 117 42
94 118 41
94 119 55
94 120 55
94 121 49
94 122 56
94 123 56
94 140 5
94 141 5
94 142 5
94 162 53
94 163 48
94 164 48
94 165 60
94 166 79
94 167 52
94 168 53
94 169 53
94 170 50
94 171 50
94 172 63
94 173 68
94 174 68
94 175 73
94 176 73
94 177 86
94 178 94
94 179 68
94 180 68
94 181 62
94 182 62
94 183 62
94 184 63
94 185 63
94 186 63
94 187 63
95 113 75
95 114 44
95 115 42
95 116 42
95 117 41
95 118 82
95 119 55
95 120 59
95 121 49
95 122 56
95 123 36
95 141 5
95 161 33
95 162 54
95 163 47
95 164 47
95 165 60
95 166 78
95 167 54
95 168 53
95 169 53
95 170 50
95 171 50
95 172 50
95 173 68
95 174 68
95 175 73
95 176 86
95 177 86
95 178 85
95 179 68
95 180 62
95 181 62
95 182 62
95 183 63
95 184 63
95 185 63
95 186 63
95 187 63
96 113 76
96 114 44
96 115 41
96 116 42
96 117 42
96 118 67
96 119 59
96 120 60
96 121 49
96 122 58
96 123 36
96 161 66
96 162 54
96 163 47
96 164 47
96 165 60
96 166 52
96 167 54
96 168 54
96 169 49
96 170 50
96 171 50
96 172 50
96 173 68
96 174 68
96 175 86
96 176 86
96 177 86
96 178 94
96 179 68
96 180 62
96 181 62
96 182 62
96 183 63
96 184 63
96 185 63
96 186 63
96 187 63
97 113 60
97 114 44
97 115 41
97 116 42
97 117 42
97 118 78
97 119 59
97 120 48
97 121 49
97 122 56
97 123 36
97 161 65
97 162 54
97 163 47
97 164 47
97 165 52
97 166 52
97 167 54
97 168 54
97 169 49
97 170 49
97 171 50
97 172 50
97 173 58
97 174 68
97 175 86
97 176 96
97 177 96
97 178 96
97 179 68
97 180 68
97 181 62
97 182 63
97 183 63
97 184 63
97 185 63
97 186 63
97 187 63
98 113 60
98 114 44
98 115 41
98 116 42
98 117 82
98 118 78
98 119 60
98 120 48
98 121 56
98 122 55
98 160 52
98 161 66
98 162 54
98 163 48
98 164 50
98 165 53
98 166 54
98 167 54
98 168 49
98 169 49
98 170 49
98 171 56
98 172 56
98 173 63
98 174 88
98 175 86
98 176 96
98 177 96
98 178 95
98 179 68
98 180 68
98 181 63
98 182 63
98 183 63
98 184 63
98 185 63
98 186 63
98 187 63
99 112 75
99 113 54
99 114 42
99 115 41
99 116 42
99 117 83
99 118 77
99 119 59
99 120 49
99 121 56
99 122 35
99 160 53
99 161 66
99 162 54
99 163 50
99 164 50
99 165 53
99 166 54
99 167 54
99 168 49
99 169 49
99 170 49
99 171 56
99 172 56
99 173 63
99 174 73
99 175 81
99 176 96
99 177 96
99 178 96
99 179 71
99 180 68
99 181 68
99 182 63
99 183 63
99 184 63
99 185 63
99 186 63
100 112 76
100 113 54
100 114 41
100 115 42
100 116 42
100 117 73
100 118 59
100 119 59
100 120 49
100 121 56
100 122 35
100 160 53
100 161 53
100 162 54
100 163 50
100 164 50
100 165 53
100 166 53
100 167 55
100 168 50
100 169 49
100 170 49
100 171 49
100 172 56
100 173 57
100 174 63
100 175 80
100 176 96
100 177 96
100 178 96
100 179 71
100 180 68
100 181 68
100 182 63
100 183 63
100 184 63
100 185 63
101 112 76
101 113 44
101 114 41
101 115 42
101 116 42
101 117 73
101 118 59
101 119 48
101 120 49
101 121 56
101 122 35
101 160 53
101 161 53
101 162 55
101 163 48
101 164 50
101 165 53
101 166 53
101 167 54
101 168 50
101 169 49
101 170 49
101 171 49
101 172 56
101 173 56
101 174 63
101 175 63
101 176 85
101 177 96
101 178 96
101 179 98
101 180 68
101 181 68
101 182 63
101 183 63
101 184 63
102 112 77
102 113 42
102 114 41
102 115 42
102 116 42
102 117 73
102 118 60
102 119 48
102 120 49
102 121 55
102 122 36
102 160 54
102 161 52
102 162 55
102 163 53
102 164 50
102 165 53
102 166 53
102 167 54
102 168 49
102 169 50
102 170 49
102 171 49
102 172 56
102 173 56
102 174 63
102 175 63
102 176 85
102 177 96
102 178 98
102 179 96
102 180 68
102 181 68
102 182 63
103 112 82
103 113 42
103 114 41
103 115 42
103 116 42
103 117 73
103 118 60
103 119 49
103 120 49
103 121 56
103 122 36
103 160 53
103 161 65
103 162 52
103 163 52
103 164 53
103 165 53
103 166 53
103 167 55
103 168 49
103 169 50
103 170 49
103 171 49
103 172 49
103 173 56
103 174 56
103 175 63
103 176 85
103 177 96
103 178 96
103 179 96
103 180 68
103 181 66
104 111 74
104 112 41
104 113 42
104 114 41
104 115 42
104 116 42
104 117 73
104 118 55
104 119 49
104 120 56
104 121 58
104 122 36
104 160 53
104 161 52
104 162 53
104 163 52
104 164 52
104 165 49
104 166 53
104 167 55
104 168 68
104 169 50
104 170 49
104 171 49
104 172 49
104 173 61
104 174 62
104 175 68
104 176 73
104 177 98
104 178 98
104 179 98
104 180 67
104 181 65
105 111 75
105 112 41
105 113 42
105 114 41
105 115 41
105 116 42
105 117 62
105 118 55
105 119 49
105 120 56
105 121 58
105 122 36
105 160 53
105 161 86
105 162 53
105 163 53
105 164 53
105 165 52
105 166 52
105 167 53
105 168 69
105 169 48
105 170 48
105 171 48
105 172 47
105 173 61
105 174 62
105 175 68
105 176 88
105 177 87
105 178 98
105 179 97
105 180 95
105 181 65
105 182 64
106 111 75
106 112 41
106 113 42
106 114 61
106 115 41
106 116 67
106 117 55
106 118 55
106 119 49
106 120 56
106 121 58
106 160 53
106 161 85
106 162 53
106 163 53
106 164 53
106 165 53
106 166 53
106 167 52
106 168 69
106 169 48
106 170 48
106 171 48
106 172 47
106 173 47
106 174 62
106 175 68
106 176 74
106 177 87
106 178 96
106 179 96
106 180 95
106 181 65
106 182 64
107 111 41
107 112 41
107 113 42
107 114 61
107 115 41
107 116 73
107 117 55
107 118 55
107 119 55
107 120 56
107 121 58
107 160 53
107 161 85
107 162 53
107 163 53
107 164 53
107 165 52
107 166 53
107 167 52
107 168 55
107 169 48
107 170 48
107 171 47
107 172 47
107 173 47
107 174 62
107 175 69
107 176 74
107 177 86
107 178 85
107 179 95
107 180 95
107 181 64
107 182 64
107 183 64
108 111 41
108 112 41
108 113 42
108 114 42
108 115 41
108 116 55
108 117 55
108 118 55
108 119 55
108 120 56
108 121 55
108 160 53
108 161 85
108 162 53
108 163 41
108 164 41
108 165 52
108 166 52
108 167 53
108 168 54
108 169 48
108 170 50
108 171 50
108 172 49
108 173 49
108 174 62
108 175 69
108 176 68
108 177 86
108 178 85
108 179 85
108 180 94
108 181 64
108 182 64
108 183 64
108 184 64
109 111 41
109 112 41
109 113 42
109 114 41
109 115 67
109 116 55
109 117 55
109 118 55
109 119 55
109 120 55
109 160 33
109 161 84
109 162 41
109 163 41
109 164 40
109 165 41
109 166 41
109 167 41
109 168 80
109 169 39
109 170 38
109 171 39
109 172 49
109 173 49
109 174 61
109 175 67
109 176 66
109 177 85
109 178 85
109 179 84
109 180 94
109 181 64
109 182 64
109 183 64
109 184 64
110 110 75
110 111 41
110 112 41
110 113 41
110 114 42
110 115 55
110 116 55
110 117 55
110 118 55
110 119 55
110 120 55
110 160 33
110 161 81
110 162 39
110 163 41
110 164 40
110 165 41
110 166 41
110 167 72
110 168 38
110 169 38
110 170 38
110 171 38
110 172 38
110 173 39
110 174 58
110 175 58
110 176 66
110 177 85
110 178 85
110 179 84
110 180 84
110 181 64
110 182 64
110 183 64
110 184 64
110 185 64
111 110 76
111 111 40
111 112 41
111 113 41
111 114 42
111 115 55
111 116 55
111 117 55
111 118 55
111 119 55
111 120 55
111 160 33
111 161 80
111 162 39
111 163 41
111 164 41
111 165 41
111 166 41
111 167 66
111 168 38
111 169 38
111 170 38
111 171 38
111 172 38
111 173 38
111 174 38
111 175 58
111 176 66
111 177 85
111 178 85
111 179 84
111 180 84
111 181 64
111 182 64
111 183 64
111 184 64
111 185 64
112 110 75
112 111 43
112 112 41
112 113 41
112 114 42
112 115 55
112 116 55
112 117 55
112 118 55
112 119 55
112 120 54
112 160 33
112 161 80
112 162 39
112 163 42
112 164 41
112 165 41
112 166 48
112 167 80
112 168 38
112 169 38
112 170 38
112 171 38
112 172 38
112 173 38
112 174 38
112 175 38
112 176 76
112 177 85
112 178 85
112 179 84
112 180 47
112 181 64
112 182 64
112 183 65
112 184 65
112 185 65
113 110 75
113 111 43
113 112 41
113 113 42
113 114 42
113 115 54
113 116 55
113 117 55
113 118 55
113 119 55
113 120 54
113 161 80
113 162 39
113 163 42
113 164 41
113 165 41
113 166 47
113 167 80
113 168 38
113 169 38
113 170 38
113 171 38
113 172 38
113 173 38
113 174 38
113 175 38
113 176 38
113 177 85
113 178 85
113 179 84
113 180 47
113 181 64
113 182 64
113 183 65
113 184 65
113 185 65
114 110 75
114 111 51
114 112 41
114 113 42
114 114 42
114 115 54
114 116 54
114 117 54
114 118 55
114 119 55
114 120 54
114 161 80
114 162 39
114 163 41
114 164 41
114 165 40
114 166 61
114 167 80
114 168 38
114 169 38
114 170 38
114 171 38
114 172 38
114 173 38
114 174 38
114 175 38
114 176 38
114 177 84
114 178 85
114 179 84
114 180 47
114 181 64
114 182 64
114 183 65
114 184 65
114 185 65
115 110 75
115 111 50
115 112 41
115 113 42
115 114 67
115 115 54
115 116 54
115 117 54
115 118 55
115 119 54
115 120 34
115 161 84
115 162 39
115 163 41
115 164 41
115 165 41
115 166 59
115 167 80
115 168 37
115 169 37
115 170 37
115 171 38
115 172 38
115 173 38
115 174 38
115 175 38
115 176 38
115 177 75
115 178 84
115 179 84
115 180 47
115 181 64
115 182 64
115 183 65
115 184 65
115 185 64
116 109 74
116 110 76
116 111 42
116 112 41
116 113 42
116 114 54
116 115 54
116 116 55
116 117 54
116 118 55
116 119 54
116 161 60
116 162 39
116 163 40
116 164 41
116 165 41
116 166 40
116 167 54
116 168 37
116 169 37
116 170 37
116 171 37
116 172 37
116 173 37
116 174 38
116 175 38
116 176 38
116 177 59
116 178 84
116 179 83
116 180 47
116 181 64
116 182 64
116 183 64
116 184 64
117 109 74
117 110 76
117 111 43
117 112 41
117 113 42
117 114 54
117 115 54
117 116 54
117 117 55
117 118 54
117 119 34
117 161 32
117 162 40
117 163 40
117 164 41
117 165 41
117 166 40
117 167 54
117 168 37
117 169 37
117 170 37
117 171 37
117 172 37
117 173 37
117 174 37
117 175 38
117 176 41
117 177 59
117 178 75
117 179 46
117 180 47
117 181 47
117 182 64
117 183 64
117 184 64
118 110 76
118 111 40
118 112 41
118 113 42
118 114 54
118 115 54
118 116 54
118 117 54
118 118 54
118 119 34
118 161 32
118 162 40
118 163 40
118 164 40
118 165 40
118 166 40
118 167 54
118 168 37
118 169 37
118 170 37
118 171 37
118 172 37
118 173 37
118 174 37
118 175 38
118 176 40
118 177 59
118 178 75
118 180 46
118 181 47
118 182 64
119 110 51
119 111 41
119 112 42
119 113 41
119 114 54
119 115 54
119 116 55
119 117 54
119 118 54
119 161 52
119 162 52
119 163 40
119 164 40
119 165 40
119 166 40
119 167 40
119 168 80
119 169 37
119 170 37
119 171 37
119 172 37
119 173 37
119 174 37
119 175 38
119 176 40
119 177 59
119 178 74
120 110 40
120 111 41
120 112 42
120 113 41
120 114 66
120 115 54
120 116 54
120 117 54
120 118 34
120 161 52
120 162 52
120 163 40
120 164 40
120 165 40
120 166 40
120 167 40
120 168 80
120 169 37
120 170 37
120 171 37
120 172 37
120 173 37
120 174 37
120 175 38
120 176 41
120 177 52
120 178 73
121 109 51
121 110 41
121 111 42
121 112 42
121 113 41
121 114 72
121 115 55
121 116 55
121 117 54
121 161 32
121 162 53
121 163 40
121 164 40
121 165 40
121 166 40
121 167 40
121 168 54
121 169 37
121 170 37
121 171 37
121 172 37
121 173 37
121 174 37
121 175 38
121 176 38
121 177 52
121 178 73
122 109 40
122 110 41
122 111 42
122 112 42
122 113 42
122 114 54
122 115 55
122 116 54
122 117 34
122 161 32
122 162 53
122 163 40
122 164 40
122 165 40
122 166 40
122 167 40
122 168 54
122 169 36
122 170 37
122 171 37
122 172 37
122 173 37
122 174 38
122 175 38
122 176 38
122 177 53
122 178 73
123 108 55
123 109 40
123 110 42
123 111 42
123 112 42
123 113 82
123 114 55
123 115 55
123 116 54
123 161 32
123 162 53
123 163 40
123 164 40
123 165 40
123 166 40
123 167 40
123 168 53
123 169 36
123 170 37
123 171 37
123 172 37
123 173 37
123 174 38
123 175 38
123 176 38
123 177 53
123 178 73
124 108 43
124 109 41
124 110 42
124 111 42
124 112 42
124 113 54
124 114 55
124 115 54
124 116 33
124 161 32
124 162 53
124 163 40
124 164 40
124 165 40
124 166 40
124 167 40
124 168 54
124 169 36
124 170 37
124 171 37
124 172 37
124 173 37
124 174 38
124 175 38
124 176 39
124 177 44
124 178 73
125 107 50
125 108 40
125 109 41
125 110 42
125 111 42
125 112 42
125 113 86
125 114 55
125 115 54
125 161 32
125 162 53
125 163 40
125 164 40
125 165 40
125 166 40
125 167 40
125 168 67
125 169 36
125 170 37
125 171 37
125 172 37
125 173 37
125 174 37
125 175 39
125 176 39
125 177 39
125 178 72
126 106 73
126 107 43
126 108 41
126 109 42
126 110 42
126 111 42
126 112 54
126 113 55
126 114 54
126 115 54
126 161 53
126 162 40
126 163 40
126 164 40
126 165 40
126 166 40
126 167 40
126 168 80
126 169 36
126 170 37
126 171 37
126 172 37
126 173 37
126 174 37
126 175 39
126 176 39
126 177 39
127 106 50
127 107 43
127 108 41
127 109 42
127 110 42
127 111 42
127 112 54
127 113 54
127 114 54
127 115 34
127 161 53
127 162 40
127 163 40
127 164 40
127 165 40
127 166 40
127 167 40
127 168 80
127 169 36
127 170 36
127 171 37
127 172 37
127 173 37
127 174 39
127 175 39
127 176 39
127 177 39
128 106 43
128 107 43
128 108 61
128 109 42
128 110 42
128 111 53
128 112 54
128 113 54
128 114 54
128 115 34
128 161 53
128 162 40
128 163 40
128 164 40
128 165 40
128 166 40
128 167 40
128 168 80
128 169 36
128 170 36
128 171 36
128 172 39
128 173 39
128 174 39
128 175 39
128 176 39
128 177 43
129 105 76
129 106 42
129 107 43
129 108 42
129 109 42
129 110 42
129 111 42
129 112 55
129 113 54
129 114 54
129 115 54
129 119 25
129 161 40
129 162 40
129 163 40
129 164 40
129 165 40
129 166 40
129 167 40
129 168 36
129 169 36
129 170 36
129 171 39
129 172 39
129 173 39
129 174 39
129 175 39
129 176 39
129 177 76
130 105 74
130 106 50
130 107 43
130 108 42
130 109 42
130 110 42
130 111 42
130 112 54
130 113 55
130 114 54
130 115 55
130 118 25
130 119 25
130 120 24
130 160 33
130 161 40
130 162 40
130 163 40
130 164 40
130 165 40
130 166 40
130 167 40
130 168 36
130 169 36
130 170 38
130 171 39
130 172 39
130 173 39
130 174 39
130 175 39
130 176 39
131 106 50
131 107 43
131 108 40
131 109 42
131 110 42
131 111 42
131 112 53
131 113 54
131 114 55
131 115 55
131 116 54
131 118 25
131 119 24
131 120 24
131 160 33
131 161 40
131 162 40
131 163 40
131 164 40
131 165 40
131 166 40
131 167 80
131 168 35
131 169 38
131 170 38
131 171 39
131 172 39
131 173 39
131 174 39
131 175 39
131 176 43
132 106 74
132 107 43
132 108 43
132 109 42
132 110 42
132 111 42
132 112 42
132 113 54
132 114 55
132 115 54
132 116 54
132 117 34
132 118 25
132 119 24
132 120 24
132 160 33
132 161 40
132 162 40
132 163 40
132 164 40
132 165 40
132 166 40
132 167 80
132 168 38
132 169 38
132 170 38
132 171 39
132 172 39
132 173 39
132 174 39
132 175 39
132 176 76
133 107 75
133 108 43
133 109 44
133 110 42
133 111 41
133 112 42
133 113 42
133 114 54
133 115 54
133 116 54
133 117 54
133 119 24
133 120 24
133 161 39
133 162 40
133 163 40
133 164 40
133 165 40
133 166 40
133 167 85
133 168 38
133 169 38
133 170 38
133 171 38
133 172 39
133 173 39
133 174 39
133 175 39
134 107 74
134 108 53
134 109 43
134 110 42
134 111 42
134 112 41
134 113 42
134 114 55
134 115 54
134 116 54
134 117 54
134 118 33
134 161 39
134 162 40
134 163 40
134 164 40
134 165 40
134 166 40
134 167 76
134 168 38
134 169 38
134 170 38
134 171 38
134 172 39
134 173 39
134 174 39
134 175 53
135 108 74
135 109 53
135 110 44
135 111 42
135 112 41
135 113 42
135 114 54
135 115 54
135 116 54
135 117 54
135 118 54
135 161 40
135 162 40
135 163 40
135 164 40
135 165 40
135 166 47
135 167 61
135 168 38
135 169 38
135 170 38
135 171 38
135 172 39
135 173 39
135 174 39
135 175 60
136 109 53
136 110 43
136 111 42
136 112 42
136 113 42
136 114 61
136 115 55
136 116 54
136 117 54
136 118 54
136 161 40
136 162 40
136 163 40
136 164 40
136 165 40
136 166 47
136 167 60
136 168 38
136 169 38
136 170 38
136 171 38
136 172 39
136 173 39
136 174 44
136 175 75
137 109 75
137 110 43
137 111 42
137 112 42
137 113 41
137 114 82
137 115 55
137 116 55
137 117 54
137 118 54
137 161 81
137 162 40
137 163 40
137 164 40
137 165 40
137 166 47
137 167 85
137 168 38
137 169 38
137 170 38
137 171 38
137 172 38
137 173 40
137 174 76
138 110 53
138 111 42
138 112 42
138 113 42
138 114 41
138 115 55
138 116 55
138 117 53
138 118 54
138 119 33
138 161 59
138 162 40
138 163 40
138 164 40
138 165 40
138 166 47
138 167 85
138 168 38
138 169 38
138 170 38
138 171 38
138 172 40
138 173 44
139 110 71
139 111 42
139 112 42
139 113 42
139 114 41
139 115 67
139 116 54
139 117 54
139 118 54
139 119 54
139 161 33
139 162 40
139 163 40
139 164 40
139 165 40
139 166 47
139 167 81
139 168 38
139 169 38
139 170 38
139 171 38
139 172 40
139 173 76
140 110 42
140 111 42
140 112 42
140 113 42
140 114 41
140 115 82
140 116 54
140 117 53
140 118 54
140 119 54
140 161 33
140 162 81
140 163 40
140 164 40
140 165 40
140 166 47
140 167 81
140 168 38
140 169 38
140 170 38
140 171 40
140 172 59
141 110 42
141 111 42
141 112 42
141 113 42
141 114 42
141 115 41
141 116 61
141 117 53
141 118 53
141 119 54
141 161 33
141 162 66
141 163 40
141 164 41
141 165 41
141 166 47
141 167 38
141 168 38
141 169 38
141 170 38
141 171 40
141 172 76
142 110 42
142 111 41
142 112 42
142 113 42
142 114 42
142 115 39
142 116 41
142 117 67
142 118 53
142 119 54
142 161 33
142 162 59
142 163 40
142 164 41
142 165 40
142 166 47
142 167 38
142 168 38
142 169 38
142 170 40
142 171 40
143 111 42
143 112 42
143 113 42
143 114 41
143 115 42
143 116 41
143 117 53
143 118 54
143 119 54
143 120 54
143 161 33
143 162 59
143 163 40
143 164 40
143 165 40
143 166 47
143 167 38
143 168 38
143 169 37
143 170 40
143 171 59
144 111 42
144 112 42
144 113 42
144 114 42
144 115 42
144 116 40
144 117 46
144 118 55
144 119 54
144 120 53
144 121 54
144 161 33
144 162 90
144 163 40
144 164 40
144 165 40
144 166 47
144 167 66
144 168 37
144 169 40
144 170 40
144 171 59
145 112 42
145 113 42
145 114 42
145 115 42
145 116 42
145 117 53
145 118 54
145 119 61
145 120 53
145 121 53
145 122 54
145 161 33
145 162 82
145 163 41
145 164 40
145 165 40
145 166 41
145 167 66
145 168 39
145 169 40
145 170 40
146 112 75
146 113 45
146 114 44
146 115 42
146 116 47
146 117 55
146 118 53
146 119 54
146 120 66
146 121 53
146 122 54
146 123 54
146 161 33
146 162 40
146 163 41
146 164 41
146 165 40
146 166 41
146 167 67
146 168 40
146 169 40
146 170 40
147 113 75
147 114 55
147 115 55
147 116 55
147 117 53
147 118 54
147 119 54
147 120 54
147 121 65
147 122 53
147 123 54
147 161 33
147 162 40
147 163 41
147 164 41
147 165 40
147 166 47
147 167 67
147 168 82
147 169 39
147 170 75
148 114 73
148 115 54
148 116 54
148 117 54
148 118 53
148 119 53
148 120 53
148 121 40
148 122 71
148 123 53
148 124 54
148 161 67
148 162 40
148 163 41
148 164 41
148 165 40
148 166 47
148 167 67
148 168 82
148 169 44
149 116 53
149 117 54
149 118 53
149 119 54
149 120 43
149 121 40
149 122 40
149 123 53
149 124 54
149 161 90
149 162 41
149 163 41
149 164 41
149 165 40
149 166 47
149 167 67
149 168 40
149 169 73
150 117 53
150 118 53
150 119 53
150 120 43
150 121 41
150 122 40
150 123 52
150 124 54
150 161 90
150 162 40
150 163 41
150 164 41
150 165 41
150 166 47
150 167 75
150 168 73
151 117 76
151 118 52
151 119 53
151 120 43
151 121 40
151 122 40
151 123 52
151 124 53
151 161 90
151 162 40
151 163 41
151 164 40
151 165 40
151 166 61
151 167 101
152 118 53
152 119 53
152 120 43
152 121 40
152 122 40
152 123 53
152 124 53
152 161 59
152 162 40
152 163 40
152 164 40
152 165 43
152 166 85
153 118 76
153 119 53
153 120 43
153 121 40
153 122 65
153 123 53
153 124 53
153 161 40
153 162 40
153 163 40
153 164 40
153 165 53
153 166 54
154 118 74
154 119 53
154 120 43
154 121 40
154 122 53
154 123 54
154 124 33
154 161 65
154 162 40
154 163 40
154 164 42
154 165 54
154 166 54
155 118 53
155 119 53
155 120 40
155 121 40
155 122 53
155 123 54
155 161 53
155 162 40
155 163 40
155 164 53
155 165 54
155 166 54
156 118 66
156 119 43
156 120 40
156 121 40
156 122 71
156 123 54
156 161 53
156 162 40
156 163 40
156 164 67
156 165 54
156 166 54
157 118 53
157 119 43
157 120 40
157 121 40
157 122 53
157 123 53
157 161 53
157 162 40
157 163 40
157 164 67
157 165 54
157 166 54
158 118 53
158 119 43
158 120 40
158 121 40
158 122 53
158 123 53
158 161 54
158 162 40
158 163 40
158 164 66
158 165 54
158 166 54
159 118 67
159 119 43
159 120 40
159 121 41
159 122 53
159 123 66
159 161 53
159 162 40
159 163 40
159 164 46
159 165 54
159 166 54
160 117 74
160 118 53
160 119 43
160 120 40
160 121 52
160 122 53
160 123 66
160 161 53
160 162 40
160 163 40
160 164 40
160 165 54
160 166 54
161 117 74
161 118 53
161 119 53
161 120 40
161 121 52
161 122 53
161 123 46
161 161 53
161 162 40
161 163 40
161 164 40
161 165 54
161 166 60
162 118 53
162 119 53
162 120 40
162 121 41
162 122 54
162 161 53
162 162 40
162 163 40
162 164 53
162 165 54
162 166 75
163 118 54
163 119 53
163 120 40
163 121 41
163 122 54
163 161 53
163 162 40
163 163 40
163 164 72
163 165 54
163 166 75
164 117 74
164 118 54
164 119 53
164 120 40
164 121 40
164 122 54
164 161 53
164 162 40
164 163 40
164 164 54
164 165 54
164 166 75
165 117 76
165 118 54
165 119 42
165 120 59
165 121 40
165 122 67
165 161 53
165 162 40
165 163 43
165 164 54
165 165 54
165 166 75
166 117 60
166 118 53
166 119 43
166 120 40
166 121 40
166 122 67
166 161 86
166 162 40
166 163 43
166 164 54
166 165 54
167 117 60
167 118 67
167 119 43
167 120 40
167 121 40
167 122 46
167 160 54
167 161 86
167 162 40
167 163 43
167 164 53
167 165 53
167 166 75
168 117 60
168 118 53
168 119 43
168 120 40
168 121 40
168 122 46
168 160 54
168 161 86
168 162 40
168 163 43
168 164 53
168 165 53
168 166 75
169 117 60
169 118 53
169 119 43
169 120 40
169 121 39
169 122 67
169 160 54
169 161 82
169 162 40
169 163 43
169 164 53
169 165 53
169 166 75
170 117 74
170 118 53
170 119 43
170 120 40
170 121 41
170 122 54
170 144 33
170 145 33
170 160 54
170 161 81
170 162 40
170 163 53
170 164 54
170 165 54
170 166 75
171 118 53
171 119 53
171 120 40
171 121 40
171 122 54
171 144 33
171 145 54
171 146 54
171 160 53
171 161 40
171 162 40
171 163 72
171 164 54
171 165 54
172 118 60
172 119 53
172 120 40
172 121 40
172 122 54
172 144 53
172 145 54
172 146 54
172 160 72
172 161 40
172 162 40
172 163 54
172 164 54
172 165 75
173 118 76
173 119 53
173 120 40
173 121 40
173 122 54
173 143 74
173 144 53
173 145 54
173 146 54
173 160 53
173 161 41
173 162 40
173 163 54
173 164 54
174 119 66
174 120 40
174 121 40
174 122 53
174 143 53
174 144 53
174 145 54
174 146 54
174 147 33
174 159 53
174 160 52
174 161 40
174 162 53
174 163 54
174 164 54
175 119 66
175 120 43
175 121 40
175 122 53
175 143 67
175 144 67
175 145 54
175 146 54
175 147 54
175 159 53
175 160 52
175 161 40
175 162 54
175 163 54
175 164 54
175 165 75
176 119 53
176 120 43
176 121 40
176 122 53
176 123 33
176 140 52
176 141 52
176 142 77
176 143 82
176 144 82
176 145 67
176 146 54
176 147 33
176 159 53
176 160 52
176 161 40
176 162 54
176 163 53
176 164 54
176 165 75
177 119 60
177 120 43
177 121 40
177 122 53
177 123 33
177 139 52
177 140 40
177 141 40
177 142 96
177 143 40
177 144 40
177 145 82
177 146 54
177 147 33
177 158 53
177 159 67
177 160 41
177 161 40
177 162 54
177 163 54
177 164 61
178 119 60
178 120 43
178 121 40
178 122 55
178 123 33
178 138 45
178 139 40
178 140 47
178 141 48
178 142 54
178 143 43
178 144 40
178 145 40
178 146 54
178 147 54
178 158 53
178 159 54
178 160 40
178 161 40
178 162 86
178 163 54
178 164 78
179 119 60
179 120 43
179 121 40
179 122 55
179 123 33
179 137 30
179 138 40
179 139 81
179 140 81
179 141 102
179 142 72
179 143 77
179 144 40
179 145 40
179 146 54
179 147 54
179 157 54
179 158 67
179 159 54
179 160 40
179 161 40
179 162 87
179 163 67
179 164 78
180 119 76
180 120 43
180 121 40
180 122 93
180 123 33
180 137 82
180 138 41
180 139 41
180 140 56
180 141 103
180 142 86
180 143 67
180 144 60
180 145 40
180 146 54
180 147 54
180 157 54
180 158 67
180 159 40
180 160 41
180 161 40
180 162 87
180 163 67
181 119 74
181 120 44
181 121 40
181 122 103
181 136 30
181 137 41
181 138 41
181 139 41
181 140 63
181 142 60
181 143 67
181 144 43
181 145 41
181 146 55
181 147 54
181 157 54
181 158 54
181 159 40
181 160 41
181 161 87
181 162 68
181 163 68
182 119 74
182 120 61
182 121 40
182 122 40
182 136 67
182 137 41
182 138 41
182 139 42
182 140 76
182 142 60
182 143 54
182 144 54
182 145 41
182 146 55
182 147 55
182 157 54
182 158 54
182 159 41
182 160 41
182 161 87
182 162 68
182 163 83
183 120 61
183 121 40
183 122 41
183 136 68
183 137 41
183 138 41
183 139 74
183 143 54
183 144 54
183 145 41
183 146 55
183 147 55
183 156 33
183 157 54
183 158 53
183 159 41
183 160 44
183 161 87
183 162 68
184 120 67
184 121 43
184 122 41
184 123 25
184 136 68
184 137 41
184 138 42
184 139 55
184 143 54
184 144 54
184 145 44
184 146 55
184 147 55
184 156 33
184 157 54
184 158 53
184 159 41
184 160 54
184 161 53
184 162 68
185 120 53
185 121 43
185 122 40
185 123 61
185 136 74
185 137 41
185 138 55
185 139 78
185 143 54
185 144 55
185 145 44
185 146 74
185 147 55
185 156 53
185 157 54
185 158 53
185 159 41
185 160 54
185 161 53
185 162 68
186 119 74
186 120 53
186 121 43
186 122 40
186 123 67
186 136 95
186 137 41
186 138 74
186 139 78
186 143 61
186 144 55
186 145 44
186 146 74
186 147 55
186 156 53
186 157 72
186 158 53
186 159 41
186 160 54
186 161 67
186 162 54
187 119 74
187 120 53
187 121 43
187 122 40
187 123 67
187 136 87
187 137 60
187 138 55
187 143 61
187 144 55
187 145 41
187 146 74
187 147 55
187 148 55
187 156 53
187 157 72
187 158 53
187 159 41
187 160 54
187 161 67
187 162 54
187 163 76
188 119 74
188 120 53
188 121 43
188 122 40
188 123 54
188 136 88
188 137 41
188 138 55
188 139 76
188 144 55
188 145 41
188 146 55
188 147 55
188 148 55
188 156 53
188 157 87
188 158 41
188 159 41
188 160 46
188 161 68
188 162 54
188 163 78
189 120 53
189 121 43
189 122 59
189 123 40
189 136 89
189 137 41
189 138 69
189 139 76
189 144 54
189 145 41
189 146 55
189 147 55
189 148 55
189 156 54
189 157 87
189 158 41
189 159 40
189 160 55
189 161 54
189 162 55
189 163 78
190 120 53
190 121 43
190 122 40
190 123 59
190 136 84
190 137 42
190 138 69
190 139 76
190 144 75
190 145 41
190 146 55
190 147 55
190 148 55
190 157 52
190 158 41
190 159 42
190 160 55
190 161 55
190 162 54
190 163 78
191 119 76
191 120 53
191 121 43
191 122 59
191 123 18
191 135 99
191 136 41
191 137 42
191 138 88
191 145 48
191 146 40
191 147 55
191 148 55
191 157 40
191 158 41
191 159 46
191 160 54
191 161 86
191 162 54
191 163 78
192 119 76
192 120 53
192 121 54
192 122 66
192 123 18
192 135 97
192 136 61
192 137 42
192 138 55
192 145 54
192 146 40
192 147 55
192 148 55
192 156 46
192 157 40
192 158 41
192 159 45
192 160 55
192 161 54
192 162 61
192 163 75
193 119 76
193 120 53
193 121 53
193 122 66
193 123 18
193 135 41
193 136 42
193 137 88
193 138 62
193 145 75
193 146 40
193 147 68
193 148 55
193 156 81
193 157 41
193 158 41
193 159 54
193 160 54
193 161 53
193 162 77
194 119 76
194 120 54
194 121 66
194 122 40
194 135 41
194 136 42
194 137 88
194 138 77
194 145 75
194 146 40
194 147 74
194 148 55
194 156 81
194 157 41
194 158 41
194 159 54
194 160 86
194 161 54
194 162 75
195 119 76
195 120 54
195 121 67
195 122 40
195 135 74
195 136 42
195 137 69
195 145 102
195 146 40
195 147 68
195 148 74
195 156 72
195 157 40
195 158 40
195 159 54
195 160 54
195 161 60
196 119 76
196 120 53
196 121 43
196 122 40
196 135 55
196 136 42
196 137 69
196 145 82
196 146 40
196 147 74
196 148 57
196 149 26
196 156 67
196 157 40
196 158 40
196 159 45
196 160 54
196 161 76
197 119 60
197 120 54
197 121 40
197 122 39
197 136 42
197 137 69
197 145 54
197 146 40
197 147 57
197 148 26
197 149 26
197 156 53
197 157 52
197 158 40
197 159 40
197 160 54
197 161 60
198 119 60
198 120 54
198 121 41
198 122 40
198 136 42
198 137 69
198 138 77
198 145 55
198 146 41
198 147 74
198 148 26
198 156 53
198 157 66
198 158 40
198 159 40
198 160 86
198 161 54
199 119 76
199 120 54
199 121 41
199 122 40
199 136 104
199 137 74
199 138 105
199 145 55
199 146 41
199 147 56
199 156 53
199 157 66
199 158 40
199 159 40
199 160 86
199 161 54
200 120 67
200 121 41
200 122 41
200 136 31
200 137 46
200 138 56
200 139 77
200 145 55
200 146 84
200 147 34
200 156 53
200 157 67
200 158 40
200 159 40
200 160 54
200 161 54
201 120 54
201 121 41
201 122 41
201 136 31
201 137 46
201 138 56
201 139 78
201 144 76
201 145 73
201 146 84
201 147 34
201 156 33
201 157 66
201 158 52
201 159 40
201 160 67
201 161 54
202 120 75
202 121 54
202 122 41
202 136 31
202 137 42
202 138 69
202 139 78
202 144 76
202 145 73
202 146 108
202 147 34
202 157 53
202 158 66
202 159 40
202 160 67
202 161 54
203 121 54
203 122 41
203 136 31
203 137 42
203 138 69
203 139 78
203 145 73
203 146 108
203 147 34
203 157 53
203 158 82
203 159 40
203 160 53
203 161 54
204 121 76
204 122 82
204 136 56
204 137 42
204 138 69
204 139 78
204 144 77
204 145 41
204 146 108
204 147 34
204 157 66
204 158 40
204 159 40
204 160 54
204 161 54
205 121 96
205 122 83
205 136 56
205 137 42
205 138 83
205 144 104
205 145 42
205 146 79
205 157 76
205 158 40
205 159 41
205 160 54
205 161 54
206 121 73
206 122 68
206 136 85
206 137 42
206 138 123
206 144 79
206 145 42
206 146 69
206 157 81
206 158 40
206 159 40
206 160 53
206 161 54
207 121 84
207 122 44
207 136 98
207 137 42
207 138 106
207 144 69
207 145 42
207 146 56
207 157 54
207 158 52
207 159 40
207 160 67
207 161 54
208 121 106
208 122 44
208 136 48
208 137 42
208 138 106
208 144 55
208 145 42
208 146 35
208 157 54
208 158 52
208 159 40
208 160 67
208 161 54
209 120 104
209 121 106
209 122 44
209 137 42
209 138 121
209 144 55
209 145 41
209 146 56
209 157 54
209 158 52
209 159 40
209 160 67
209 161 55
210 120 108
210 121 106
210 122 55
210 137 85
210 138 80
210 144 74
210 145 46
210 146 69
210 157 54
210 158 40
210 159 41
210 160 55
210 161 78
211 120 68
211 121 89
211 122 55
211 137 85
211 138 42
211 145 88
211 146 70
211 157 67
211 158 40
211 159 47
211 160 55
212 120 69
212 121 89
212 122 34
212 137 85
212 138 42
212 145 88
212 146 48
212 157 54
212 158 41
212 159 87
212 160 88
213 120 62
213 121 42
213 122 42
213 137 42
213 138 50
213 145 74
213 146 48
213 157 83
213 158 41
213 159 55
213 160 78
214 120 62
214 121 42
214 122 56
214 137 42
214 138 81
214 145 74
214 146 34
214 157 83
214 158 41
214 159 55
214 160 76
215 120 44
215 121 42
215 122 69
215 123 34
215 137 57
215 138 110
215 145 93
215 146 34
215 157 34
215 158 41
215 159 55
216 120 56
216 121 69
216 122 84
216 123 34
216 137 65
216 138 107
216 145 113
216 158 83
216 159 69
217 120 77
217 121 70
217 122 64
217 137 79
217 145 103
217 158 78
217 159 88
218 121 42
218 122 42
218 137 82
218 145 60
218 158 48
218 159 109
219 121 42
219 137 95
219 144 106
219 145 41
219 158 70
219 159 122
220 121 57
220 137 71
220 144 106
220 145 34
220 157 34
220 158 83
220 159 122
221 121 79
221 122 64
221 136 48
221 137 94
221 144 79
221 145 57
221 156 34
221 157 39
221 158 104
221 159 105
222 122 41
222 123 34
222 136 86
222 145 85
222 156 34
222 157 39
222 158 115
222 159 77
223 122 78
223 123 42
223 124 34
223 135 58
223 136 107
223 145 79
223 157 39
223 158 114
224 123 79
224 124 85
224 125 34
224 134 48
224 135 115
224 145 79
224 146 69
224 157 42
224 158 120
225 123 77
225 124 56
225 125 70
225 134 108
225 135 106
225 146 73
225 157 50
225 158 78
226 124 102
226 125 48
226 126 34
226 132 34
226 133 107
226 134 105
226 146 117
226 156 35
226 157 112
227 124 122
227 125 34
227 126 34
227 131 34
227 132 81
227 133 84
227 134 105
227 147 111
227 156 49
227 157 92
228 124 119
228 125 41
228 126 34
228 130 49
228 131 81
228 132 90
228 133 99
228 147 120
228 148 57
228 155 34
228 156 97
229 124 76
229 125 108
229 126 56
229 127 42
229 128 47
229 129 81
229 130 89
229 131 98
229 132 104
229 133 63
229 148 63
229 149 57
229 150 34
229 154 41
229 155 84
229 156 109
230 125 102
230 126 105
230 127 100
230 128 100
230 129 100
230 130 98
230 131 91
230 132 83
230 133 69
230 148 63
230 149 57
230 150 57
230 151 57
230 152 57
230 153 62
230 154 85
230 155 123
230 156 104
231 126 103
231 127 97
231 128 97
231 129 97
231 130 98
231 131 91
231 132 45
231 133 78
231 148 63
231 149 57
231 150 57
231 151 57
231 152 62
231 153 93
231 154 126
231 155 105
231 156 103
232 126 89
232 127 99
232 128 96
232 129 97
232 130 97
232 131 90
232 132 46
232 148 98
232 149 56
232 150 56
232 151 56
232 152 76
232 153 108
232 154 130
232 155 106
232 156 76
233 125 65
233 126 85
233 127 96
233 128 96
233 129 96
233 130 97
233 131 104
233 132 82
233 147 76
233 148 129
233 149 56
233 150 56
233 151 56
233 152 75
233 153 86
233 154 118
233 155 103
234 123 75
234 124 65
234 125 96
234 126 107
234 127 96
234 128 96
234 129 96
234 130 96
234 131 55
234 148 128
234 149 60
234 150 56
234 151 56
234 152 54
234 153 70
234 154 117
234 155 102
235 122 74
235 123 65
235 124 112
235 125 96
235 126 95
235 127 96
235 128 96
235 129 96
235 130 119
235 148 75
235 149 126
235 150 53
235 151 53
235 152 53
235 153 53
235 154 99
235 155 120
236 122 74
236 123 93
236 124 106
236 125 110
236 126 95
236 127 96
236 128 96
236 129 119
236 130 56
236 149 102
236 150 73
236 151 53
236 152 53
236 153 53
236 154 104
236 155 101
237 123 107
237 124 106
237 125 110
237 126 91
237 127 102
237 128 115
237 129 74
237 150 123
237 151 65
237 152 53
237 153 53
237 154 77
237 155 117
238 124 118
238 125 127
238 126 129
238 127 118
238 150 74
238 151 109
238 152 65
238 153 90
238 154 107
238 155 127
239 151 74
239 152 114
239 153 107
239 154 122
