9 152 44
9 153 44
9 154 44
9 155 44
9 160 44
9 161 44
9 162 44
9 163 44
9 164 44
9 165 44
10 151 44
10 152 44
10 153 44
10 154 44
10 155 44
10 156 44
10 159 44
10 160 44
10 161 44
10 162 44
10 163 44
10 164 44
10 165 44
10 166 44
11 150 44
11 151 44
11 152 44
11 153 44
11 154 44
11 155 44
11 156 44
11 157 44
11 158 44
11 159 44
11 160 44
11 161 44
11 162 44
11 163 44
11 164 44
11 165 44
11 166 44
11 167 44
12 144 44
12 145 44
12 146 44
12 147 44
12 148 44
12 149 44
12 150 44
12 151 44
12 152 44
12 153 44
12 154 44
12 155 44
12 156 44
12 157 61
12 158 44
12 159 44
12 160 44
12 161 44
12 162 44
12 163 44
12 164 44
12 165 44
12 166 44
12 167 44
13 143 44
13 144 44
13 145 44
13 146 44
13 147 44
13 148 44
13 149 46
13 150 46
13 151 46
13 152 44
13 153 44
13 154 44
13 155 44
13 156 44
13 157 61
13 158 44
13 159 44
13 160 44
13 161 44
13 162 44
13 163 44
13 164 44
13 165 44
13 166 44
13 167 44
13 168 44
14 142 44
14 143 44
14 144 44
14 145 44
14 146 44
14 147 44
14 148 44
14 149 46
14 150 46
14 151 46
14 152 62
14 153 61
14 154 61
14 155 44
14 156 61
14 157 61
14 158 61
14 159 44
14 160 44
14 161 44
14 162 44
14 163 44
14 164 44
14 165 44
14 166 44
14 167 44
14 168 44
14 171 44
14 172 44
14 173 44
14 174 44
15 142 44
15 143 44
15 144 44
15 145 44
15 146 44
15 147 44
15 148 46
15 149 46
15 150 62
15 151 62
15 152 62
15 153 62
15 154 61
15 155 61
15 156 74
15 157 61
15 158 61
15 159 44
15 160 44
15 161 44
15 162 44
15 163 44
15 164 44
15 165 44
15 166 44
15 167 44
15 168 61
15 169 73
15 170 61
15 171 61
15 172 61
15 173 44
15 174 44
15 175 44
15 176 44
16 141 44
16 142 44
16 143 44
16 144 44
16 145 44
16 146 44
16 147 44
16 148 47
16 149 62
16 150 62
16 151 62
16 152 62
16 153 62
16 154 62
16 155 74
16 156 74
16 157 73
16 158 61
16 159 44
16 160 44
16 161 44
16 162 44
16 163 44
16 164 44
16 165 62
16 166 61
16 167 61
16 168 73
16 169 74
16 170 61
16 171 61
16 172 61
16 173 61
16 174 61
16 175 44
16 176 44
16 177 44
17 137 45
17 138 45
17 139 45
17 141 44
17 142 44
17 143 44
17 144 44
17 145 44
17 146 44
17 147 47
17 148 62
17 149 62
17 150 62
17 151 62
17 152 62
17 153 62
17 154 64
17 155 74
17 156 74
17 157 74
17 158 74
17 159 44
17 160 44
17 161 44
17 162 44
17 163 62
17 164 62
17 165 62
17 166 62
17 167 74
17 168 74
17 169 74
17 170 73
17 171 61
17 172 61
17 173 61
17 174 61
17 175 44
17 176 44
17 177 44
17 178 60
18 137 45
18 138 45
18 139 45
18 140 45
18 141 46
18 142 44
18 143 44
18 144 44
18 145 44
18 146 47
18 147 47
18 148 62
18 149 62
18 150 62
18 151 62
18 152 62
18 153 62
18 154 65
18 155 74
18 156 74
18 157 74
18 158 74
18 159 61
18 160 44
18 161 61
18 162 62
18 163 62
18 164 62
18 165 62
18 166 74
18 167 74
18 168 74
18 169 74
18 170 74
18 171 61
18 172 61
18 173 61
18 174 61
18 175 61
18 176 61
18 177 61
18 178 60
18 179 60
19 137 45
19 138 45
19 139 45
19 140 45
19 141 46
19 142 46
19 143 46
19 144 46
19 145 44
19 146 47
19 147 62
19 148 62
19 149 62
19 150 62
19 151 62
19 152 62
19 153 65
19 154 65
19 155 65
19 156 74
19 157 74
19 158 74
19 159 61
19 160 61
19 161 62
19 162 62
19 163 62
19 164 74
19 165 74
19 166 74
19 167 74
19 168 74
19 169 74
19 170 61
19 171 61
19 172 61
19 173 61
19 174 61
19 175 73
19 176 61
19 177 61
19 178 61
19 179 61
19 180 43
20 137 45
20 138 45
20 139 45
20 140 45
20 141 46
20 142 46
20 143 46
20 144 46
20 145 37
20 146 37
20 147 62
20 148 62
20 149 62
20 150 62
20 151 62
20 152 62
20 153 65
20 154 65
20 155 65
20 156 74
20 157 74
20 158 74
20 159 74
20 160 74
20 161 62
20 162 62
20 163 74
20 164 74
20 165 74
20 166 74
20 167 74
20 168 74
20 169 74
20 170 61
20 171 61
20 172 61
20 173 61
20 174 73
20 175 73
20 176 61
20 177 61
20 178 61
20 179 61
20 180 43
20 181 43
21 136 45
21 137 45
21 138 45
21 139 45
21 140 45
21 141 45
21 142 47
21 143 47
21 144 47
21 145 37
21 146 37
21 147 56
21 148 62
21 149 62
21 150 62
21 151 62
21 152 62
21 153 65
21 154 65
21 155 65
21 156 65
21 157 74
21 158 74
21 159 74
21 160 74
21 161 62
21 162 62
21 163 74
21 164 74
21 165 74
21 166 74
21 167 74
21 168 74
21 169 74
21 170 61
21 171 61
21 172 73
21 173 73
21 174 73
21 175 73
21 176 61
21 177 61
21 178 61
21 179 61
21 180 61
21 181 43
21 187 44
21 188 44
22 136 45
22 137 45
22 138 45
22 139 45
22 140 45
22 141 45
22 142 47
22 143 47
22 144 47
22 145 37
22 146 37
22 147 56
22 148 62
22 149 62
22 150 62
22 151 62
22 152 62
22 153 65
22 154 65
22 155 65
22 156 65
22 157 74
22 158 74
22 159 74
22 160 74
22 161 74
22 162 74
22 163 74
22 164 74
22 165 74
22 166 74
22 167 74
22 168 74
22 169 61
22 170 61
22 171 74
22 172 74
22 173 74
22 174 73
22 175 62
22 176 62
22 177 55
22 178 55
22 179 62
22 180 62
22 181 61
22 182 61
22 183 46
22 184 46
22 185 46
22 186 46
22 187 45
22 188 44
22 189 44
23 135 45
23 136 45
23 137 45
23 138 45
23 139 45
23 140 45
23 141 45
23 142 45
23 143 47
23 144 47
23 145 37
23 146 37
23 147 56
23 148 56
23 149 62
23 150 62
23 151 62
23 152 62
23 153 63
23 154 65
23 155 65
23 156 65
23 157 74
23 158 74
23 159 74
23 160 74
23 161 74
23 162 74
23 163 74
23 164 74
23 165 74
23 166 74
23 167 74
23 168 74
23 169 74
23 170 74
23 171 74
23 172 74
23 173 65
23 174 64
23 175 56
23 176 56
23 177 56
23 178 62
23 179 62
23 180 62
23 181 62
23 182 61
23 183 61
23 184 46
23 185 46
23 186 46
23 187 46
23 188 45
23 189 44
23 190 44
24 135 45
24 136 45
24 137 45
24 138 45
24 139 45
24 140 45
24 141 45
24 142 45
24 143 47
24 144 37
24 145 37
24 146 37
24 147 37
24 148 56
24 149 56
24 150 62
24 151 62
24 152 62
24 153 63
24 154 65
24 155 65
24 156 65
24 157 65
24 158 74
24 159 74
24 160 74
24 161 74
24 162 74
24 163 74
24 164 74
24 165 74
24 166 74
24 167 74
24 168 74
24 169 74
24 170 74
24 171 74
24 172 65
24 173 65
24 174 56
24 175 56
24 176 56
24 177 56
24 178 62
24 179 62
24 180 62
24 181 62
24 182 62
24 183 61
24 184 46
24 185 46
24 186 46
24 187 46
24 188 45
24 189 45
24 190 44
25 136 45
25 137 45
25 138 45
25 139 45
25 140 45
25 141 45
25 142 46
25 143 47
25 144 37
25 145 37
25 146 37
25 147 37
25 148 56
25 149 56
25 150 56
25 151 62
25 152 62
25 153 63
25 154 65
25 155 65
25 156 65
25 157 65
25 158 74
25 159 74
25 160 74
25 161 74
25 162 74
25 163 74
25 164 74
25 165 74
25 166 74
25 167 74
25 168 74
25 169 74
25 170 74
25 171 65
25 172 65
25 173 53
25 174 56
25 175 56
25 176 56
25 177 62
25 178 62
25 179 62
25 180 62
25 181 62
25 182 62
25 183 62
25 184 46
25 185 46
25 186 46
25 187 46
25 188 45
25 189 45
25 190 44
26 136 45
26 137 45
26 138 45
26 139 45
26 140 45
26 141 45
26 142 46
26 143 47
26 144 37
26 145 37
26 146 37
26 147 37
26 148 56
26 149 56
26 150 56
26 151 62
26 152 63
26 153 63
26 154 65
26 155 65
26 156 65
26 157 65
26 158 74
26 159 74
26 160 74
26 161 74
26 162 74
26 163 74
26 164 74
26 165 74
26 166 74
26 167 74
26 168 74
26 169 74
26 170 65
26 171 65
26 172 65
26 173 53
26 174 56
26 175 56
26 176 56
26 177 62
26 178 62
26 179 62
26 180 62
26 181 62
26 182 62
26 183 62
26 184 46
26 185 46
26 186 46
26 187 46
26 188 45
26 189 45
26 190 44
26 191 43
27 137 45
27 138 45
27 139 45
27 140 45
27 141 45
27 142 46
27 143 46
27 144 37
27 145 37
27 146 37
27 147 37
27 148 56
27 149 56
27 150 56
27 151 56
27 152 63
27 153 63
27 154 65
27 155 65
27 156 65
27 157 67
27 158 67
27 159 74
27 160 74
27 161 74
27 162 74
27 163 74
27 164 74
27 165 74
27 166 74
27 167 74
27 168 74
27 169 65
27 170 65
27 171 64
27 172 53
27 173 56
27 174 56
27 175 56
27 176 56
27 177 62
27 178 62
27 179 62
27 180 62
27 181 62
27 182 62
27 183 62
27 184 46
27 185 46
27 186 46
27 187 46
27 188 45
27 189 44
27 190 44
27 191 43
28 137 45
28 138 63
28 139 63
28 140 63
28 141 63
28 142 62
28 143 46
28 144 37
28 145 37
28 146 37
28 147 37
28 148 56
28 149 56
28 150 56
28 151 56
28 152 63
28 153 63
28 154 63
28 155 65
28 156 65
28 157 67
28 158 67
28 159 74
28 160 74
28 161 74
28 162 74
28 163 74
28 164 74
28 165 74
28 166 74
28 167 74
28 168 65
28 169 65
28 170 64
28 171 53
28 172 56
28 173 56
28 174 56
28 175 56
28 176 56
28 177 62
28 178 62
28 179 62
28 180 62
28 181 62
28 182 62
28 183 46
28 184 46
28 185 46
28 186 46
28 187 46
28 188 45
28 189 44
28 190 44
29 134 45
29 135 45
29 136 45
29 137 46
29 138 63
29 139 63
29 140 63
29 141 63
29 142 63
29 143 63
29 144 63
29 145 56
29 146 37
29 147 56
29 148 56
29 149 56
29 150 56
29 151 56
29 152 56
29 153 63
29 154 63
29 155 65
29 156 65
29 157 67
29 158 67
29 159 74
29 160 74
29 161 74
29 162 74
29 163 74
29 164 83
29 165 84
29 166 84
29 167 74
29 168 65
29 169 65
29 170 64
29 171 53
29 172 56
29 173 56
29 174 56
29 175 56
29 176 56
29 177 62
29 178 62
29 179 62
29 180 62
29 181 62
29 182 62
29 183 46
29 184 46
29 185 46
29 186 46
29 187 46
29 188 44
29 189 44
29 190 44
30 132 45
30 133 45
30 134 45
30 135 45
30 136 46
30 137 47
30 138 47
30 139 63
30 140 63
30 141 63
30 142 63
30 143 63
30 144 63
30 145 56
30 146 56
30 147 56
30 148 56
30 149 56
30 150 56
30 151 56
30 152 56
30 153 63
30 154 63
30 155 65
30 156 65
30 157 67
30 158 67
30 159 74
30 160 74
30 161 74
30 162 74
30 163 83
30 164 83
30 165 84
30 166 84
30 167 75
30 168 65
30 169 64
30 170 64
30 171 56
30 172 56
30 173 56
30 174 56
30 175 56
30 176 62
30 177 62
30 178 62
30 179 62
30 180 62
30 181 62
30 182 46
30 183 46
30 184 46
30 185 46
30 186 46
30 187 44
30 188 44
30 189 44
31 131 45
31 132 45
31 133 45
31 134 45
31 135 45
31 136 47
31 137 47
31 138 47
31 139 63
31 140 63
31 141 63
31 142 63
31 143 63
31 144 63
31 145 57
31 146 56
31 147 56
31 148 57
31 149 57
31 150 56
31 151 56
31 152 56
31 153 63
31 154 63
31 155 63
31 156 65
31 157 67
31 158 67
31 159 74
31 160 74
31 161 74
31 162 83
31 163 83
31 164 83
31 165 84
31 166 76
31 167 75
31 168 75
31 169 64
31 170 56
31 171 56
31 172 56
31 173 56
31 174 56
31 175 56
31 176 62
31 177 62
31 178 62
31 179 63
31 180 63
31 181 62
31 182 46
31 183 46
31 184 46
31 185 46
31 186 46
31 187 44
31 188 44
31 189 44
32 131 45
32 132 45
32 133 45
32 134 45
32 135 45
32 136 47
32 137 47
32 138 47
32 139 63
32 140 63
32 141 63
32 142 63
32 143 63
32 144 63
32 145 63
32 146 57
32 147 56
32 148 57
32 149 57
32 150 56
32 151 56
32 152 56
32 153 56
32 154 63
32 155 63
32 156 65
32 157 67
32 158 67
32 159 74
32 160 74
32 161 74
32 162 84
32 163 83
32 164 83
32 165 84
32 166 76
32 167 75
32 168 75
32 169 74
32 170 56
32 171 56
32 172 56
32 173 56
32 174 56
32 175 62
32 176 62
32 177 62
32 178 63
32 179 63
32 180 62
32 181 62
32 182 46
32 183 46
32 184 46
32 185 45
32 186 44
32 187 44
32 188 44
33 130 45
33 131 45
33 132 45
33 133 45
33 134 45
33 135 45
33 136 47
33 137 47
33 138 47
33 139 63
33 140 63
33 141 63
33 142 63
33 143 63
33 144 63
33 145 63
33 146 63
33 147 57
33 148 57
33 149 57
33 150 57
33 151 56
33 152 56
33 153 56
33 154 63
33 155 63
33 156 65
33 157 67
33 158 67
33 159 75
33 160 75
33 161 84
33 162 84
33 163 84
33 164 84
33 165 84
33 166 76
33 167 76
33 168 74
33 169 74
33 170 69
33 171 56
33 172 56
33 173 56
33 174 56
33 175 62
33 176 62
33 177 63
33 178 63
33 179 62
33 180 62
33 181 62
33 182 62
33 183 46
33 184 44
33 185 44
33 186 44
34 131 45
34 132 45
34 133 45
34 134 45
34 135 45
34 136 45
34 137 47
34 138 47
34 139 47
34 140 63
34 141 63
34 142 63
34 143 63
34 144 63
34 145 63
34 146 63
34 147 63
34 148 57
34 149 57
34 150 57
34 151 56
34 152 56
34 153 56
34 154 63
34 155 63
34 156 62
34 157 67
34 158 75
34 159 84
34 160 84
34 161 84
34 162 84
34 163 84
34 164 84
34 165 76
34 166 76
34 167 74
34 168 74
34 169 74
34 170 69
34 171 68
34 172 56
34 173 56
34 174 56
34 175 63
34 176 63
34 177 62
34 178 62
34 179 62
34 180 62
34 181 62
34 182 61
34 183 44
35 131 45
35 132 45
35 133 45
35 134 45
35 135 45
35 136 45
35 137 47
35 138 47
35 139 47
35 140 47
35 141 63
35 142 63
35 143 63
35 144 63
35 145 63
35 146 63
35 147 63
35 148 63
35 149 56
35 150 57
35 151 56
35 152 56
35 153 56
35 154 56
35 155 63
35 156 63
35 157 67
35 158 84
35 159 84
35 160 84
35 161 85
35 162 84
35 163 84
35 164 84
35 165 76
35 166 76
35 167 74
35 168 74
35 169 69
35 170 69
35 171 69
35 172 56
35 173 56
35 174 63
35 175 63
35 176 62
35 177 62
35 178 62
35 179 61
35 180 61
35 181 61
35 182 43
35 183 43
36 132 45
36 133 45
36 134 45
36 135 45
36 136 45
36 137 47
36 138 47
36 139 47
36 140 47
36 141 47
36 142 47
36 143 63
36 144 63
36 145 63
36 146 63
36 147 63
36 148 63
36 149 64
36 150 56
36 151 56
36 152 56
36 153 56
36 154 56
36 155 63
36 156 63
36 157 76
36 158 84
36 159 84
36 160 85
36 161 85
36 162 85
36 163 84
36 164 84
36 165 76
36 166 62
36 167 62
36 168 74
36 169 69
36 170 69
36 171 69
36 172 69
36 173 56
36 174 63
36 175 62
36 176 62
36 177 62
36 178 62
36 179 61
36 180 44
36 181 44
36 182 44
36 183 43
37 133 45
37 134 45
37 135 45
37 136 45
37 137 47
37 138 47
37 139 47
37 140 47
37 141 47
37 142 47
37 143 47
37 144 47
37 145 63
37 146 63
37 147 63
37 148 63
37 149 63
37 150 63
37 151 56
37 152 56
37 153 56
37 154 56
37 155 56
37 156 75
37 157 76
37 158 85
37 159 85
37 160 85
37 161 85
37 162 85
37 163 85
37 164 84
37 165 75
37 166 63
37 167 62
37 168 69
37 169 69
37 170 69
37 171 69
37 172 69
37 173 63
37 174 62
37 175 62
37 176 62
37 177 62
37 178 44
37 179 44
37 180 44
37 181 44
37 182 44
37 183 43
37 184 43
38 133 45
38 134 45
38 135 45
38 136 45
38 137 47
38 138 47
38 139 47
38 140 47
38 141 47
38 142 47
38 143 47
38 144 47
38 145 47
38 146 63
38 147 63
38 148 63
38 149 63
38 150 64
38 151 63
38 152 37
38 153 56
38 154 56
38 155 56
38 156 75
38 157 77
38 158 85
38 159 85
38 160 85
38 161 85
38 162 85
38 163 85
38 164 84
38 165 75
38 166 63
38 167 63
38 168 69
38 169 69
38 170 69
38 171 69
38 172 68
38 173 63
38 174 63
38 175 62
38 176 62
38 177 46
38 178 44
38 179 44
38 180 44
38 181 44
38 182 44
38 183 43
38 184 43
39 133 45
39 134 45
39 135 45
39 136 45
39 137 47
39 138 47
39 139 47
39 140 47
39 141 47
39 142 47
39 143 47
39 144 47
39 145 47
39 146 63
39 147 63
39 148 63
39 149 63
39 150 64
39 151 63
39 152 64
39 153 38
39 154 56
39 155 56
39 156 75
39 157 77
39 158 85
39 159 85
39 160 85
39 161 85
39 162 85
39 163 85
39 164 77
39 165 75
39 166 63
39 167 63
39 168 69
39 169 69
39 170 69
39 171 69
39 172 74
39 173 63
39 174 63
39 175 62
39 176 46
39 177 44
39 178 44
39 179 44
39 180 44
39 181 44
39 182 44
39 183 44
39 184 43
40 133 44
40 134 45
40 135 45
40 136 45
40 137 47
40 138 47
40 139 47
40 140 47
40 141 47
40 142 47
40 143 47
40 144 47
40 145 47
40 146 63
40 147 63
40 148 64
40 149 64
40 150 64
40 151 64
40 152 64
40 153 48
40 154 38
40 155 56
40 156 70
40 157 77
40 158 78
40 159 85
40 160 85
40 161 85
40 162 85
40 163 79
40 164 77
40 165 75
40 166 63
40 167 69
40 168 69
40 169 69
40 170 69
40 171 69
40 172 63
40 173 63
40 174 63
40 175 46
40 176 46
40 177 44
40 178 44
40 179 44
40 180 44
40 181 44
40 182 44
40 183 44
40 184 43
41 134 45
41 135 45
41 136 45
41 137 47
41 138 47
41 139 47
41 140 47
41 141 47
41 142 47
41 143 47
41 144 47
41 145 63
41 146 64
41 147 64
41 148 64
41 149 64
41 150 64
41 151 64
41 152 64
41 153 64
41 154 38
41 155 69
41 156 68
41 157 68
41 158 79
41 159 86
41 160 85
41 161 85
41 162 86
41 163 79
41 164 77
41 165 76
41 166 75
41 167 70
41 168 70
41 169 69
41 170 69
41 171 75
41 172 63
41 173 63
41 174 63
41 175 46
41 176 44
41 177 44
41 178 44
41 179 44
41 180 44
41 181 44
41 182 44
41 183 44
41 184 43
42 134 44
42 135 45
42 136 75
42 137 82
42 138 72
42 139 63
42 140 69
42 141 63
42 142 82
42 143 95
42 144 70
42 145 85
42 146 78
42 147 71
42 148 76
42 149 78
42 150 78
42 151 81
42 152 64
42 153 64
42 154 38
42 155 57
42 156 68
42 157 68
42 158 79
42 159 86
42 160 86
42 161 86
42 162 79
42 163 79
42 164 78
42 165 76
42 166 70
42 167 70
42 168 70
42 169 70
42 170 70
42 171 63
42 172 63
42 173 63
42 174 46
42 175 44
42 176 44
42 177 44
42 178 44
42 179 44
42 180 44
42 181 44
42 182 44
42 183 44
42 184 43
43 135 58
43 136 50
43 137 54
43 138 48
43 139 69
43 140 50
43 141 47
43 142 47
43 143 40
43 144 50
43 145 53
43 146 48
43 147 62
43 148 63
43 149 69
43 150 65
43 151 71
43 152 71
43 153 58
43 154 57
43 155 57
43 156 68
43 157 68
43 158 68
43 159 79
43 160 86
43 161 85
43 162 79
43 163 79
43 164 79
43 165 71
43 166 70
43 167 70
43 168 70
43 169 70
43 170 70
43 171 75
43 172 63
43 173 63
43 174 46
43 175 44
43 176 44
43 177 44
43 178 44
43 179 44
43 180 44
43 181 44
43 182 44
43 183 44
43 184 44
44 134 50
44 135 54
44 136 44
44 137 54
44 138 75
44 139 50
44 140 56
44 141 47
44 142 14
44 143 14
44 144 25
44 145 49
44 146 44
44 147 58
44 148 63
44 149 61
44 150 69
44 151 65
44 152 65
44 153 65
44 154 50
44 155 68
44 156 68
44 157 69
44 158 69
44 159 69
44 160 86
44 161 86
44 162 79
44 163 79
44 164 69
44 165 69
44 166 71
44 167 70
44 168 70
44 169 70
44 170 70
44 171 75
44 172 63
44 173 63
44 174 44
44 175 44
44 176 44
44 177 44
44 178 44
44 179 44
44 180 44
44 181 44
44 182 44
44 183 44
44 184 44
45 133 44
45 134 41
45 135 48
45 136 82
45 137 69
45 138 61
45 139 69
45 140 47
45 141 14
45 142 14
45 143 6
45 144 6
45 145 43
45 146 74
45 147 43
45 148 63
45 149 63
45 150 73
45 151 69
45 152 65
45 153 65
45 154 51
45 155 58
45 156 69
45 157 69
45 158 69
45 159 69
45 160 76
45 161 86
45 162 79
45 163 79
45 164 69
45 165 69
45 166 71
45 167 71
45 168 70
45 169 70
45 170 70
45 171 76
45 172 64
45 173 64
45 174 44
45 175 44
45 176 44
45 177 44
45 178 44
45 179 44
45 180 44
45 181 44
45 182 44
45 183 44
45 184 43
46 133 40
46 134 66
46 135 83
46 136 61
46 137 48
46 138 53
46 139 47
46 140 47
46 141 14
46 142 14
46 143 6
46 144 6
46 145 35
46 146 70
46 147 43
46 148 63
46 149 63
46 150 61
46 151 69
46 152 65
46 153 66
46 154 70
46 155 45
46 156 58
46 157 69
46 158 69
46 159 69
46 160 69
46 161 79
46 162 79
46 163 69
46 164 69
46 165 69
46 166 69
46 167 71
46 168 71
46 169 70
46 170 70
46 171 65
46 172 64
46 173 64
46 174 44
46 175 44
46 176 44
46 177 44
46 178 44
46 179 44
46 180 44
46 181 44
46 182 44
46 183 44
47 133 40
47 134 63
47 135 69
47 136 69
47 137 61
47 138 50
47 139 48
47 140 41
47 141 13
47 143 6
47 144 6
47 145 35
47 146 68
47 147 44
47 148 63
47 149 61
47 150 61
47 151 70
47 152 68
47 153 66
47 154 76
47 155 45
47 156 58
47 157 58
47 158 69
47 159 69
47 160 69
47 161 62
47 162 69
47 163 69
47 164 63
47 165 69
47 166 69
47 167 71
47 168 71
47 169 70
47 170 70
47 171 65
47 172 64
47 173 64
47 174 44
47 175 44
47 176 44
47 177 44
47 178 44
47 179 44
47 180 44
47 181 44
47 182 44
48 132 55
48 133 35
48 134 79
48 135 64
48 136 70
48 137 61
48 138 48
48 139 48
48 140 41
48 141 13
48 145 6
48 146 35
48 147 66
48 148 55
48 149 61
48 150 61
48 151 70
48 152 68
48 153 66
48 154 68
48 155 45
48 156 45
48 157 58
48 158 69
48 159 69
48 160 62
48 161 54
48 162 54
48 163 69
48 164 63
48 165 63
48 166 69
48 167 71
48 168 71
48 169 71
48 170 58
48 171 65
48 172 65
48 173 64
48 174 45
48 175 45
48 176 44
48 177 44
48 178 44
48 179 44
48 180 44
48 181 44
48 182 44
49 132 56
49 133 79
49 134 63
49 135 48
49 136 72
49 137 48
49 138 48
49 139 41
49 140 27
49 141 13
49 146 35
49 147 66
49 148 55
49 149 63
49 150 61
49 151 69
49 152 68
49 153 66
49 154 66
49 155 56
49 156 45
49 157 58
49 158 59
49 159 69
49 160 54
49 161 54
49 162 54
49 163 58
49 164 63
49 165 63
49 166 63
49 167 69
49 168 71
49 169 58
49 170 58
49 171 65
49 172 65
49 173 65
49 174 45
49 175 45
49 176 45
49 177 44
49 178 44
49 179 44
49 180 44
49 181 44
50 132 74
50 133 72
50 134 56
50 135 61
50 136 48
50 137 48
50 138 51
50 139 42
50 140 14
50 146 5
50 147 77
50 148 44
50 149 63
50 150 62
50 151 68
50 152 68
50 153 66
50 154 64
50 155 56
50 156 45
50 157 46
50 158 59
50 159 43
50 160 55
50 161 54
50 162 55
50 163 54
50 164 63
50 165 63
50 166 63
50 167 69
50 168 59
50 169 59
50 170 58
50 171 65
50 172 65
50 173 65
50 174 47
50 175 45
50 176 45
50 177 44
50 178 44
50 179 44
50 180 44
51 131 54
51 132 67
51 133 48
51 134 48
51 135 48
51 136 48
51 137 48
51 138 41
51 139 28
51 140 14
51 146 27
51 147 46
51 148 82
51 149 66
51 150 62
51 151 74
51 152 74
51 153 64
51 154 64
51 155 68
51 156 49
51 157 46
51 158 34
51 159 43
51 160 43
51 161 55
51 162 55
51 163 54
51 164 54
51 165 63
51 166 63
51 167 63
51 168 57
51 169 59
51 170 58
51 171 65
51 172 65
51 173 65
51 174 47
51 175 45
51 176 45
51 177 45
51 178 44
51 179 44
52 131 79
52 132 54
52 133 57
52 134 69
52 135 48
52 136 48
52 137 53
52 138 42
52 139 28
52 140 13
52 146 26
52 147 43
52 148 88
52 149 44
52 150 64
52 151 75
52 152 75
52 153 64
52 154 64
52 155 69
52 156 49
52 157 38
52 158 34
52 159 34
52 160 43
52 161 43
52 162 55
52 163 55
52 164 55
52 165 64
52 166 64
52 167 50
52 168 58
52 169 60
52 170 59
52 171 66
52 172 66
52 173 66
52 174 48
52 175 45
52 176 45
52 177 45
52 178 44
52 179 44
53 131 69
53 132 48
53 133 48
53 134 61
53 135 48
53 136 48
53 137 43
53 138 27
53 139 13
53 146 26
53 147 42
53 148 64
53 149 44
53 150 73
53 151 75
53 152 75
53 153 64
53 154 64
53 155 70
53 156 50
53 157 34
53 158 34
53 159 34
53 160 34
53 161 43
53 162 43
53 163 55
53 164 55
53 165 55
53 166 64
53 167 50
53 168 58
53 169 58
53 170 60
53 171 66
53 172 66
53 173 66
53 174 65
53 175 48
53 176 45
53 177 45
53 178 45
53 189 44
53 190 44
53 191 44
53 192 44
53 193 44
53 194 44
54 130 57
54 131 62
54 132 57
54 133 48
54 134 61
54 135 48
54 136 48
54 137 42
54 138 28
54 139 13
54 146 26
54 147 41
54 148 67
54 149 44
54 150 61
54 151 65
54 152 67
54 153 64
54 154 67
54 155 70
54 156 62
54 157 35
54 158 35
54 159 34
54 160 34
54 161 43
54 162 43
54 163 43
54 164 55
54 165 55
54 166 64
54 167 50
54 168 58
54 169 58
54 170 52
54 171 67
54 172 67
54 173 67
54 174 66
54 175 48
54 176 46
54 177 45
54 178 45
54 179 43
54 180 43
54 181 43
54 182 43
54 186 44
54 187 44
54 188 45
54 189 45
54 190 45
54 191 44
54 192 44
54 193 44
54 194 44
54 195 44
54 196 44
55 130 76
55 131 72
55 132 48
55 133 57
55 134 70
55 135 48
55 136 48
55 137 42
55 138 28
55 139 13
55 146 26
55 147 41
55 148 67
55 149 44
55 150 47
55 151 66
55 152 67
55 153 65
55 154 61
55 155 70
55 156 35
55 157 35
55 158 35
55 159 35
55 160 34
55 161 35
55 162 43
55 163 43
55 164 55
55 165 55
55 166 64
55 167 50
55 168 58
55 169 58
55 170 60
55 171 67
55 172 67
55 173 67
55 174 66
55 175 49
55 176 46
55 177 46
55 178 46
55 179 43
55 180 43
55 181 43
55 182 43
55 183 44
55 184 44
55 185 45
55 186 45
55 187 45
55 188 45
55 189 45
55 190 45
55 191 45
55 192 45
55 193 44
55 194 44
55 195 44
55 196 44
55 197 44
55 198 44
56 130 75
56 131 71
56 132 48
56 133 48
56 134 69
56 135 48
56 136 48
56 137 48
56 138 28
56 139 13
56 146 26
56 147 41
56 148 77
56 149 44
56 150 48
56 151 64
56 152 67
56 153 65
56 154 70
56 155 66
56 156 35
56 157 35
56 158 35
56 159 35
56 160 35
56 161 35
56 162 35
56 163 43
56 164 43
56 165 56
56 166 64
56 167 64
56 168 58
56 169 50
56 170 60
56 171 67
56 172 67
56 173 67
56 174 49
56 175 49
56 176 46
56 177 46
56 178 47
56 179 43
56 180 43
56 181 43
56 182 61
56 183 45
56 184 45
56 185 45
56 186 45
56 187 45
56 188 45
56 189 45
56 190 45
56 191 45
56 192 45
56 193 45
56 194 44
56 195 44
56 196 44
56 197 44
56 198 44
57 130 75
57 131 71
57 132 48
57 133 49
57 134 48
57 135 48
57 136 48
57 137 48
57 138 42
57 139 13
57 146 26
57 147 50
57 148 67
57 149 44
57 150 48
57 151 69
57 152 67
57 153 65
57 154 70
57 155 35
57 156 35
57 157 35
57 158 35
57 159 35
57 160 35
57 161 35
57 162 35
57 163 35
57 164 43
57 165 56
57 166 65
57 167 65
57 168 58
57 169 50
57 170 67
57 171 67
57 172 67
57 173 67
57 174 49
57 175 49
57 176 46
57 177 47
57 178 47
57 179 44
57 180 44
57 181 61
57 182 61
57 183 61
57 184 45
57 185 45
57 186 45
57 187 45
57 188 45
57 189 45
57 190 45
57 191 45
57 192 45
57 193 45
57 194 44
57 195 44
57 196 44
57 197 44
57 198 44
57 199 44
58 130 75
58 131 72
58 132 48
58 133 48
58 134 54
58 135 48
58 136 48
58 137 48
58 138 48
58 139 13
58 146 25
58 147 84
58 148 44
58 149 50
58 150 62
58 151 74
58 152 68
58 153 65
58 154 70
58 155 35
58 156 35
58 157 35
58 158 35
58 159 35
58 160 35
58 161 35
58 162 35
58 163 35
58 164 35
58 165 44
58 166 65
58 167 65
58 168 64
58 169 50
58 170 67
58 171 67
58 172 67
58 173 67
58 174 49
58 175 49
58 176 46
58 177 47
58 178 47
58 179 47
58 180 44
58 181 61
58 182 61
58 183 61
58 184 45
58 185 45
58 186 45
58 187 45
58 188 45
58 189 45
58 190 45
58 191 45
58 192 45
58 193 45
58 194 44
58 195 44
58 196 44
58 197 44
58 198 44
58 199 44
59 131 62
59 132 48
59 133 48
59 134 57
59 135 48
59 136 48
59 137 48
59 138 48
59 139 13
59 140 13
59 146 34
59 147 57
59 148 45
59 149 62
59 150 62
59 151 69
59 152 68
59 153 68
59 154 42
59 155 35
59 156 35
59 157 35
59 158 35
59 159 35
59 160 35
59 161 35
59 162 35
59 163 35
59 164 35
59 165 35
59 166 57
59 167 63
59 168 65
59 169 50
59 170 68
59 171 68
59 172 68
59 173 49
59 174 49
59 175 49
59 176 46
59 177 47
59 178 47
59 179 47
59 180 62
59 181 62
59 182 62
59 183 62
59 184 45
59 185 45
59 186 45
59 187 45
59 188 45
59 189 45
59 190 45
59 191 45
59 192 45
59 193 45
59 194 45
59 195 44
59 196 44
59 197 44
59 198 44
59 199 44
60 131 62
60 132 52
60 133 49
60 134 48
60 135 69
60 136 48
60 137 48
60 138 48
60 139 42
60 140 13
60 146 79
60 147 69
60 148 67
60 149 62
60 150 71
60 151 70
60 152 65
60 153 68
60 154 43
60 155 35
60 156 35
60 157 35
60 158 35
60 159 35
60 160 35
60 161 35
60 162 35
60 163 35
60 164 35
60 165 35
60 166 50
60 167 63
60 168 63
60 169 53
60 170 68
60 171 68
60 172 68
60 173 49
60 174 49
60 175 46
60 176 47
60 177 47
60 178 47
60 179 47
60 180 62
60 181 62
60 182 62
60 183 62
60 184 61
60 185 45
60 186 45
60 187 45
60 188 45
60 189 45
60 190 45
60 191 45
60 192 45
60 193 45
60 194 45
60 195 44
60 196 44
60 197 44
60 198 44
60 199 43
61 131 54
61 132 72
61 133 57
61 134 48
61 135 48
61 136 48
61 137 48
61 138 48
61 139 48
61 140 13
61 146 75
61 147 49
61 148 64
61 149 62
61 150 70
61 151 76
61 152 68
61 153 58
61 154 43
61 155 35
61 156 35
61 157 35
61 158 35
61 159 35
61 160 35
61 161 35
61 162 35
61 163 35
61 164 35
61 165 34
61 166 39
61 167 63
61 168 65
61 169 73
61 170 68
61 171 68
61 172 49
61 173 49
61 174 49
61 175 47
61 176 47
61 177 47
61 178 47
61 179 64
61 180 62
61 181 62
61 182 62
61 183 62
61 184 61
61 185 45
61 186 45
61 187 45
61 188 45
61 189 45
61 190 45
61 191 45
61 192 45
61 193 45
61 194 45
61 195 44
61 196 44
61 197 44
61 198 44
62 132 61
62 133 52
62 134 48
62 135 48
62 136 48
62 137 48
62 138 48
62 139 48
62 140 13
62 141 13
62 146 69
62 147 49
62 148 63
62 149 61
62 150 65
62 151 77
62 152 68
62 153 58
62 154 35
62 155 36
62 156 36
62 157 35
62 158 35
62 159 35
62 160 35
62 161 35
62 162 35
62 163 35
62 164 35
62 165 35
62 166 39
62 167 56
62 168 66
62 169 74
62 170 68
62 171 68
62 172 50
62 173 50
62 174 49
62 175 47
62 176 47
62 177 48
62 178 48
62 179 64
62 180 62
62 181 62
62 182 62
62 183 62
62 184 62
62 185 45
62 186 45
62 187 45
62 188 45
62 189 45
62 190 45
62 191 45
62 192 45
62 193 45
62 194 45
62 195 44
62 196 44
62 197 44
62 198 43
63 132 29
63 133 52
63 134 48
63 135 48
63 136 57
63 137 48
63 138 48
63 139 30
63 140 13
63 141 13
63 146 53
63 147 49
63 148 70
63 149 73
63 150 78
63 151 71
63 152 71
63 153 59
63 154 36
63 155 36
63 156 36
63 157 35
63 158 35
63 159 35
63 160 35
63 161 35
63 162 35
63 163 35
63 164 35
63 165 35
63 166 35
63 167 47
63 168 66
63 169 74
63 170 80
63 171 50
63 172 50
63 173 50
63 174 47
63 175 47
63 176 48
63 177 48
63 178 64
63 179 64
63 180 64
63 181 62
63 182 62
63 183 62
63 184 62
63 185 45
63 186 45
63 187 45
63 188 45
63 189 45
63 190 45
63 191 45
63 192 45
63 193 45
63 194 45
63 195 44
63 196 44
63 197 44
64 132 29
64 133 62
64 134 48
64 135 48
64 136 48
64 137 48
64 138 48
64 139 29
64 140 13
64 146 42
64 147 49
64 148 49
64 149 64
64 150 72
64 151 72
64 152 69
64 153 50
64 154 36
64 155 36
64 156 36
64 157 35
64 158 36
64 159 36
64 160 35
64 161 35
64 162 35
64 163 35
64 164 35
64 165 35
64 166 35
64 167 47
64 168 66
64 169 74
64 170 80
64 171 50
64 172 50
64 173 50
64 174 47
64 175 47
64 176 64
64 177 64
64 178 64
64 179 65
64 180 64
64 181 62
64 182 62
64 183 62
64 184 62
64 185 45
64 186 45
64 187 45
64 188 45
64 189 45
64 190 45
64 191 45
64 192 45
64 193 45
64 194 45
64 195 44
65 131 30
65 132 30
65 133 62
65 134 49
65 135 49
65 136 49
65 137 48
65 138 30
65 139 30
65 140 14
65 146 34
65 147 42
65 148 70
65 149 61
65 150 70
65 151 72
65 152 74
65 153 71
65 154 36
65 155 36
65 156 36
65 157 36
65 158 36
65 159 36
65 160 36
65 161 35
65 162 35
65 163 35
65 164 35
65 165 35
65 166 48
65 167 48
65 168 66
65 169 75
65 170 67
65 171 67
65 172 50
65 173 47
65 174 47
65 175 64
65 176 65
65 177 65
65 178 65
65 179 65
65 180 65
65 181 63
65 182 62
65 183 62
65 184 62
65 185 45
65 186 45
65 187 45
65 188 45
65 189 45
65 190 45
65 191 45
65 192 45
65 193 45
65 194 44
66 130 29
66 131 30
66 132 30
66 133 53
66 134 49
66 135 71
66 136 50
66 137 30
66 138 30
66 139 14
66 147 50
66 148 45
66 149 48
66 150 68
66 151 70
66 152 64
66 153 60
66 154 37
66 155 36
66 156 36
66 157 36
66 158 36
66 159 36
66 160 36
66 161 35
66 162 35
66 163 35
66 164 35
66 165 35
66 166 48
66 167 48
66 168 60
66 169 81
66 170 67
66 171 67
66 172 50
66 173 65
66 174 65
66 175 65
66 176 65
66 177 65
66 178 65
66 179 65
66 180 65
66 181 65
66 182 63
66 183 62
66 184 62
66 185 45
66 186 45
66 187 45
66 188 45
66 189 45
66 190 45
66 191 45
66 192 45
66 193 45
67 128 55
67 129 30
67 130 31
67 131 31
67 132 31
67 133 50
67 134 63
67 135 38
67 136 30
67 137 30
67 138 31
67 148 73
67 149 45
67 150 37
67 151 54
67 152 64
67 153 64
67 154 52
67 155 37
67 156 37
67 157 36
67 158 36
67 159 36
67 160 36
67 161 36
67 162 36
67 163 35
67 164 35
67 165 35
67 166 48
67 167 48
67 168 71
67 169 81
67 170 67
67 171 67
67 172 65
67 173 65
67 174 66
67 175 66
67 176 66
67 177 66
67 178 66
67 179 65
67 180 65
67 181 65
67 182 63
67 183 62
67 184 62
67 185 45
67 186 45
67 187 45
67 188 45
67 189 45
67 190 45
67 191 45
67 192 45
68 126 82
68 127 31
68 128 43
68 129 31
68 130 31
68 131 72
68 132 50
68 133 39
68 134 31
68 135 30
68 136 31
68 137 31
68 149 62
68 150 62
68 151 30
68 152 39
68 153 51
68 154 48
68 155 54
68 156 67
68 157 37
68 158 37
68 159 36
68 160 36
68 161 36
68 162 36
68 163 36
68 164 35
68 165 35
68 166 48
68 167 48
68 168 74
68 169 68
68 170 68
68 171 66
68 172 66
68 173 66
68 174 66
68 175 66
68 176 66
68 177 66
68 178 66
68 179 66
68 180 66
68 181 64
68 182 63
68 183 63
68 184 62
68 185 45
68 186 45
68 187 45
68 188 45
68 189 45
68 192 45
68 193 45
68 194 45
68 195 45
68 196 45
68 197 45
69 121 69
69 122 77
69 123 60
69 124 50
69 125 31
69 126 31
69 127 31
69 128 63
69 129 32
69 130 31
69 131 39
69 132 31
69 133 30
69 134 30
69 135 31
69 136 19
69 150 62
69 151 30
69 152 30
69 153 40
69 154 51
69 155 51
69 156 60
69 157 55
69 158 32
69 159 34
69 160 37
69 161 36
69 162 36
69 163 36
69 164 35
69 165 39
69 166 48
69 167 48
69 168 59
69 169 68
69 170 68
69 171 67
69 172 66
69 173 66
69 174 66
69 175 66
69 176 66
69 177 66
69 178 66
69 179 66
69 180 66
69 181 64
69 182 64
69 183 64
69 184 46
69 185 45
69 186 45
69 187 45
69 191 45
69 192 45
69 193 45
69 194 45
69 195 45
69 196 45
69 197 45
69 198 45
69 199 44
70 119 74
70 120 31
70 121 31
70 122 31
70 123 31
70 124 31
70 125 31
70 126 83
70 127 46
70 128 32
70 129 64
70 130 32
70 131 31
70 132 31
70 133 31
70 151 77
70 152 78
70 153 63
70 154 31
70 155 40
70 156 40
70 157 51
70 158 55
70 159 65
70 160 34
70 161 44
70 162 39
70 163 38
70 164 41
70 165 48
70 166 48
70 167 48
70 168 60
70 169 61
70 170 61
70 171 67
70 172 67
70 173 67
70 174 67
70 175 66
70 176 66
70 177 66
70 178 66
70 179 66
70 180 64
70 181 64
70 182 64
70 183 64
70 184 46
70 185 46
70 186 45
70 189 45
70 190 45
70 191 45
70 192 45
70 193 45
70 194 45
70 195 45
70 196 45
70 197 45
70 198 45
70 199 44
70 200 44
71 118 63
71 119 31
71 120 31
71 121 31
71 122 30
71 123 31
71 124 31
71 125 39
71 126 32
71 127 55
71 128 51
71 129 31
71 130 31
71 131 24
71 153 90
71 154 96
71 155 87
71 156 68
71 157 66
71 158 66
71 159 52
71 160 65
71 161 63
71 162 33
71 163 50
71 164 42
71 165 49
71 166 49
71 167 48
71 168 52
71 169 62
71 170 61
71 171 68
71 172 67
71 173 67
71 174 67
71 175 67
71 176 67
71 177 66
71 178 66
71 179 64
71 180 64
71 181 64
71 182 64
71 183 64
71 184 64
71 185 46
71 186 45
71 188 45
71 189 45
71 190 45
71 191 45
71 192 45
71 193 45
71 194 45
71 195 45
71 196 45
71 197 45
71 198 45
71 199 44
71 200 44
72 117 74
72 118 31
72 119 31
72 120 31
72 121 31
72 122 31
72 123 30
72 124 50
72 125 66
72 126 51
72 127 40
72 128 32
72 129 24
72 155 26
72 156 63
72 157 77
72 158 62
72 159 31
72 160 31
72 161 74
72 162 63
72 163 32
72 164 51
72 165 50
72 166 49
72 167 49
72 168 52
72 169 62
72 170 68
72 171 68
72 172 67
72 173 67
72 174 67
72 175 67
72 176 67
72 177 67
72 178 65
72 179 65
72 180 65
72 181 65
72 182 65
72 183 64
72 184 64
72 185 46
72 187 45
72 188 45
72 189 45
72 190 45
72 191 45
72 192 45
72 193 45
72 194 45
72 195 45
72 196 45
72 197 45
72 198 45
72 199 44
72 200 44
73 117 45
73 118 31
73 119 31
73 120 31
73 121 31
73 122 31
73 123 50
73 124 56
73 125 40
73 126 32
73 127 46
73 158 59
73 159 73
73 160 31
73 161 31
73 162 31
73 163 73
73 164 47
73 165 51
73 166 50
73 167 49
73 168 52
73 169 62
73 170 68
73 171 68
73 172 68
73 173 67
73 174 67
73 175 67
73 176 67
73 177 65
73 178 65
73 179 65
73 180 65
73 181 65
73 182 65
73 183 65
73 184 65
73 185 46
73 186 45
73 187 46
73 188 46
73 189 45
73 190 45
73 191 45
73 192 45
73 193 45
73 194 45
73 195 45
73 196 45
73 197 45
73 198 45
73 199 44
73 200 44
74 116 70
74 117 31
74 118 30
74 119 31
74 120 31
74 121 31
74 122 30
74 123 73
74 124 40
74 125 32
74 126 47
74 159 31
74 160 52
74 161 31
74 162 31
74 163 31
74 164 56
74 165 68
74 166 51
74 167 52
74 168 55
74 169 69
74 170 68
74 171 68
74 172 68
74 173 68
74 174 67
74 175 67
74 176 67
74 177 66
74 178 66
74 179 65
74 180 65
74 181 65
74 182 65
74 183 65
74 184 65
74 185 46
74 186 46
74 187 46
74 188 46
74 189 46
74 190 46
74 191 45
74 192 45
74 193 45
74 194 45
74 195 45
74 196 45
74 197 45
74 198 45
74 199 45
74 200 44
75 116 66
75 117 31
75 118 30
75 119 31
75 120 31
75 121 31
75 122 73
75 123 54
75 124 32
75 125 32
75 126 31
75 160 43
75 161 62
75 162 31
75 163 31
75 164 47
75 165 47
75 166 68
75 167 49
75 168 55
75 169 70
75 170 68
75 171 68
75 172 68
75 173 68
75 174 68
75 175 67
75 176 66
75 177 66
75 178 66
75 179 66
75 180 66
75 181 66
75 182 66
75 183 66
75 184 66
75 185 46
75 186 46
75 187 46
75 188 46
75 189 46
75 190 46
75 191 46
75 192 46
75 193 45
75 194 45
75 195 45
75 196 45
75 197 45
75 198 45
75 199 45
75 200 44
76 116 31
76 117 30
76 118 31
76 119 31
76 120 31
76 121 31
76 122 89
76 123 32
76 124 32
76 125 32
76 126 14
76 161 45
76 162 31
76 163 31
76 164 47
76 165 47
76 166 47
76 167 68
76 168 52
76 169 70
76 170 69
76 171 68
76 172 68
76 173 68
76 174 68
76 175 66
76 176 66
76 177 66
76 178 66
76 179 66
76 180 66
76 181 66
76 182 67
76 183 67
76 184 66
76 185 65
76 186 46
76 187 46
76 188 46
76 189 46
76 190 46
76 191 46
76 192 46
76 193 46
76 194 45
76 195 45
76 196 45
76 197 45
76 198 45
76 199 45
76 200 44
77 115 71
77 116 31
77 117 30
77 118 31
77 119 31
77 120 31
77 121 31
77 122 76
77 123 32
77 124 32
77 125 32
77 126 14
77 162 38
77 163 31
77 164 47
77 165 47
77 166 47
77 167 57
77 168 56
77 169 64
77 170 69
77 171 69
77 172 68
77 173 68
77 174 66
77 175 66
77 176 66
77 177 66
77 178 66
77 179 67
77 180 67
77 181 67
77 182 67
77 183 67
77 184 67
77 185 66
77 186 46
77 187 46
77 188 46
77 189 46
77 190 46
77 191 46
77 192 46
77 193 46
77 194 46
77 195 45
77 196 45
77 197 45
77 198 45
77 199 45
77 200 44
78 115 65
78 116 45
78 117 30
78 118 31
78 119 31
78 120 31
78 121 65
78 122 32
78 123 32
78 124 31
78 125 14
78 162 30
78 163 31
78 164 47
78 165 47
78 166 47
78 167 47
78 168 83
78 169 54
78 170 64
78 171 69
78 172 69
78 173 67
78 174 67
78 175 68
78 176 68
78 177 67
78 178 67
78 179 67
78 180 67
78 181 67
78 182 67
78 183 67
78 184 67
78 185 46
78 186 46
78 187 46
78 188 46
78 189 46
78 190 46
78 191 46
78 192 46
78 193 46
78 194 46
78 195 46
78 196 45
78 197 45
78 198 45
78 199 45
79 114 87
79 115 31
79 116 30
79 117 31
79 118 31
79 119 31
79 120 31
79 121 95
79 122 32
79 123 32
79 124 31
79 125 14
79 163 56
79 164 47
79 165 48
79 166 47
79 167 48
79 168 45
79 169 56
79 170 54
79 171 69
79 172 67
79 173 68
79 174 68
79 175 68
79 176 68
79 177 68
79 178 68
79 179 68
79 180 68
79 181 67
79 182 67
79 183 67
79 184 66
79 185 46
79 186 46
79 187 46
79 188 46
79 189 46
79 190 46
79 191 46
79 192 46
79 193 46
79 194 46
79 195 46
79 196 45
79 197 45
79 198 45
79 199 44
80 114 38
80 115 31
80 116 30
80 117 31
80 118 31
80 119 31
80 120 31
80 121 70
80 122 32
80 123 32
80 124 31
80 163 56
80 164 47
80 165 48
80 166 47
80 167 56
80 168 44
80 169 60
80 170 56
80 171 55
80 172 69
80 173 68
80 174 68
80 175 68
80 176 68
80 177 68
80 178 68
80 179 68
80 180 68
80 181 68
80 182 67
80 183 67
80 184 46
80 185 46
80 186 46
80 187 46
80 188 46
80 189 46
80 190 46
80 191 46
80 192 46
80 193 46
80 194 46
80 195 46
80 196 45
80 197 45
80 198 45
81 113 74
81 114 30
81 115 31
81 116 30
81 117 31
81 118 30
81 119 31
81 120 63
81 121 65
81 122 32
81 123 32
81 124 31
81 163 61
81 164 57
81 165 47
81 166 48
81 167 45
81 168 44
81 169 44
81 170 49
81 171 56
81 172 65
81 173 69
81 174 69
81 175 69
81 176 68
81 177 68
81 178 68
81 179 68
81 180 68
81 181 68
81 182 66
81 183 66
81 184 46
81 185 46
81 186 46
81 187 46
81 188 46
81 189 46
81 190 46
81 191 46
81 192 46
81 193 46
81 194 46
81 195 46
81 196 45
81 197 45
82 113 63
82 114 31
82 115 31
82 116 31
82 117 31
82 118 30
82 119 31
82 120 83
82 121 68
82 122 32
82 123 32
82 124 14
82 163 39
82 164 57
82 165 48
82 166 46
82 167 45
82 168 45
82 169 44
82 170 69
82 171 56
82 172 56
82 173 71
82 174 69
82 175 69
82 176 69
82 177 69
82 178 68
82 179 68
82 180 68
82 181 67
82 182 66
82 183 47
82 184 47
82 185 46
82 186 46
82 187 46
82 188 46
82 189 46
82 190 46
82 191 46
82 192 46
82 193 46
82 194 46
82 195 46
82 196 45
83 113 62
83 114 31
83 115 31
83 116 31
83 117 31
83 118 31
83 119 31
83 120 67
83 121 68
83 122 31
83 123 31
83 124 14
83 162 25
83 163 40
83 164 48
83 165 57
83 166 46
83 167 46
83 168 45
83 169 45
83 170 44
83 171 45
83 172 56
83 173 56
83 174 71
83 175 70
83 176 69
83 177 69
83 178 69
83 179 67
83 180 67
83 181 67
83 182 47
83 183 47
83 184 47
83 185 47
83 186 47
83 187 46
83 188 46
83 189 46
83 190 46
83 191 46
83 192 46
83 193 46
83 194 46
83 195 45
84 112 56
84 113 62
84 114 31
84 115 30
84 116 31
84 117 31
84 118 31
84 119 31
84 120 79
84 121 31
84 122 31
84 123 31
84 162 39
84 163 40
84 164 70
84 165 47
84 166 46
84 167 46
84 168 46
84 169 44
84 170 44
84 171 46
84 172 48
84 173 56
84 174 71
84 175 71
84 176 70
84 177 69
84 178 68
84 179 67
84 180 48
84 181 47
84 182 47
84 183 47
84 184 47
84 185 47
84 186 47
84 187 47
84 188 46
84 189 46
84 190 46
84 191 46
84 192 46
84 193 46
85 112 55
85 113 64
85 114 29
85 115 31
85 116 31
85 117 31
85 118 31
85 119 31
85 120 70
85 121 32
85 122 31
85 123 31
85 162 39
85 163 40
85 164 64
85 165 47
85 166 46
85 167 46
85 168 46
85 169 45
85 170 45
85 171 59
85 172 46
85 173 56
85 174 56
85 175 71
85 176 70
85 177 70
85 178 68
85 179 48
85 180 48
85 181 47
85 182 47
85 183 47
85 184 47
85 185 47
85 186 47
85 187 47
85 188 47
85 189 46
85 190 46
85 191 46
85 192 46
86 113 64
86 114 29
86 115 31
86 116 31
86 117 31
86 118 31
86 119 66
86 120 51
86 121 32
86 122 31
86 123 31
86 162 40
86 163 40
86 164 40
86 165 56
86 166 56
86 167 46
86 168 45
86 169 45
86 170 45
86 171 45
86 172 46
86 173 48
86 174 56
86 175 71
86 176 70
86 177 70
86 178 69
86 179 48
86 180 48
86 181 48
86 182 47
86 183 47
86 184 47
86 185 47
86 186 47
86 187 47
86 188 47
86 189 47
86 190 46
86 191 46
87 113 64
87 114 45
87 115 31
87 116 31
87 117 31
87 118 31
87 119 68
87 120 31
87 121 31
87 122 31
87 123 31
87 161 25
87 162 40
87 163 40
87 164 49
87 165 56
87 166 46
87 167 56
87 168 45
87 169 45
87 170 45
87 171 45
87 172 45
87 173 59
87 174 59
87 175 59
87 176 70
87 177 69
87 178 69
87 179 68
87 180 48
87 181 48
87 182 48
87 183 48
87 184 47
87 185 47
87 186 47
87 187 47
87 188 47
87 189 47
87 190 46
88 113 50
88 114 31
88 115 31
88 116 31
88 117 31
88 118 31
88 119 68
88 120 31
88 121 31
88 122 31
88 123 31
88 161 25
88 162 41
88 163 40
88 164 38
88 165 48
88 166 47
88 167 47
88 168 46
88 169 46
88 170 45
88 171 45
88 172 46
88 173 50
88 174 58
88 175 59
88 176 70
88 177 69
88 178 68
88 179 68
88 180 68
88 181 48
88 182 48
88 183 48
88 184 48
88 185 48
88 186 48
88 187 47
88 188 47
88 189 47
89 112 55
89 113 31
89 114 31
89 115 31
89 116 31
89 117 31
89 118 31
89 119 61
89 120 32
89 121 32
89 122 31
89 123 32
89 161 41
89 162 41
89 163 51
89 164 39
89 165 40
89 166 48
89 167 47
89 168 46
89 169 46
89 170 45
89 171 45
89 172 46
89 173 50
89 174 59
89 175 59
89 176 74
89 177 69
89 178 68
89 179 68
89 180 68
89 181 48
89 182 48
89 183 48
89 184 48
89 185 48
89 186 48
89 187 48
89 188 47
89 189 47
90 112 77
90 113 62
90 114 31
90 115 31
90 116 31
90 117 31
90 118 31
90 119 84
90 120 32
90 121 32
90 122 32
90 123 14
90 161 41
90 162 41
90 163 64
90 164 40
90 165 40
90 166 48
90 167 47
90 168 46
90 169 46
90 170 46
90 171 46
90 172 59
90 173 46
90 174 50
90 175 59
90 176 62
90 177 69
90 178 68
90 179 68
90 180 68
90 181 67
90 182 48
90 183 48
90 184 48
90 185 48
90 186 48
90 187 48
90 188 47
90 189 47
91 112 56
91 113 62
91 114 31
91 115 31
91 116 31
91 117 31
91 118 31
91 119 89
91 120 32
91 121 32
91 122 31
91 123 14
91 161 41
91 162 41
91 163 40
91 164 40
91 165 40
91 166 56
91 167 47
91 168 47
91 169 46
91 170 46
91 171 45
91 172 45
91 173 46
91 174 50
91 175 49
91 176 58
91 177 73
91 178 68
91 179 68
91 180 68
91 181 67
91 182 49
91 183 49
91 184 48
91 185 48
91 186 48
91 187 48
91 188 47
92 112 71
92 113 62
92 114 31
92 115 31
92 116 31
92 117 31
92 118 65
92 119 74
92 120 32
92 121 31
92 122 32
92 161 41
92 162 41
92 163 40
92 164 41
92 165 40
92 166 39
92 167 47
92 168 47
92 169 46
92 170 46
92 171 46
92 172 45
92 173 46
92 174 50
92 175 50
92 176 58
92 177 73
92 178 70
92 179 68
92 180 68
92 181 67
92 182 49
92 183 49
92 184 49
92 185 48
92 186 48
92 187 48
93 112 69
93 113 64
93 114 31
93 115 31
93 116 30
93 117 31
93 118 85
93 119 55
93 120 32
93 121 31
93 122 14
93 161 41
93 162 42
93 163 40
93 164 41
93 165 40
93 166 39
93 167 47
93 168 47
93 169 46
93 170 46
93 171 45
93 172 45
93 173 45
93 174 45
93 175 49
93 176 61
93 177 61
93 178 72
93 179 69
93 180 69
93 181 69
93 182 51
93 183 49
93 184 48
93 185 48
94 112 59
94 113 45
94 114 31
94 115 31
94 116 30
94 117 30
94 118 73
94 119 32
94 120 31
94 121 32
94 122 14
94 161 41
94 162 42
94 163 41
94 164 41
94 165 40
94 166 40
94 167 66
94 168 48
94 169 47
94 170 47
94 171 47
94 172 47
94 173 47
94 174 51
94 175 60
94 176 60
94 177 63
94 178 72
94 179 71
94 180 68
94 181 68
94 182 50
94 183 50
94 184 47
95 112 38
95 113 63
95 114 31
95 115 31
95 116 31
95 117 64
95 118 80
95 119 32
95 120 31
95 121 32
95 161 41
95 162 58
95 163 41
95 164 41
95 165 41
95 166 40
95 167 61
95 168 47
95 169 47
95 170 47
95 171 47
95 172 46
95 173 46
95 174 50
95 175 50
95 176 60
95 177 59
95 178 62
95 179 71
95 180 71
95 181 66
95 182 65
95 183 50
95 184 50
95 185 47
95 186 46
96 111 79
96 112 31
96 113 63
96 114 31
96 115 31
96 116 31
96 117 84
96 118 56
96 119 32
96 120 31
96 121 14
96 161 42
96 162 58
96 163 41
96 164 41
96 165 41
96 166 39
96 167 79
96 168 47
96 169 47
96 170 47
96 171 46
96 172 46
96 173 46
96 174 50
96 175 50
96 176 50
96 177 59
96 178 63
96 179 71
96 180 70
96 181 69
96 182 66
96 183 65
96 184 65
96 185 47
96 186 47
96 187 47
96 188 46
97 111 68
97 112 31
97 113 63
97 114 31
97 115 31
97 116 31
97 117 79
97 118 45
97 119 32
97 120 31
97 121 14
97 161 42
97 162 58
97 163 42
97 164 41
97 165 41
97 166 39
97 167 71
97 168 47
97 169 47
97 170 47
97 171 47
97 172 46
97 173 46
97 174 46
97 175 50
97 176 50
97 177 59
97 178 63
97 179 59
97 180 70
97 181 69
97 182 66
97 183 65
97 184 65
97 185 64
97 186 47
97 187 47
97 188 46
97 189 46
98 111 77
98 112 31
98 113 52
98 114 31
98 115 31
98 116 31
98 117 74
98 118 45
98 119 32
98 120 31
98 161 58
98 162 67
98 163 52
98 164 41
98 165 41
98 166 39
98 167 48
98 168 57
98 169 47
98 170 47
98 171 46
98 172 46
98 173 46
98 174 46
98 175 50
98 176 50
98 177 50
98 178 59
98 179 62
98 180 70
98 181 69
98 182 69
98 183 65
98 184 64
98 185 64
98 186 64
98 187 47
98 188 47
98 189 46
98 190 46
99 111 72
99 112 31
99 113 31
99 114 31
99 115 31
99 116 31
99 117 74
99 118 45
99 119 31
99 120 31
99 160 41
99 161 58
99 162 67
99 163 42
99 164 41
99 165 41
99 166 40
99 167 38
99 168 57
99 169 47
99 170 47
99 171 47
99 172 46
99 173 46
99 174 46
99 175 50
99 176 50
99 177 50
99 178 58
99 179 61
99 180 58
99 181 69
99 182 69
99 183 65
99 184 64
99 185 64
99 186 64
99 187 47
99 188 47
99 189 46
99 190 46
99 191 46
100 111 72
100 112 31
100 113 31
100 114 31
100 115 31
100 116 31
100 117 74
100 118 56
100 119 31
100 120 31
100 121 14
100 160 41
100 161 57
100 162 42
100 163 42
100 164 42
100 165 41
100 166 41
100 167 39
100 168 71
100 169 47
100 170 47
100 171 47
100 172 47
100 173 46
100 174 46
100 175 50
100 176 50
100 177 50
100 178 48
100 179 61
100 180 60
100 181 69
100 182 69
100 183 68
100 184 64
100 185 64
100 186 64
100 187 47
100 188 47
100 189 46
100 190 46
100 191 46
100 192 45
101 110 56
101 111 62
101 112 31
101 113 30
101 114 31
101 115 30
101 116 31
101 117 74
101 118 52
101 119 32
101 120 31
101 121 14
101 160 41
101 161 57
101 162 41
101 163 42
101 164 42
101 165 42
101 166 41
101 167 40
101 168 71
101 169 47
101 170 47
101 171 47
101 172 46
101 173 46
101 174 46
101 175 46
101 176 50
101 177 48
101 178 49
101 179 64
101 180 64
101 181 69
101 182 69
101 183 68
101 184 64
101 185 64
101 186 64
101 187 64
101 188 47
101 189 46
101 190 46
101 191 46
101 192 45
102 110 56
102 111 62
102 112 45
102 113 31
102 114 31
102 115 30
102 116 31
102 117 89
102 118 52
102 119 31
102 120 31
102 121 14
102 160 41
102 161 57
102 162 67
102 163 42
102 164 42
102 165 42
102 166 42
102 167 40
102 168 58
102 169 48
102 170 47
102 171 46
102 172 46
102 173 46
102 174 56
102 175 46
102 176 49
102 177 49
102 178 49
102 179 57
102 180 64
102 181 63
102 182 69
102 183 68
102 184 68
102 185 64
102 186 64
102 187 64
102 188 47
102 189 46
102 190 46
102 191 46
102 192 45
103 110 82
103 111 62
103 112 31
103 113 31
103 114 30
103 115 31
103 116 31
103 117 89
103 118 52
103 119 31
103 120 32
103 160 41
103 161 42
103 162 41
103 163 41
103 164 43
103 165 42
103 166 42
103 167 40
103 168 48
103 169 47
103 170 47
103 171 46
103 172 46
103 173 46
103 174 45
103 175 46
103 176 49
103 177 49
103 178 49
103 179 57
103 180 63
103 181 63
103 182 70
103 183 68
103 184 68
103 185 68
103 186 64
103 187 64
103 188 47
103 189 46
103 190 46
103 191 46
103 192 45
104 110 66
104 111 38
104 112 31
104 113 31
104 114 30
104 115 31
104 116 31
104 117 89
104 118 40
104 119 31
104 120 32
104 160 41
104 161 42
104 162 41
104 163 41
104 164 43
104 165 44
104 166 42
104 167 39
104 168 56
104 169 47
104 170 47
104 171 47
104 172 46
104 173 46
104 174 60
104 175 45
104 176 49
104 177 49
104 178 49
104 179 48
104 180 63
104 181 63
104 182 71
104 183 69
104 184 68
104 185 68
104 186 67
104 187 64
104 188 48
104 189 47
104 190 46
104 191 46
105 110 66
105 111 62
105 112 31
105 113 31
105 114 30
105 115 31
105 116 64
105 117 74
105 118 40
105 119 31
105 120 14
105 160 41
105 161 41
105 162 73
105 163 41
105 164 42
105 165 44
105 166 42
105 167 42
105 168 38
105 169 47
105 170 47
105 171 47
105 172 47
105 173 46
105 174 70
105 175 45
105 176 49
105 177 49
105 178 48
105 179 48
105 180 57
105 181 63
105 182 63
105 183 70
105 184 70
105 185 68
105 186 68
105 187 68
105 188 65
105 189 47
105 190 46
105 191 46
106 109 58
106 110 41
106 111 44
106 112 31
106 113 31
106 114 30
106 115 30
106 116 64
106 117 57
106 118 40
106 119 31
106 161 42
106 162 58
106 163 41
106 164 42
106 165 44
106 166 42
106 167 42
106 168 37
106 169 57
106 170 47
106 171 46
106 172 47
106 173 46
106 174 71
106 175 45
106 176 45
106 177 48
106 178 48
106 179 48
106 180 57
106 181 63
106 182 63
106 183 69
106 184 69
106 185 69
106 186 68
106 187 68
106 188 68
106 189 48
106 190 46
106 191 46
107 109 64
107 110 39
107 111 44
107 112 31
107 113 31
107 114 30
107 115 30
107 116 83
107 117 55
107 118 39
107 119 31
107 161 41
107 162 57
107 163 41
107 164 42
107 165 44
107 166 43
107 167 42
107 168 38
107 169 93
107 170 47
107 171 47
107 172 47
107 173 46
107 174 71
107 175 50
107 176 50
107 177 59
107 178 59
107 179 58
107 180 56
107 181 62
107 182 62
107 183 59
107 184 69
107 185 69
107 186 69
107 187 68
107 188 68
107 189 47
107 190 46
107 191 46
108 109 69
108 110 30
108 111 31
108 112 31
108 113 31
108 114 30
108 115 31
108 116 69
108 117 55
108 118 31
108 119 31
108 161 41
108 162 42
108 163 41
108 164 42
108 165 44
108 166 43
108 167 42
108 168 30
108 169 88
108 170 46
108 171 47
108 172 46
108 173 46
108 174 60
108 175 50
108 176 50
108 177 59
108 178 58
108 179 58
108 180 55
108 181 62
108 182 62
108 183 59
108 184 69
108 185 69
108 186 69
108 187 68
108 188 68
108 189 46
108 190 46
109 109 82
109 110 30
109 111 31
109 112 31
109 113 30
109 114 31
109 115 31
109 116 81
109 117 52
109 118 31
109 119 14
109 161 26
109 162 42
109 163 41
109 164 42
109 165 43
109 166 43
109 167 51
109 168 30
109 169 78
109 170 41
109 171 46
109 172 46
109 173 46
109 174 56
109 175 46
109 176 49
109 177 58
109 178 58
109 179 58
109 180 58
109 181 61
109 182 61
109 183 61
109 184 69
109 185 69
109 186 69
109 187 67
109 188 50
110 109 85
110 110 30
110 111 31
110 112 30
110 113 30
110 114 31
110 115 31
110 116 66
110 117 47
110 118 31
110 119 14
110 162 42
110 163 41
110 164 42
110 165 43
110 166 43
110 167 30
110 168 30
110 169 42
110 170 42
110 171 40
110 172 46
110 173 45
110 174 45
110 175 46
110 176 49
110 177 58
110 178 58
110 179 58
110 180 57
110 181 61
110 182 61
110 183 61
110 184 70
110 185 70
110 186 70
110 187 69
110 188 50
111 109 82
111 110 30
111 111 30
111 112 30
111 113 30
111 114 31
111 115 31
111 116 55
111 117 31
111 118 31
111 119 14
111 162 42
111 163 42
111 164 41
111 165 43
111 166 43
111 167 30
111 168 30
111 169 42
111 170 41
111 171 41
111 172 40
111 173 45
111 174 45
111 175 46
111 176 49
111 177 59
111 178 58
111 179 58
111 180 57
111 181 57
111 182 60
111 183 61
111 184 61
111 185 69
111 186 69
111 187 69
111 188 50
112 109 82
112 110 31
112 111 31
112 112 30
112 113 30
112 114 31
112 115 84
112 116 55
112 117 31
112 118 64
112 119 14
112 162 26
112 163 53
112 164 42
112 165 43
112 166 43
112 167 41
112 168 30
112 169 41
112 170 41
112 171 41
112 172 41
112 173 40
112 174 45
112 175 45
112 176 49
112 177 58
112 178 58
112 179 57
112 180 57
112 181 57
112 182 60
112 183 61
112 184 61
112 185 69
112 186 69
112 187 68
112 188 50
112 189 50
113 109 96
113 110 31
113 111 31
113 112 30
113 113 30
113 114 31
113 115 87
113 116 51
113 117 31
113 118 53
113 162 26
113 163 42
113 164 42
113 165 42
113 166 43
113 167 41
113 168 29
113 169 68
113 170 41
113 171 41
113 172 41
113 173 41
113 174 44
113 175 45
113 176 49
113 177 58
113 178 57
113 179 57
113 180 56
113 181 56
113 182 62
113 183 60
113 184 60
113 185 69
113 186 68
113 187 68
113 188 50
113 189 50
114 109 94
114 110 31
114 111 31
114 112 30
114 113 30
114 114 30
114 115 89
114 116 51
114 117 31
114 118 31
114 163 42
114 164 42
114 165 42
114 166 42
114 167 42
114 168 30
114 169 68
114 170 41
114 171 41
114 172 41
114 173 40
114 174 40
114 175 44
114 176 49
114 177 48
114 178 57
114 179 56
114 180 56
114 181 56
114 182 62
114 183 62
114 184 60
114 185 60
114 186 68
114 187 68
114 188 50
114 189 50
115 109 93
115 110 45
115 111 31
115 112 30
115 113 30
115 114 31
115 115 64
115 116 51
115 117 64
115 118 31
115 163 42
115 164 53
115 165 42
115 166 41
115 167 42
115 168 41
115 169 42
115 170 67
115 171 41
115 172 41
115 173 40
115 174 41
115 175 46
115 176 48
115 177 48
115 178 56
115 179 56
115 180 56
115 181 56
115 182 62
115 183 62
115 184 60
115 185 60
115 186 68
115 187 68
115 188 50
115 189 50
116 109 77
116 110 52
116 111 30
116 112 30
116 113 30
116 114 31
116 115 64
116 116 51
116 117 46
116 118 14
116 163 42
116 164 58
116 165 42
116 166 42
116 167 42
116 168 40
116 169 41
116 170 67
116 171 41
116 172 40
116 173 40
116 174 41
116 175 46
116 176 56
116 177 47
116 178 56
116 179 56
116 180 56
116 181 56
116 182 56
116 183 62
116 184 59
116 185 59
116 186 68
116 187 68
116 188 50
116 189 50
117 109 77
117 110 51
117 111 30
117 112 30
117 113 31
117 114 59
117 115 55
117 116 51
117 117 46
117 118 14
117 163 42
117 164 42
117 165 42
117 166 42
117 167 42
117 168 40
117 169 42
117 170 41
117 171 41
117 172 41
117 173 40
117 174 40
117 175 45
117 176 56
117 177 59
117 178 56
117 179 56
117 180 56
117 181 56
117 182 56
117 183 62
117 184 62
117 185 59
117 186 67
117 187 68
117 188 50
117 189 50
118 109 62
118 110 30
118 111 30
118 112 30
118 113 31
118 114 64
118 115 55
118 116 31
118 117 35
118 163 42
118 164 42
118 165 43
118 166 42
118 167 42
118 168 40
118 169 42
118 170 41
118 171 40
118 172 40
118 173 40
118 174 40
118 175 45
118 176 56
118 177 55
118 178 55
118 179 55
118 180 56
118 181 56
118 182 55
118 183 62
118 184 62
118 185 58
118 186 59
118 187 49
118 188 50
118 189 49
119 109 30
119 110 30
119 111 30
119 112 30
119 113 73
119 114 55
119 115 52
119 116 31
119 117 14
119 163 42
119 164 43
119 165 54
119 166 43
119 167 42
119 168 41
119 169 41
119 170 41
119 171 41
119 172 40
119 173 40
119 174 40
119 175 45
119 176 55
119 177 55
119 178 55
119 179 55
119 180 55
119 181 55
119 182 55
119 183 62
119 184 61
119 185 58
119 186 58
119 187 49
119 188 49
120 109 29
120 110 30
120 111 30
120 112 30
120 113 64
120 114 55
120 115 52
120 116 35
120 117 14
120 163 42
120 164 43
120 165 54
120 166 43
120 167 42
120 168 40
120 169 57
120 170 41
120 171 41
120 172 39
120 173 40
120 174 40
120 175 45
120 176 55
120 177 58
120 178 55
120 179 55
120 180 55
120 181 55
120 182 55
120 183 62
120 184 61
120 185 58
120 186 58
120 187 49
120 188 48
121 109 38
121 110 30
121 111 30
121 112 30
121 113 72
121 114 55
121 115 40
121 116 36
121 163 42
121 164 43
121 165 54
121 166 43
121 167 42
121 168 40
121 169 67
121 170 41
121 171 41
121 172 41
121 173 39
121 174 40
121 175 45
121 176 55
121 177 58
121 178 55
121 179 55
121 180 54
121 181 55
121 182 55
121 183 61
121 184 61
121 185 58
121 186 58
121 187 48
122 109 30
122 110 30
122 111 30
122 112 84
122 113 61
122 114 52
122 115 31
122 116 36
122 164 42
122 165 43
122 166 43
122 167 43
122 168 40
122 169 67
122 170 41
122 171 41
122 172 41
122 173 39
122 174 39
122 175 45
122 176 55
122 177 58
122 178 58
122 179 55
122 180 54
122 181 54
122 182 55
122 183 61
122 184 61
122 185 58
122 186 35
123 108 92
123 109 30
123 110 30
123 111 30
123 112 84
123 113 55
123 114 52
123 115 35
123 164 53
123 165 43
123 166 43
123 167 41
123 168 30
123 169 67
123 170 41
123 171 41
123 172 41
123 173 39
123 174 40
123 175 45
123 176 55
123 177 58
123 178 58
123 179 54
123 180 55
123 181 54
123 182 55
123 183 61
123 184 58
123 185 35
123 186 35
124 108 40
124 109 30
124 110 30
124 111 30
124 112 92
124 113 51
124 114 31
124 115 35
124 164 53
124 165 42
124 166 43
124 167 42
124 168 30
124 169 48
124 170 41
124 171 41
124 172 41
124 173 39
124 174 39
124 175 44
124 176 45
124 177 58
124 178 58
124 179 58
124 180 54
124 181 55
124 182 54
124 183 60
124 184 35
124 185 35
124 186 35
125 107 92
125 108 30
125 109 30
125 110 30
125 111 30
125 112 61
125 113 51
125 114 31
125 115 27
125 163 26
125 164 42
125 165 42
125 166 43
125 167 41
125 168 30
125 169 29
125 170 52
125 171 41
125 172 41
125 173 39
125 174 39
125 175 39
125 176 44
125 177 57
125 178 57
125 179 58
125 180 54
125 181 54
125 182 54
125 183 61
125 184 35
125 185 35
125 186 35
126 107 34
126 108 30
126 109 30
126 110 30
126 111 64
126 112 51
126 113 51
126 114 35
126 115 27
126 163 50
126 164 42
126 165 42
126 166 43
126 167 40
126 168 30
126 169 29
126 170 41
126 171 41
126 172 41
126 173 39
126 174 39
126 175 39
126 176 44
126 177 57
126 178 58
126 179 57
126 180 54
126 181 54
126 182 54
126 183 60
126 184 34
126 185 34
126 186 34
127 106 67
127 107 30
127 108 30
127 109 30
127 110 30
127 111 76
127 112 51
127 113 31
127 114 27
127 163 42
127 164 42
127 165 42
127 166 43
127 167 40
127 168 29
127 169 29
127 170 35
127 171 41
127 172 41
127 173 39
127 174 39
127 175 39
127 176 40
127 177 44
127 178 57
127 179 57
127 180 54
127 181 54
127 182 54
127 183 34
127 184 34
127 185 34
127 186 34
128 106 30
128 107 30
128 108 30
128 109 30
128 110 30
128 111 73
128 112 51
128 113 35
128 114 27
128 162 37
128 163 42
128 164 42
128 165 42
128 166 41
128 167 39
128 168 28
128 169 28
128 170 28
128 171 41
128 172 41
128 173 39
128 174 39
128 175 39
128 176 40
128 177 44
128 178 54
128 179 57
128 180 54
128 181 54
128 182 60
128 183 34
128 184 34
128 185 34
129 106 30
129 107 30
129 108 30
129 109 30
129 110 30
129 111 81
129 112 54
129 113 36
129 114 36
129 162 68
129 163 42
129 164 42
129 165 41
129 166 41
129 167 29
129 168 29
129 169 28
129 170 28
129 171 40
129 172 41
129 173 39
129 174 39
129 175 39
129 176 40
129 177 44
129 178 54
129 179 54
129 180 54
129 181 54
129 182 60
129 183 34
129 184 34
129 185 34
130 106 49
130 107 30
130 108 30
130 109 30
130 110 31
130 111 64
130 112 54
130 113 52
130 114 36
130 162 42
130 163 42
130 164 42
130 165 41
130 166 41
130 167 29
130 168 29
130 169 28
130 170 45
130 171 40
130 172 40
130 173 38
130 174 39
130 175 39
130 176 39
130 177 44
130 178 54
130 179 50
130 180 54
130 181 54
130 182 34
130 183 34
130 184 34
130 185 34
131 106 68
131 107 31
131 108 30
131 109 30
131 110 30
131 111 30
131 112 64
131 113 52
131 114 36
131 162 42
131 163 42
131 164 41
131 165 41
131 166 39
131 167 29
131 168 29
131 169 28
131 170 74
131 171 40
131 172 40
131 173 40
131 174 39
131 175 39
131 176 44
131 177 54
131 178 54
131 179 50
131 180 54
131 181 54
131 182 34
131 183 34
131 184 34
131 185 34
132 107 45
132 108 30
132 109 30
132 110 30
132 111 30
132 112 98
132 113 52
132 114 41
132 115 14
132 162 69
132 163 42
132 164 41
132 165 41
132 166 29
132 167 29
132 168 28
132 169 28
132 170 40
132 171 40
132 172 40
132 173 40
132 174 39
132 175 39
132 176 44
132 177 54
132 178 54
132 179 50
132 180 53
132 181 53
132 182 34
132 183 34
132 184 34
132 185 34
133 107 95
133 108 30
133 109 30
133 110 30
133 111 30
133 112 64
133 113 64
133 114 52
133 115 14
133 162 55
133 163 42
133 164 41
133 165 41
133 166 29
133 167 29
133 168 28
133 169 28
133 170 40
133 171 40
133 172 40
133 173 40
133 174 39
133 175 44
133 176 54
133 177 54
133 178 50
133 179 50
133 180 53
133 181 53
133 182 35
133 183 35
133 184 35
134 108 71
134 109 30
134 110 30
134 111 30
134 112 63
134 113 81
134 114 51
134 115 36
134 116 14
134 162 55
134 163 42
134 164 41
134 165 41
134 166 29
134 167 29
134 168 28
134 169 42
134 170 40
134 171 40
134 172 40
134 173 40
134 174 39
134 175 44
134 176 54
134 177 53
134 178 50
134 179 50
134 180 53
134 181 53
134 182 35
134 183 35
134 184 35
135 109 45
135 110 30
135 111 30
135 112 63
135 113 99
135 114 51
135 115 36
135 116 14
135 162 46
135 163 42
135 164 41
135 165 41
135 166 29
135 167 28
135 168 28
135 169 72
135 170 40
135 171 40
135 172 40
135 173 40
135 174 39
135 175 53
135 176 53
135 177 50
135 178 50
135 179 50
135 180 50
135 181 21
135 182 34
135 183 35
136 109 95
136 110 30
136 111 30
136 112 63
136 113 98
136 114 53
136 115 63
136 116 14
136 162 55
136 163 42
136 164 41
136 165 41
136 166 29
136 167 28
136 168 28
136 169 40
136 170 40
136 171 40
136 172 40
136 173 45
136 174 43
136 175 53
136 176 53
136 177 50
136 178 50
136 179 50
136 180 50
137 110 65
137 111 30
137 112 63
137 113 98
137 114 53
137 115 31
137 116 14
137 162 66
137 163 42
137 164 42
137 165 41
137 166 28
137 167 28
137 168 48
137 169 40
137 170 40
137 171 40
137 172 40
137 173 45
137 174 43
137 175 53
137 176 53
137 177 50
137 178 50
137 179 50
138 110 92
138 111 31
138 112 63
138 113 65
138 114 51
138 115 39
138 116 14
138 162 69
138 163 42
138 164 42
138 165 41
138 166 28
138 167 28
138 168 40
138 169 40
138 170 39
138 171 40
138 172 40
138 173 55
138 174 53
138 175 53
138 176 53
138 177 50
138 178 50
139 111 31
139 112 30
139 113 65
139 114 51
139 115 39
139 116 14
139 162 69
139 163 42
139 164 42
139 165 41
139 166 29
139 167 48
139 168 40
139 169 40
139 170 40
139 171 40
139 172 45
139 173 55
139 174 53
139 175 53
140 111 55
140 112 30
140 113 65
140 114 57
140 115 39
140 116 48
140 162 66
140 163 42
140 164 42
140 165 41
140 166 33
140 167 65
140 168 39
140 169 40
140 170 40
140 171 40
140 172 45
140 173 55
140 174 52
140 175 52
141 111 42
141 112 30
141 113 30
141 114 102
141 115 53
141 116 55
141 117 14
141 119 26
141 120 27
141 121 27
141 162 78
141 163 42
141 164 41
141 165 41
141 166 40
141 167 40
141 168 40
141 169 40
141 170 40
141 171 40
141 172 55
141 173 55
141 174 52
141 175 52
142 111 37
142 112 30
142 113 30
142 114 83
142 115 53
142 116 67
142 117 29
142 119 26
142 120 27
142 121 26
142 162 78
142 163 53
142 164 41
142 165 41
142 166 87
142 167 40
142 168 40
142 169 39
142 170 40
142 171 40
142 172 55
142 173 55
142 174 52
143 111 57
143 112 30
143 113 30
143 114 62
143 115 71
143 116 66
143 117 29
143 118 27
143 119 43
143 120 43
143 121 26
143 162 78
143 163 53
143 164 41
143 165 54
143 166 51
143 167 41
143 168 40
143 169 40
143 170 40
143 171 40
143 172 55
143 173 52
143 174 52
144 112 30
144 113 61
144 114 30
144 115 98
144 116 63
144 117 35
144 118 48
144 119 47
144 120 42
144 121 26
144 162 42
144 163 53
144 164 42
144 165 61
144 166 40
144 167 40
144 168 40
144 169 40
144 170 40
144 171 45
144 172 55
144 173 52
145 112 37
145 113 30
145 114 51
145 115 51
145 116 83
145 117 66
145 118 50
145 119 47
145 120 46
145 121 26
145 162 42
145 163 74
145 164 41
145 165 61
145 166 40
145 167 40
145 168 40
145 169 40
145 170 40
145 171 45
145 172 52
145 173 52
146 113 30
146 114 51
146 115 51
146 116 42
146 117 83
146 118 56
146 119 52
146 120 46
146 162 42
146 163 68
146 164 41
146 165 70
146 166 40
146 167 40
146 168 40
146 169 39
146 170 40
146 171 55
146 172 52
147 113 30
147 114 30
147 115 51
147 116 42
147 117 69
147 118 87
147 119 52
147 120 44
147 161 51
147 162 42
147 163 68
147 164 41
147 165 54
147 166 40
147 167 40
147 168 40
147 169 40
147 170 45
147 171 55
147 172 52
148 114 30
148 115 30
148 116 51
148 117 42
148 118 82
148 119 77
148 120 42
148 121 13
148 161 85
148 162 74
148 163 42
148 164 49
148 165 61
148 166 40
148 167 41
148 168 40
148 169 40
148 170 55
148 171 52
149 115 30
149 116 30
149 117 51
149 118 68
149 119 49
149 120 47
149 121 30
149 122 13
149 161 42
149 162 42
149 163 42
149 164 70
149 165 48
149 166 40
149 167 41
149 168 45
149 169 54
150 116 30
150 117 44
150 118 30
150 119 63
150 120 65
150 121 31
150 122 13
150 160 44
150 161 42
150 162 42
150 163 62
150 164 69
150 165 47
150 166 40
150 167 41
150 168 53
151 116 63
151 117 31
151 118 30
151 119 63
151 120 49
151 121 30
151 122 30
151 160 44
151 161 68
151 162 62
151 163 62
151 164 48
151 165 48
151 166 57
152 117 30
152 118 30
152 119 63
152 120 49
152 121 30
152 122 30
152 160 42
152 161 81
152 162 58
152 163 49
152 164 49
152 165 62
153 117 63
153 118 30
153 119 63
153 120 62
153 121 30
153 122 13
153 160 42
153 161 65
153 162 62
153 163 49
153 164 49
153 165 27
154 117 63
154 118 30
154 119 63
154 120 38
154 121 30
154 122 13
154 160 26
154 161 77
154 162 49
154 163 49
154 164 30
154 165 27
155 117 68
155 118 30
155 119 50
155 120 30
155 121 30
155 122 13
155 160 26
155 161 71
155 162 71
155 163 49
155 164 30
155 165 27
156 117 71
156 118 75
156 119 74
156 120 30
156 121 13
156 160 26
156 161 71
156 162 71
156 163 49
156 164 30
157 117 45
157 118 75
157 119 52
157 120 30
157 121 13
157 160 44
157 161 77
157 162 49
157 163 49
157 164 30
158 117 45
158 118 56
158 119 38
158 120 31
158 121 13
158 160 55
158 161 58
158 162 49
158 163 49
158 164 30
159 117 72
159 118 56
159 119 38
159 120 31
159 160 58
159 161 59
159 162 49
159 163 49
159 164 30
160 117 69
160 118 56
160 119 51
160 120 31
160 160 71
160 161 72
160 162 49
160 163 49
160 164 30
161 117 79
161 118 75
161 119 51
161 120 31
161 160 55
161 161 50
161 162 49
161 163 49
161 164 30
162 117 85
162 118 71
162 119 42
162 120 31
162 160 37
162 161 71
162 162 49
162 163 64
162 164 31
163 117 59
163 118 71
163 119 38
163 120 30
163 161 77
163 162 49
163 163 63
163 164 28
164 117 57
164 118 71
164 119 31
164 120 13
164 161 87
164 162 58
164 163 63
164 164 28
165 117 78
165 118 59
165 119 31
165 140 26
165 141 26
165 161 87
165 162 71
165 163 31
165 164 31
166 117 94
166 118 71
166 119 31
166 139 26
166 140 26
166 141 26
166 142 26
166 161 87
166 162 95
166 163 82
166 164 31
167 117 114
167 118 62
167 119 31
167 120 19
167 139 26
167 140 26
167 141 26
167 142 26
167 161 80
167 162 96
167 163 82
167 164 31
168 117 115
168 118 63
168 119 31
168 120 30
168 139 26
168 140 26
168 141 26
168 142 26
168 160 26
168 161 80
168 162 92
168 163 53
168 164 31
169 117 116
169 118 66
169 119 31
169 120 30
169 139 26
169 140 42
169 141 42
169 142 26
169 160 42
169 161 71
169 162 72
169 163 68
169 164 28
170 117 116
170 118 66
170 119 31
170 120 14
170 139 26
170 140 42
170 141 42
170 142 42
170 160 42
170 161 73
170 162 95
170 163 68
171 117 94
171 118 79
171 119 31
171 120 14
171 139 42
171 140 42
171 141 42
171 142 42
171 143 14
171 160 42
171 161 96
171 162 87
171 163 62
172 117 55
172 118 63
172 119 31
172 120 14
172 138 26
172 139 47
172 140 49
172 141 42
172 142 43
172 143 45
172 144 14
172 159 42
172 160 50
172 161 99
172 162 58
172 163 28
173 117 55
173 118 96
173 119 38
173 120 14
173 138 34
173 139 88
173 140 96
173 141 80
173 142 59
173 143 50
173 144 31
173 145 14
173 159 42
173 160 60
173 161 103
173 162 50
174 117 55
174 118 79
174 119 52
174 120 14
174 138 84
174 139 74
174 140 88
174 141 91
174 142 80
174 143 59
174 144 31
174 145 14
174 159 42
174 160 72
174 161 102
174 162 82
175 117 55
175 118 60
175 119 60
175 120 14
175 137 51
175 138 66
175 139 89
175 140 73
175 141 85
175 142 97
175 143 59
175 144 31
175 145 31
175 158 26
175 159 42
175 160 72
175 161 99
175 162 30
176 117 55
176 118 60
176 119 65
176 120 14
176 137 56
176 138 85
176 139 84
176 140 83
176 141 43
176 142 43
176 143 72
176 144 50
176 145 30
176 146 13
176 158 26
176 159 42
176 160 72
176 161 78
176 162 62
177 117 55
177 118 60
177 119 76
177 136 39
177 137 61
177 138 97
177 139 65
177 140 66
177 141 59
177 142 42
177 143 76
177 144 50
177 145 31
177 146 13
177 158 42
177 159 42
177 160 90
177 161 63
177 162 62
178 118 89
178 119 77
178 135 23
178 136 53
178 137 88
178 138 84
178 139 32
178 140 43
178 141 58
178 142 42
178 143 68
178 144 50
178 145 31
178 146 31
178 158 42
178 159 63
178 160 86
178 161 72
178 162 42
179 118 46
179 119 55
179 135 31
179 136 43
179 137 98
179 138 31
179 139 34
179 140 58
179 142 47
179 143 43
179 144 50
179 145 31
179 146 31
179 147 14
179 158 42
179 159 71
179 160 66
179 161 54
179 162 42
180 118 55
180 119 55
180 120 29
180 135 84
180 136 67
180 137 65
180 138 32
180 139 43
180 143 42
180 144 52
180 145 50
180 146 31
180 147 14
180 158 46
180 159 73
180 160 70
180 161 65
180 162 42
181 118 55
181 119 72
181 120 44
181 135 46
181 136 89
181 137 64
181 138 51
181 139 58
181 143 42
181 144 62
181 145 50
181 146 31
181 147 14
181 158 40
181 159 50
181 160 72
181 161 31
181 162 42
182 118 55
182 119 69
182 120 56
182 135 51
182 136 89
182 137 32
182 138 43
182 143 46
182 144 90
182 145 50
182 146 30
182 147 13
182 158 31
182 159 75
182 160 50
182 161 31
183 118 55
183 119 75
183 120 60
183 135 51
183 136 102
183 137 28
183 143 57
183 144 68
183 145 77
183 146 30
183 147 30
183 158 23
183 159 99
183 160 54
183 161 31
184 118 55
184 119 69
184 120 59
184 134 32
184 135 92
184 136 84
184 137 43
184 143 57
184 144 41
184 145 59
184 146 30
184 147 30
184 158 23
184 159 50
184 160 64
184 161 31
185 118 55
185 119 69
185 120 74
185 134 39
185 135 97
185 136 64
185 143 57
185 144 41
185 145 63
185 146 38
185 147 30
185 158 23
185 159 50
185 160 64
186 118 55
186 119 97
186 120 82
186 134 39
186 135 81
186 136 63
186 143 57
186 144 41
186 145 72
186 146 56
186 147 30
186 148 30
186 158 23
186 159 60
186 160 63
187 118 55
187 119 97
187 120 84
187 134 70
187 135 86
187 136 64
187 143 55
187 144 58
187 145 64
187 146 63
187 147 30
187 148 30
187 158 46
187 159 59
187 160 63
188 118 55
188 119 91
188 120 43
188 134 73
188 135 82
188 136 64
188 143 55
188 144 58
188 145 94
188 146 59
188 147 30
188 148 30
188 158 64
188 159 51
188 160 63
189 118 55
189 119 81
189 120 38
189 133 20
189 134 97
189 135 77
189 136 64
189 143 55
189 144 58
189 145 42
189 146 49
189 147 30
189 148 30
189 149 13
189 158 90
189 159 51
189 160 64
189 161 27
190 118 78
190 119 74
190 120 30
190 133 90
190 134 74
190 135 66
190 136 59
190 143 55
190 144 58
190 145 42
190 146 49
190 147 50
190 148 30
190 149 13
190 157 26
190 158 107
190 159 64
190 160 64
190 161 28
191 118 78
191 119 56
191 120 30
191 121 42
191 133 83
191 134 74
191 135 66
191 136 59
191 143 55
191 144 58
191 145 42
191 146 76
191 147 49
191 148 30
191 157 59
191 158 87
191 159 64
191 160 64
191 161 28
192 118 77
192 119 35
192 120 30
192 121 43
192 132 57
192 133 39
192 134 55
192 135 61
192 136 59
192 144 58
192 145 41
192 146 68
192 147 49
192 148 58
192 156 26
192 157 82
192 158 88
192 159 74
192 160 64
193 118 77
193 119 33
193 120 30
193 121 43
193 132 96
193 133 54
193 134 66
193 135 59
193 136 59
193 144 55
193 145 58
193 146 80
193 147 52
193 148 49
193 156 26
193 157 100
193 158 95
193 159 73
193 160 64
194 117 57
194 118 66
194 119 33
194 120 30
194 121 42
194 132 103
194 133 54
194 134 66
194 135 59
194 136 59
194 144 55
194 145 58
194 146 89
194 147 67
194 148 49
194 157 96
194 158 92
194 159 60
194 160 63
195 117 83
195 118 55
195 119 33
195 120 62
195 132 86
195 133 53
195 134 85
195 135 59
195 144 55
195 145 58
195 146 42
195 147 67
195 148 49
195 149 13
195 157 52
195 158 87
195 159 79
195 160 63
196 117 72
196 118 56
196 119 32
196 120 94
196 132 73
196 133 64
196 134 82
196 135 61
196 145 58
196 146 42
196 147 64
196 148 50
196 149 13
196 157 34
196 158 65
196 159 88
196 160 63
197 117 73
197 118 41
197 119 33
197 120 37
197 132 49
197 133 84
197 134 69
197 135 61
197 145 58
197 146 42
197 147 61
197 148 49
197 149 13
197 158 87
197 159 98
198 117 70
198 118 42
198 119 30
198 132 35
198 133 74
198 134 40
198 135 96
198 145 58
198 146 42
198 147 58
198 148 31
198 158 66
198 159 87
199 117 75
199 118 46
199 119 82
199 132 35
199 133 95
199 134 31
199 135 79
199 145 58
199 146 42
199 147 59
199 148 13
199 158 53
199 159 94
200 117 95
200 118 49
200 119 96
200 120 26
200 132 27
200 133 90
200 134 32
200 135 79
200 145 56
200 146 42
200 147 60
200 148 14
200 158 57
200 159 88
201 117 55
201 118 69
201 119 96
201 120 26
201 132 27
201 133 80
201 134 32
201 135 78
201 136 59
201 145 56
201 146 53
201 147 53
201 158 64
201 159 83
202 117 55
202 118 80
202 119 48
202 120 63
202 132 27
202 133 79
202 134 47
202 135 78
202 136 59
202 146 54
202 147 74
202 148 23
202 158 99
202 159 31
203 118 85
203 119 48
203 120 83
203 132 27
203 133 96
203 134 47
203 135 84
203 146 54
203 147 89
203 148 23
203 157 40
203 158 133
204 118 96
204 119 49
204 120 98
204 133 67
204 134 40
204 135 49
204 146 54
204 147 81
204 148 23
204 157 67
204 158 118
205 118 91
205 119 49
205 120 85
205 133 54
205 134 94
205 146 54
205 147 86
205 157 60
205 158 109
206 118 91
206 119 49
206 120 84
206 133 43
206 134 115
206 146 54
206 147 64
206 157 39
206 158 117
207 118 89
207 119 49
207 120 60
207 132 27
207 133 43
207 134 124
207 146 43
207 147 83
207 148 33
207 158 92
208 118 89
208 119 54
208 120 27
208 132 43
208 133 43
208 134 117
208 146 57
208 147 96
208 148 67
208 158 87
208 159 83
209 118 81
209 119 70
209 132 43
209 133 43
209 134 128
209 146 64
209 147 96
209 148 78
209 158 89
209 159 71
209 160 28
210 117 80
210 118 82
210 119 64
210 132 43
210 133 43
210 134 123
210 146 59
210 147 97
210 148 73
210 157 35
210 158 79
210 159 58
210 160 45
211 117 72
211 118 90
211 132 43
211 133 55
211 134 101
211 146 57
211 147 100
211 148 83
211 157 70
211 158 98
211 159 86
211 160 58
212 117 72
212 118 98
212 132 44
212 133 88
212 134 59
212 146 57
212 147 87
212 148 79
212 156 47
212 157 94
212 158 72
212 159 93
212 160 58
213 117 80
213 118 79
213 132 44
213 133 112
213 134 59
213 146 57
213 147 54
213 148 102
213 149 27
213 156 53
213 157 94
213 158 72
213 159 98
213 160 58
214 117 80
214 118 78
214 132 69
214 133 62
214 147 76
214 148 82
214 149 27
214 156 43
214 157 99
214 158 100
214 159 97
215 117 81
215 118 76
215 131 44
215 132 94
215 133 59
215 147 90
215 148 93
215 149 39
215 157 76
215 158 73
215 159 100
216 117 90
216 118 71
216 131 49
216 132 110
216 133 59
216 147 102
216 148 92
216 149 47
216 158 101
216 159 84
217 117 90
217 118 108
217 119 20
217 131 50
217 132 107
217 147 109
217 148 98
217 149 49
217 158 47
217 159 71
217 160 58
218 117 74
218 118 108
218 119 20
218 131 50
218 132 101
218 147 82
218 148 103
218 149 43
218 159 86
218 160 81
219 117 72
219 118 98
219 119 31
219 131 59
219 147 97
219 148 102
219 149 35
219 159 74
219 160 58
220 118 74
220 119 57
220 131 75
220 147 97
220 148 93
220 149 27
220 158 20
220 159 50
221 118 73
221 119 111
221 120 14
221 131 122
221 147 109
221 148 67
221 158 20
221 159 70
222 118 57
222 119 109
222 120 34
222 130 44
222 131 59
222 147 65
222 148 68
222 158 20
222 159 104
223 119 90
223 120 84
223 129 28
223 130 80
223 147 65
223 148 100
223 158 32
223 159 124
224 119 81
224 120 128
224 121 38
224 128 28
224 129 58
224 130 107
224 131 59
224 148 107
224 158 84
224 159 81
225 120 73
225 121 100
225 122 32
225 128 58
225 129 82
225 130 116
225 131 58
225 148 70
225 149 89
225 158 93
226 120 60
226 121 111
226 122 83
226 123 27
226 124 27
226 125 35
226 126 35
226 127 40
226 128 57
226 129 90
226 130 125
226 148 58
226 149 119
226 150 39
226 157 60
226 158 118
227 121 72
227 122 91
227 123 68
227 124 46
227 125 41
227 126 41
227 127 50
227 128 63
227 129 98
227 130 81
227 149 84
227 150 116
227 151 39
227 156 35
227 157 94
227 158 82
228 122 101
228 123 91
228 124 59
228 125 54
228 126 50
228 127 48
228 128 73
228 129 120
228 149 58
228 150 137
228 151 122
228 152 66
228 153 35
228 154 27
228 155 46
228 156 86
228 157 124
228 158 81
229 122 59
229 123 114
229 124 88
229 125 79
229 126 70
229 127 96
229 128 115
229 129 58
229 149 58
229 150 138
229 151 137
229 152 131
229 153 119
229 154 112
229 155 115
229 156 122
229 157 128
229 158 98
229 159 58
230 122 57
230 123 117
230 124 110
230 125 111
230 126 110
230 127 118
230 128 124
230 149 80
230 150 138
230 151 137
230 152 137
230 153 135
230 154 124
230 155 121
230 156 133
230 157 120
230 158 110
230 159 58
231 122 79
231 123 122
231 124 112
231 125 110
231 126 110
231 127 118
231 128 118
231 149 96
231 150 137
231 151 137
231 152 137
231 153 136
231 154 111
231 155 110
231 156 108
231 157 109
231 158 96
232 121 94
232 122 102
232 123 126
232 124 119
232 125 112
232 126 110
232 127 118
232 128 118
232 149 118
232 150 137
232 151 137
232 152 136
232 153 136
232 154 110
232 155 109
232 156 109
232 157 80
232 158 57
233 120 78
233 121 110
233 122 129
233 123 119
233 124 118
233 125 119
233 126 119
233 127 115
233 149 107
233 150 136
233 151 136
233 152 136
233 153 135
233 154 118
233 155 95
233 156 80
233 157 79
234 120 110
234 121 136
234 122 117
234 123 117
234 124 118
234 125 118
234 126 118
234 127 115
234 128 57
234 150 132
234 151 136
234 152 135
234 153 135
234 154 116
234 155 79
234 156 79
234 157 57
235 120 111
235 121 124
235 122 117
235 123 117
235 124 117
235 125 117
235 126 116
235 127 94
235 150 94
235 151 129
235 152 134
235 153 134
235 154 129
235 155 78
235 156 78
236 120 56
236 121 130
236 122 116
236 123 117
236 124 117
236 125 116
236 126 116
236 127 56
236 150 56
236 151 131
236 152 129
236 153 134
236 154 136
236 155 94
236 156 56
237 120 56
237 121 105
237 122 125
237 123 125
237 124 124
237 125 94
237 126 56
237 151 94
237 152 131
237 153 131
237 154 116
237 155 78
237 156 56
238 122 56
238 123 78
238 124 56
238 151 56
238 152 106
238 153 116
238 154 93
238 155 78
239 153 77
239 154 77
