1 147 49
1 148 50
1 149 50
1 150 49
1 151 49
1 157 51
2 146 50
2 147 50
2 148 50
2 149 50
2 150 50
2 151 50
2 152 49
2 155 51
2 156 51
2 157 51
2 158 51
2 159 51
2 160 50
3 145 50
3 146 54
3 147 54
3 148 50
3 149 50
3 150 50
3 151 50
3 152 50
3 153 49
3 154 51
3 155 51
3 156 51
3 157 51
3 158 51
3 159 51
3 160 51
3 161 51
3 162 50
3 163 50
3 164 50
3 165 50
4 144 50
4 145 54
4 146 54
4 147 54
4 148 54
4 149 39
4 150 50
4 151 50
4 152 50
4 153 52
4 154 52
4 155 51
4 156 51
4 157 51
4 158 51
4 159 51
4 160 51
4 161 51
4 162 51
4 163 50
4 164 50
4 165 50
4 166 50
5 141 47
5 142 50
5 143 40
5 144 54
5 145 54
5 146 54
5 147 36
5 148 36
5 149 36
5 150 36
5 151 40
5 152 41
5 153 52
5 154 52
5 155 52
5 156 51
5 157 51
5 158 51
5 159 51
5 160 51
5 161 51
5 162 51
5 163 50
5 164 50
5 165 50
5 166 50
6 139 49
6 140 49
6 141 40
6 142 40
6 143 35
6 144 36
6 145 36
6 146 36
6 147 36
6 148 36
6 149 36
6 150 36
6 151 41
6 152 41
6 153 52
6 154 52
6 155 52
6 156 52
6 157 52
6 158 51
6 159 51
6 160 51
6 161 51
6 162 51
6 163 51
6 164 50
6 165 50
6 166 50
7 138 49
7 139 49
7 140 40
7 141 40
7 142 36
7 143 36
7 144 36
7 145 36
7 146 36
7 147 36
7 148 36
7 149 36
7 150 36
7 151 41
7 152 41
7 153 52
7 154 52
7 155 52
7 156 52
7 157 52
7 158 51
7 159 51
7 160 51
7 161 51
7 162 51
7 163 51
7 164 50
7 165 55
7 166 55
8 137 48
8 138 50
8 139 50
8 140 40
8 141 36
8 142 36
8 143 36
8 144 36
8 145 36
8 146 36
8 147 36
8 148 36
8 149 36
8 150 41
8 151 41
8 152 41
8 153 41
8 154 52
8 155 52
8 156 52
8 157 52
8 158 55
8 159 52
8 160 51
8 161 51
8 162 55
8 163 55
8 164 55
8 165 55
8 166 55
8 167 55
9 136 48
9 137 48
9 138 50
9 139 40
9 140 35
9 141 36
9 142 36
9 143 36
9 144 36
9 145 36
9 146 36
9 147 36
9 148 36
9 149 36
9 150 41
9 151 41
9 152 41
9 153 41
9 154 41
9 155 52
9 156 52
9 157 56
9 158 56
9 159 56
9 160 56
9 161 55
9 162 55
9 163 55
9 164 56
9 165 56
9 166 55
9 167 55
10 136 48
10 137 48
10 138 48
10 139 40
10 140 36
10 141 36
10 142 36
10 143 36
10 144 36
10 145 36
10 146 36
10 147 36
10 148 36
10 149 36
10 150 48
10 151 41
10 152 41
10 153 41
10 154 52
10 155 52
10 156 56
10 157 56
10 158 56
10 159 56
10 160 56
10 161 56
10 162 55
10 163 56
10 164 56
10 165 56
10 166 56
10 167 55
11 137 48
11 138 50
11 139 51
11 140 36
11 141 36
11 142 36
11 143 36
11 144 36
11 145 36
11 146 36
11 147 36
11 148 36
11 149 36
11 150 55
11 151 55
11 152 41
11 153 41
11 154 52
11 155 52
11 156 56
11 157 56
11 158 56
11 159 56
11 160 56
11 161 56
11 162 55
11 163 56
11 164 56
11 165 56
11 166 56
11 167 55
12 136 48
12 137 48
12 138 50
12 139 40
12 140 40
12 141 36
12 142 36
12 143 36
12 144 36
12 145 36
12 146 36
12 147 36
12 148 36
12 149 36
12 150 55
12 151 55
12 152 55
12 153 52
12 154 52
12 155 52
12 156 52
12 157 56
12 158 56
12 159 56
12 160 56
12 161 56
12 162 56
12 163 56
12 164 56
12 165 56
12 166 56
12 167 55
13 136 48
13 137 49
13 138 50
13 139 40
13 140 40
13 141 40
13 142 36
13 143 36
13 144 37
13 145 37
13 146 36
13 147 37
13 148 37
13 149 37
13 150 55
13 151 55
13 152 68
13 153 52
13 154 52
13 155 52
13 156 52
13 157 56
13 158 56
13 159 56
13 160 56
13 161 56
13 162 56
13 163 56
13 164 56
13 165 56
13 166 56
13 167 55
14 136 48
14 137 50
14 138 51
14 139 40
14 140 40
14 141 40
14 142 41
14 143 36
14 144 37
14 145 36
14 146 36
14 147 36
14 148 36
14 149 37
14 150 55
14 151 68
14 152 68
14 153 69
14 154 52
14 155 53
14 156 53
14 157 53
14 158 56
14 159 56
14 160 56
14 161 56
14 162 56
14 163 56
14 164 56
14 165 56
14 166 56
15 136 48
15 137 50
15 138 51
15 139 51
15 140 40
15 141 41
15 142 41
15 143 36
15 144 36
15 145 37
15 146 37
15 147 37
15 148 37
15 149 37
15 150 58
15 151 68
15 152 48
15 153 52
15 154 53
15 155 53
15 156 53
15 157 53
15 158 56
15 159 56
15 160 56
15 161 56
15 162 56
15 163 56
15 164 56
15 165 56
15 166 56
16 137 50
16 138 51
16 139 51
16 140 51
16 141 36
16 142 36
16 143 36
16 144 36
16 145 37
16 146 37
16 147 37
16 148 37
16 149 37
16 150 69
16 151 68
16 152 48
16 153 53
16 154 53
16 155 53
16 156 53
16 157 53
16 158 57
16 159 57
16 160 56
16 161 56
16 162 56
16 163 56
16 164 56
16 165 56
16 166 55
17 138 50
17 139 51
17 140 51
17 141 36
17 142 36
17 143 37
17 144 37
17 145 37
17 146 37
17 147 37
17 148 37
17 149 59
17 150 69
17 151 50
17 153 53
17 154 53
17 155 53
17 156 53
17 157 53
17 158 53
17 159 57
17 160 57
17 161 56
17 162 56
17 163 56
17 164 56
17 165 56
18 139 51
18 140 40
18 141 40
18 142 37
18 143 37
18 144 37
18 145 37
18 146 37
18 147 37
18 148 38
18 149 70
18 150 69
18 151 49
18 152 48
18 153 53
18 154 54
18 155 54
18 156 54
18 157 54
18 158 54
18 159 57
18 160 57
18 161 56
18 162 56
18 163 56
18 164 56
18 165 56
19 140 51
19 141 40
19 142 37
19 143 37
19 144 37
19 145 37
19 146 37
19 147 37
19 148 60
19 149 70
19 150 69
19 151 49
19 152 71
19 153 54
19 154 54
19 155 54
19 156 54
19 157 54
19 158 54
19 159 57
19 160 57
19 161 56
19 162 56
19 163 56
19 164 56
19 165 56
20 140 50
20 141 40
20 142 37
20 143 37
20 144 37
20 145 37
20 146 38
20 147 38
20 148 71
20 149 70
20 150 70
20 151 49
20 152 71
20 153 54
20 154 54
20 155 54
20 156 54
20 157 54
20 158 54
20 159 57
20 160 57
20 161 57
20 162 56
20 163 56
20 164 56
20 165 56
21 140 50
21 141 51
21 142 37
21 143 37
21 144 37
21 145 38
21 146 38
21 147 38
21 148 71
21 149 70
21 150 70
21 151 71
21 152 71
21 153 71
21 154 54
21 155 54
21 156 54
21 157 54
21 158 54
21 159 57
21 160 57
21 161 57
21 162 56
21 163 56
21 164 56
21 165 56
22 141 51
22 142 42
22 143 37
22 144 38
22 145 38
22 146 38
22 147 61
22 148 71
22 149 71
22 150 71
22 151 71
22 152 71
22 153 71
22 154 54
22 155 54
22 156 54
22 157 54
22 158 54
22 159 57
22 160 57
22 161 57
22 162 56
22 163 56
22 164 56
22 165 56
23 141 51
23 142 42
23 143 37
23 144 37
23 145 38
23 146 38
23 147 61
23 148 71
23 149 72
23 150 72
23 151 72
23 152 71
23 153 54
23 154 54
23 155 54
23 156 54
23 157 54
23 158 54
23 159 54
23 160 57
23 161 56
23 162 56
23 163 56
23 164 56
23 165 56
24 141 51
24 142 42
24 143 38
24 144 38
24 145 38
24 146 38
24 147 38
24 148 72
24 149 72
24 150 72
24 151 72
24 152 71
24 153 54
24 154 54
24 155 54
24 156 54
24 157 54
24 158 54
24 159 54
24 160 57
24 161 56
24 162 56
24 163 56
24 164 56
24 165 56
25 141 51
25 142 42
25 143 38
25 144 37
25 145 38
25 146 38
25 147 38
25 148 48
25 149 71
25 150 71
25 151 71
25 152 72
25 153 54
25 154 54
25 155 54
25 156 54
25 157 54
25 158 54
25 159 57
25 160 57
25 161 56
25 162 56
25 163 56
25 164 56
25 165 56
25 166 56
26 140 51
26 141 52
26 142 42
26 143 38
26 144 38
26 145 38
26 146 38
26 147 37
26 148 63
26 149 71
26 150 71
26 151 71
26 152 72
26 153 71
26 154 54
26 155 54
26 156 54
26 157 54
26 158 54
26 159 57
26 160 57
26 161 56
26 162 56
26 163 56
26 164 56
26 165 56
26 166 56
27 140 52
27 141 54
27 142 42
27 143 38
27 144 38
27 145 38
27 146 37
27 147 37
27 148 63
27 149 71
27 150 71
27 151 71
27 152 72
27 153 71
27 154 71
27 155 54
27 156 54
27 157 54
27 158 54
27 159 57
27 160 57
27 161 56
27 162 56
27 163 56
27 164 56
27 165 56
27 166 56
27 167 56
28 140 52
28 141 54
28 142 43
28 143 38
28 144 38
28 145 38
28 146 37
28 147 37
28 148 55
28 149 63
28 150 72
28 151 71
28 152 71
28 153 71
28 154 71
28 155 71
28 156 71
28 157 55
28 158 57
28 159 57
28 160 57
28 161 57
28 162 56
28 163 56
28 164 56
28 165 56
28 166 56
28 167 56
29 140 52
29 141 54
29 142 38
29 143 38
29 144 38
29 145 38
29 146 37
29 147 37
29 148 37
29 149 63
29 150 72
29 151 72
29 152 71
29 153 71
29 154 71
29 155 71
29 156 71
29 157 71
29 158 57
29 159 57
29 160 57
29 161 57
29 162 56
29 163 56
29 164 56
29 165 56
29 166 56
29 167 56
29 168 56
30 140 54
30 141 54
30 142 38
30 143 38
30 144 38
30 145 38
30 146 36
30 147 37
30 148 37
30 149 63
30 150 72
30 151 72
30 152 71
30 153 71
30 154 71
30 155 71
30 156 72
30 157 72
30 158 58
30 159 58
30 160 58
30 161 58
30 162 57
30 163 56
30 164 56
30 165 56
30 166 56
30 167 56
30 168 56
31 140 54
31 141 43
31 142 39
31 143 39
31 144 39
31 145 38
31 146 37
31 147 37
31 148 37
31 149 63
31 150 72
31 151 72
31 152 72
31 153 72
31 154 71
31 155 71
31 156 72
31 157 72
31 158 73
31 159 58
31 160 58
31 161 58
31 162 58
31 163 56
31 164 56
31 165 56
31 166 56
31 167 56
31 168 57
32 139 54
32 140 54
32 141 43
32 142 39
32 143 39
32 144 38
32 145 38
32 146 37
32 147 37
32 148 37
32 149 38
32 150 72
32 151 72
32 152 72
32 153 72
32 154 72
32 155 72
32 156 72
32 157 72
32 158 73
32 159 58
32 160 58
32 161 58
32 162 58
32 163 56
32 164 56
32 165 56
32 166 60
32 167 60
32 168 60
32 169 57
33 139 54
33 140 54
33 141 39
33 142 39
33 143 39
33 144 39
33 145 39
33 146 39
33 147 37
33 148 38
33 149 38
33 150 73
33 151 72
33 152 72
33 153 72
33 154 72
33 155 72
33 156 72
33 157 72
33 158 73
33 159 58
33 160 58
33 161 58
33 162 58
33 163 56
33 164 56
33 165 56
33 166 60
33 167 60
33 168 60
33 169 60
34 139 54
34 140 54
34 141 39
34 142 39
34 143 39
34 144 39
34 145 39
34 146 39
34 147 37
34 148 38
34 149 38
34 150 49
34 151 73
34 152 73
34 153 72
34 154 72
34 155 72
34 156 72
34 157 72
34 158 73
34 159 58
34 160 58
34 161 58
34 162 58
34 163 57
34 164 56
34 165 60
34 166 60
34 167 60
34 168 60
34 169 60
35 139 55
35 140 43
35 141 39
35 142 39
35 143 39
35 144 39
35 145 39
35 146 39
35 147 37
35 148 38
35 149 38
35 150 49
35 151 73
35 152 73
35 153 72
35 154 72
35 155 72
35 156 72
35 157 72
35 158 73
35 159 58
35 160 58
35 161 58
35 162 58
35 163 57
35 164 60
35 165 60
35 166 60
35 167 60
35 168 60
35 169 60
35 170 57
36 138 54
36 139 55
36 140 39
36 141 39
36 142 39
36 143 39
36 144 39
36 145 39
36 146 39
36 147 40
36 148 38
36 149 38
36 150 49
36 151 64
36 152 73
36 153 72
36 154 72
36 155 72
36 156 72
36 157 72
36 158 73
36 159 58
36 160 58
36 161 58
36 162 57
36 163 57
36 164 60
36 165 60
36 166 60
36 167 60
36 168 60
36 169 60
36 170 57
37 138 55
37 139 55
37 140 39
37 141 39
37 142 40
37 143 39
37 144 39
37 145 39
37 146 39
37 147 40
37 148 38
37 149 38
37 150 49
37 151 49
37 152 73
37 153 73
37 154 73
37 155 73
37 156 73
37 157 72
37 158 73
37 159 58
37 160 58
37 161 58
37 162 57
37 163 60
37 164 60
37 165 60
37 166 60
37 167 60
37 168 60
37 169 60
37 170 60
37 171 57
38 138 55
38 139 55
38 140 39
38 141 39
38 142 39
38 143 39
38 144 39
38 145 39
38 146 39
38 147 40
38 148 40
38 149 38
38 150 38
38 151 49
38 152 74
38 153 74
38 154 73
38 155 73
38 156 73
38 157 73
38 158 58
38 159 58
38 160 58
38 161 58
38 162 57
38 163 60
38 164 60
38 165 60
38 166 60
38 167 60
38 168 60
38 169 60
38 170 60
38 171 57
39 138 56
39 139 56
39 140 39
39 141 40
39 142 40
39 143 40
39 144 39
39 145 39
39 146 39
39 147 40
39 148 40
39 149 40
39 150 38
39 151 50
39 152 67
39 153 74
39 154 74
39 155 73
39 156 73
39 157 74
39 158 58
39 159 58
39 160 58
39 161 57
39 162 60
39 163 60
39 164 60
39 165 60
39 166 60
39 167 60
39 168 60
39 169 60
39 170 60
39 171 57
40 131 64
40 132 66
40 133 64
40 134 64
40 135 64
40 138 56
40 139 56
40 140 39
40 141 40
40 142 39
40 143 39
40 144 39
40 145 71
40 146 71
40 147 72
40 148 40
40 149 40
40 150 38
40 151 50
40 152 67
40 153 74
40 154 75
40 155 74
40 156 74
40 157 74
40 158 58
40 159 58
40 160 58
40 161 57
40 162 60
40 163 60
40 164 60
40 165 60
40 166 60
40 167 60
40 168 60
40 169 60
40 170 60
40 171 60
41 126 63
41 127 63
41 128 63
41 129 64
41 130 52
41 131 66
41 132 88
41 133 88
41 134 88
41 135 88
41 136 88
41 137 65
41 138 81
41 139 71
41 140 40
41 141 40
41 142 72
41 143 71
41 144 90
41 145 74
41 146 75
41 147 49
41 148 59
41 149 59
41 150 40
41 151 64
41 152 64
41 153 88
41 154 89
41 155 73
41 156 75
41 157 74
41 158 58
41 159 58
41 160 58
41 161 57
41 162 60
41 163 60
41 164 60
41 165 60
41 166 60
41 167 60
41 168 60
41 169 60
41 170 60
41 171 60
42 122 65
42 123 65
42 124 62
42 125 87
42 126 87
42 127 87
42 128 88
42 129 88
42 130 78
42 131 78
42 132 88
42 133 87
42 134 88
42 135 88
42 136 78
42 137 81
42 138 74
42 139 91
42 140 83
42 141 79
42 142 90
42 143 61
42 144 57
42 145 59
42 146 59
42 147 59
42 148 60
42 149 71
42 150 63
42 151 91
42 152 99
42 153 90
42 154 81
42 155 87
42 156 92
42 157 74
42 158 59
42 159 59
42 160 58
42 161 57
42 162 57
42 163 60
42 164 60
42 165 60
42 166 60
42 167 60
42 168 60
42 169 60
42 170 61
42 171 60
43 120 63
43 121 65
43 122 46
43 123 46
43 124 46
43 125 46
43 126 46
43 127 87
43 128 67
43 129 67
43 130 78
43 131 78
43 132 67
43 133 78
43 134 88
43 135 78
43 136 81
43 137 91
43 138 83
43 139 76
43 140 80
43 141 80
43 142 77
43 143 77
43 144 78
43 145 77
43 146 80
43 147 60
43 148 81
43 149 80
43 150 68
43 151 76
43 152 71
43 153 75
43 154 75
43 155 75
43 156 80
43 157 83
43 158 93
43 159 73
43 160 58
43 161 57
43 162 57
43 163 60
43 164 60
43 165 60
43 166 60
43 167 60
43 168 60
43 169 61
43 170 61
43 171 61
43 172 60
44 119 63
44 120 52
44 121 46
44 122 46
44 123 46
44 124 46
44 125 46
44 126 46
44 127 46
44 128 50
44 129 63
44 130 67
44 131 67
44 132 68
44 133 78
44 134 78
44 135 94
44 136 82
44 137 87
44 138 80
44 139 76
44 140 76
44 141 78
44 142 73
44 143 73
44 144 78
44 145 78
44 146 76
44 147 79
44 148 79
44 149 64
44 150 71
44 151 73
44 152 71
44 153 75
44 154 75
44 155 75
44 156 80
44 157 80
44 158 80
44 159 84
44 160 73
44 161 57
44 162 57
44 163 60
44 164 60
44 165 60
44 166 60
44 167 60
44 168 60
44 169 60
44 170 61
44 171 61
44 172 60
45 119 65
45 120 46
45 121 46
45 122 46
45 123 46
45 124 46
45 125 46
45 126 46
45 127 46
45 128 47
45 129 50
45 130 63
45 131 64
45 132 67
45 133 67
45 134 78
45 135 94
45 136 81
45 137 87
45 138 80
45 139 76
45 140 75
45 141 78
45 142 73
45 143 73
45 144 78
45 145 66
45 146 67
45 147 65
45 148 60
45 149 60
45 150 72
45 151 73
45 152 76
45 153 76
45 154 76
45 155 74
45 156 74
45 157 80
45 158 80
45 159 80
45 160 94
45 161 57
45 162 57
45 163 60
45 164 60
45 165 60
45 166 60
45 167 60
45 168 60
45 169 60
45 170 60
45 171 61
45 172 60
45 173 60
46 118 65
46 119 46
46 120 46
46 121 46
46 122 46
46 123 46
46 124 46
46 125 46
46 126 46
46 127 47
46 128 47
46 129 47
46 130 50
46 131 64
46 132 64
46 133 67
46 134 67
46 135 81
46 136 80
46 137 80
46 138 75
46 139 63
46 140 75
46 141 77
46 142 73
46 143 62
46 144 62
46 145 67
46 146 67
46 147 61
46 148 60
46 149 66
46 150 70
46 151 75
46 152 76
46 153 78
46 154 76
46 155 74
46 156 74
46 157 80
46 158 80
46 159 80
46 160 85
46 161 57
46 162 57
46 163 60
46 164 60
46 165 60
46 166 60
46 167 60
46 168 60
46 169 60
46 170 60
46 171 61
46 172 60
46 173 60
46 174 60
47 118 65
47 119 46
47 120 46
47 121 46
47 122 46
47 123 46
47 124 46
47 125 46
47 126 46
47 127 47
47 128 47
47 129 47
47 130 50
47 131 60
47 132 64
47 133 67
47 134 64
47 135 81
47 136 71
47 137 65
47 138 63
47 139 63
47 140 64
47 141 73
47 142 62
47 143 62
47 144 62
47 145 67
47 146 64
47 147 63
47 148 65
47 149 65
47 150 70
47 151 75
47 152 76
47 153 78
47 154 76
47 155 74
47 156 75
47 157 80
47 158 80
47 159 80
47 160 85
47 161 84
47 162 57
47 163 60
47 164 60
47 165 60
47 166 60
47 167 60
47 168 60
47 169 60
47 170 60
47 171 60
47 172 60
47 173 60
47 174 60
48 117 63
48 118 52
48 119 46
48 120 46
48 121 46
48 122 46
48 123 46
48 124 46
48 125 46
48 126 46
48 127 47
48 128 47
48 129 47
48 130 47
48 131 50
48 132 64
48 133 63
48 134 80
48 135 63
48 136 71
48 137 65
48 138 63
48 139 64
48 140 61
48 141 73
48 142 62
48 143 61
48 144 62
48 145 63
48 146 63
48 147 63
48 148 57
48 149 77
48 150 72
48 151 75
48 152 78
48 153 78
48 154 74
48 155 75
48 156 80
48 157 81
48 158 80
48 159 80
48 160 85
48 161 74
48 162 57
48 163 60
48 164 60
48 165 60
48 166 60
48 167 60
48 168 60
48 169 60
48 170 60
48 171 60
48 172 60
48 173 60
48 174 60
48 175 60
49 117 63
49 118 52
49 119 52
49 120 46
49 121 46
49 122 46
49 123 46
49 124 46
49 125 46
49 126 47
49 127 47
49 128 47
49 129 47
49 130 47
49 131 47
49 132 64
49 133 63
49 134 75
49 135 59
49 136 59
49 137 66
49 138 53
49 139 61
49 140 62
49 141 59
49 142 62
49 143 62
49 144 61
49 145 58
49 146 64
49 147 64
49 148 56
49 149 83
49 150 72
49 151 78
49 152 78
49 153 76
49 154 75
49 155 75
49 156 81
49 157 81
49 158 81
49 159 80
49 160 82
49 161 74
49 162 57
49 163 60
49 164 60
49 165 60
49 166 60
49 167 60
49 168 60
49 169 61
49 170 61
49 171 60
49 172 60
49 173 60
49 174 60
49 175 60
50 117 63
50 118 52
50 119 52
50 120 46
50 121 46
50 122 47
50 123 47
50 124 46
50 125 46
50 126 47
50 127 47
50 128 47
50 129 47
50 130 47
50 131 47
50 132 50
50 133 86
50 134 61
50 135 55
50 136 55
50 137 53
50 138 53
50 139 61
50 140 62
50 141 59
50 142 62
50 143 62
50 144 62
50 145 58
50 146 64
50 147 64
50 148 56
50 149 87
50 150 75
50 151 78
50 152 78
50 153 76
50 154 75
50 155 75
50 156 81
50 157 81
50 158 81
50 159 80
50 160 82
50 161 87
50 162 57
50 163 60
50 164 60
50 165 60
50 166 60
50 167 61
50 168 61
50 169 61
50 170 61
50 171 60
50 172 60
50 173 60
50 174 60
50 175 60
51 118 52
51 119 52
51 120 46
51 121 47
51 122 47
51 123 47
51 124 46
51 125 47
51 126 47
51 127 47
51 128 47
51 129 47
51 130 47
51 131 47
51 132 50
51 133 55
51 134 62
51 135 55
51 136 54
51 137 55
51 138 50
51 139 50
51 140 61
51 141 59
51 142 62
51 143 62
51 144 62
51 145 58
51 146 64
51 147 57
51 148 57
51 149 83
51 150 76
51 151 79
51 152 78
51 153 76
51 154 75
51 155 75
51 156 81
51 157 81
51 158 81
51 159 82
51 160 82
51 161 85
51 162 57
51 163 60
51 164 60
51 165 61
51 166 61
51 167 61
51 168 61
51 169 61
51 170 61
51 171 60
51 172 60
51 173 60
51 174 60
51 175 60
51 176 60
52 118 52
52 119 52
52 120 46
52 121 47
52 122 47
52 123 46
52 124 47
52 125 47
52 126 47
52 127 47
52 128 47
52 129 47
52 130 47
52 131 47
52 132 64
52 133 55
52 134 55
52 135 55
52 136 55
52 137 55
52 138 50
52 139 50
52 140 61
52 141 59
52 142 63
52 143 62
52 144 62
52 145 59
52 146 64
52 147 57
52 148 57
52 149 83
52 150 96
52 151 78
52 152 79
52 153 77
52 154 75
52 155 81
52 156 81
52 157 81
52 158 81
52 159 82
52 160 83
52 161 86
52 162 57
52 163 60
52 164 60
52 165 60
52 166 60
52 167 60
52 168 60
52 169 60
52 170 60
52 171 60
52 172 60
52 173 60
52 174 60
52 175 60
52 176 60
53 118 52
53 119 52
53 120 46
53 121 47
53 122 47
53 123 46
53 124 47
53 125 47
53 126 47
53 127 47
53 128 47
53 129 47
53 130 47
53 131 47
53 132 69
53 133 55
53 134 55
53 135 55
53 136 55
53 137 55
53 138 50
53 139 50
53 140 58
53 141 59
53 142 63
53 143 62
53 144 62
53 145 58
53 146 49
53 147 57
53 148 57
53 149 60
53 150 90
53 151 83
53 152 79
53 153 77
53 154 75
53 155 81
53 156 81
53 157 81
53 158 81
53 159 83
53 160 83
53 161 86
53 162 97
53 163 60
53 164 60
53 165 50
53 166 50
53 167 50
53 168 61
53 169 61
53 170 60
53 171 59
53 172 60
53 173 60
53 174 60
53 175 60
53 176 60
54 117 65
54 118 52
54 119 52
54 120 47
54 121 47
54 122 47
54 123 47
54 124 47
54 125 47
54 126 47
54 127 47
54 128 47
54 129 47
54 130 47
54 131 47
54 132 55
54 133 55
54 134 55
54 135 56
54 136 55
54 137 55
54 138 50
54 139 50
54 140 59
54 141 59
54 142 63
54 143 62
54 144 63
54 145 59
54 146 49
54 147 57
54 148 57
54 149 67
54 150 77
54 151 84
54 152 78
54 153 75
54 154 81
54 155 81
54 156 82
54 157 81
54 158 82
54 159 83
54 160 83
54 161 86
54 162 96
54 163 50
54 164 50
54 165 50
54 166 50
54 167 50
54 168 50
54 169 50
54 170 59
54 171 59
54 172 60
54 173 60
54 174 60
54 175 60
54 176 60
55 116 63
55 117 52
55 118 52
55 119 52
55 120 47
55 121 47
55 122 47
55 123 47
55 124 47
55 125 47
55 126 47
55 127 47
55 128 47
55 129 47
55 130 47
55 131 47
55 132 54
55 133 55
55 134 55
55 135 56
55 136 55
55 137 55
55 138 50
55 139 50
55 140 59
55 141 59
55 142 63
55 143 64
55 144 63
55 145 66
55 146 50
55 147 57
55 148 57
55 149 60
55 150 77
55 151 84
55 152 86
55 153 83
55 154 81
55 155 82
55 156 82
55 157 82
55 158 82
55 159 83
55 160 83
55 161 86
55 162 97
55 163 50
55 164 50
55 165 50
55 166 51
55 167 50
55 168 50
55 169 50
55 170 64
55 171 59
55 172 60
55 173 60
55 174 60
55 175 60
55 176 60
56 116 63
56 117 52
56 118 52
56 119 46
56 120 47
56 121 47
56 122 47
56 123 47
56 124 47
56 125 47
56 126 47
56 127 47
56 128 47
56 129 47
56 130 47
56 131 47
56 132 54
56 133 55
56 134 55
56 135 55
56 136 55
56 137 55
56 138 51
56 139 50
56 140 59
56 141 59
56 142 63
56 143 64
56 144 63
56 145 59
56 146 60
56 147 57
56 148 56
56 149 61
56 150 68
56 151 77
56 152 84
56 153 83
56 154 83
56 155 82
56 156 82
56 157 82
56 158 82
56 159 83
56 160 84
56 161 96
56 162 98
56 163 69
56 164 50
56 165 50
56 166 50
56 167 50
56 168 50
56 169 50
56 170 64
56 171 64
56 172 59
56 173 60
56 174 60
56 175 60
56 176 60
56 182 68
56 183 68
57 116 63
57 117 52
57 118 52
57 119 46
57 120 46
57 121 47
57 122 47
57 123 47
57 124 47
57 125 47
57 126 47
57 127 47
57 128 47
57 129 47
57 130 47
57 131 47
57 132 54
57 133 55
57 134 55
57 135 55
57 136 55
57 137 55
57 138 50
57 139 50
57 140 59
57 141 59
57 142 63
57 143 64
57 144 63
57 145 59
57 146 60
57 147 57
57 148 68
57 149 60
57 150 61
57 151 77
57 152 84
57 153 83
57 154 84
57 155 85
57 156 82
57 157 82
57 158 82
57 159 84
57 160 84
57 161 97
57 162 97
57 163 70
57 164 50
57 165 50
57 166 50
57 167 50
57 168 50
57 169 50
57 170 64
57 171 64
57 172 64
57 173 60
57 174 60
57 175 89
57 176 89
57 177 69
57 180 68
57 181 68
57 182 68
57 183 68
57 184 68
57 185 68
58 116 63
58 117 65
58 118 52
58 119 46
58 120 46
58 121 47
58 122 47
58 123 47
58 124 47
58 125 47
58 126 46
58 127 47
58 128 47
58 129 47
58 130 47
58 131 47
58 132 75
58 133 55
58 134 55
58 135 55
58 136 55
58 137 55
58 138 55
58 139 63
58 140 59
58 141 59
58 142 64
58 143 64
58 144 63
58 145 65
58 146 60
58 147 58
58 148 80
58 149 61
58 150 61
58 151 68
58 152 78
58 153 84
58 154 84
58 155 85
58 156 83
58 157 83
58 158 82
58 159 84
58 160 87
58 161 97
58 162 78
58 163 70
58 164 70
58 165 50
58 166 50
58 167 50
58 168 50
58 169 50
58 170 64
58 171 91
58 172 91
58 173 92
58 174 90
58 175 90
58 176 90
58 177 70
58 178 69
58 179 69
58 180 68
58 181 68
58 182 68
58 183 68
58 184 68
58 185 68
58 186 68
59 117 63
59 118 52
59 119 52
59 120 46
59 121 47
59 122 46
59 123 47
59 124 47
59 125 47
59 126 46
59 127 46
59 128 47
59 129 47
59 130 47
59 131 47
59 132 47
59 133 54
59 134 55
59 135 55
59 136 55
59 137 59
59 138 55
59 139 63
59 140 63
59 141 59
59 142 64
59 143 64
59 144 59
59 145 65
59 146 60
59 147 58
59 148 61
59 149 61
59 150 61
59 151 68
59 152 76
59 153 84
59 154 84
59 155 84
59 156 83
59 157 83
59 158 83
59 159 84
59 160 96
59 161 97
59 162 78
59 163 78
59 164 68
59 165 68
59 166 47
59 167 47
59 168 62
59 169 82
59 170 91
59 171 92
59 172 92
59 173 92
59 174 92
59 175 92
59 176 90
59 177 70
59 178 70
59 179 71
59 180 71
59 181 68
59 182 68
59 183 68
59 184 68
59 185 69
59 186 69
59 187 66
60 117 63
60 118 52
60 119 52
60 120 46
60 121 46
60 122 47
60 123 47
60 124 47
60 125 47
60 126 46
60 127 46
60 128 46
60 129 47
60 130 47
60 131 47
60 132 47
60 133 54
60 134 55
60 135 55
60 136 55
60 137 55
60 138 55
60 139 63
60 140 63
60 141 51
60 142 64
60 143 64
60 144 59
60 145 65
60 146 60
60 147 70
60 148 68
60 149 61
60 150 61
60 151 62
60 152 76
60 153 85
60 154 85
60 155 85
60 156 83
60 157 83
60 158 83
60 159 88
60 160 97
60 161 78
60 162 78
60 163 84
60 164 85
60 165 68
60 166 67
60 167 47
60 168 47
60 169 67
60 170 91
60 171 92
60 172 92
60 173 80
60 174 92
60 175 92
60 176 92
60 177 70
60 178 70
60 179 71
60 180 71
60 181 71
60 182 68
60 183 68
60 184 69
60 185 69
60 186 69
60 187 69
60 188 66
60 189 66
61 118 65
61 119 52
61 120 52
61 121 46
61 122 46
61 123 47
61 124 46
61 125 46
61 126 46
61 127 46
61 128 46
61 129 47
61 130 47
61 131 46
61 132 47
61 133 54
61 134 55
61 135 55
61 136 55
61 137 55
61 138 55
61 139 60
61 140 55
61 141 51
61 142 64
61 143 60
61 144 60
61 145 61
61 146 58
61 147 70
61 148 61
61 149 61
61 150 61
61 151 63
61 152 68
61 153 85
61 154 85
61 155 85
61 156 77
61 157 83
61 158 83
61 159 88
61 160 78
61 161 78
61 162 78
61 163 85
61 164 88
61 165 68
61 166 68
61 167 47
61 168 47
61 169 46
61 170 47
61 171 91
61 172 92
61 173 80
61 174 80
61 175 92
61 176 92
61 177 93
61 178 70
61 179 71
61 180 71
61 181 71
61 182 68
61 183 68
61 184 69
61 185 69
61 186 69
61 187 69
61 188 66
61 189 66
61 190 66
62 118 63
62 119 52
62 120 52
62 121 52
62 122 46
62 123 46
62 124 46
62 125 46
62 126 46
62 127 46
62 128 46
62 129 46
62 130 47
62 131 47
62 132 47
62 133 55
62 134 55
62 135 55
62 136 55
62 137 55
62 138 55
62 139 49
62 140 51
62 141 51
62 142 60
62 143 61
62 144 51
62 145 50
62 146 49
62 147 68
62 148 61
62 149 61
62 150 61
62 151 63
62 152 68
62 153 85
62 154 85
62 155 77
62 156 77
62 157 84
62 158 87
62 159 97
62 160 78
62 161 78
62 162 78
62 163 88
62 164 88
62 165 88
62 166 68
62 167 68
62 168 47
62 169 46
62 170 46
62 171 47
62 172 91
62 173 91
62 174 80
62 175 81
62 176 92
62 177 93
62 178 70
62 179 71
62 180 71
62 181 71
62 182 71
62 183 69
62 184 69
62 185 69
62 186 69
62 187 69
62 188 66
62 189 66
62 190 66
62 191 66
63 119 63
63 120 52
63 121 52
63 122 52
63 123 46
63 124 46
63 125 46
63 126 46
63 127 46
63 128 46
63 129 46
63 130 47
63 131 47
63 132 47
63 133 55
63 134 55
63 135 55
63 136 55
63 137 56
63 138 55
63 139 48
63 140 51
63 141 51
63 142 61
63 143 47
63 144 47
63 145 47
63 146 47
63 147 63
63 148 62
63 149 62
63 150 62
63 151 62
63 152 68
63 153 85
63 154 85
63 155 77
63 156 77
63 157 87
63 158 96
63 159 78
63 160 79
63 161 78
63 162 78
63 163 88
63 164 88
63 165 89
63 166 68
63 167 68
63 168 47
63 169 46
63 170 47
63 171 47
63 172 71
63 173 91
63 174 80
63 175 80
63 176 80
63 177 93
63 178 93
63 179 69
63 180 71
63 181 71
63 182 71
63 183 69
63 184 69
63 185 69
63 186 69
63 187 69
63 188 69
63 189 66
63 190 66
63 191 66
64 120 65
64 121 52
64 122 52
64 123 52
64 124 46
64 125 46
64 126 47
64 127 46
64 128 46
64 129 75
64 130 76
64 131 76
64 132 95
64 133 79
64 134 79
64 135 56
64 136 56
64 137 55
64 138 49
64 139 48
64 140 48
64 141 30
64 142 29
64 143 47
64 144 47
64 145 30
64 146 30
64 147 47
64 148 55
64 149 62
64 150 62
64 151 62
64 152 76
64 153 78
64 154 78
64 155 78
64 156 78
64 157 87
64 158 79
64 159 79
64 160 79
64 161 79
64 162 78
64 163 78
64 164 88
64 165 88
64 166 81
64 167 68
64 168 68
64 169 47
64 170 47
64 171 47
64 172 47
64 173 71
64 174 91
64 175 80
64 176 80
64 177 93
64 178 93
64 179 93
64 180 71
64 181 71
64 182 71
64 183 56
64 184 69
64 185 69
64 186 69
64 187 69
64 188 69
64 189 66
64 190 66
64 191 67
64 192 67
65 121 65
65 122 52
65 123 52
65 124 46
65 125 75
65 126 76
65 127 76
65 128 64
65 129 65
65 130 61
65 131 51
65 132 57
65 133 55
65 134 56
65 135 56
65 136 55
65 137 51
65 138 48
65 143 30
65 144 30
65 145 30
65 146 30
65 147 48
65 148 65
65 149 55
65 150 62
65 151 63
65 152 63
65 153 75
65 154 75
65 155 75
65 156 75
65 157 91
65 158 71
65 159 80
65 160 79
65 161 79
65 162 78
65 163 78
65 164 100
65 165 88
65 166 89
65 167 69
65 168 68
65 169 47
65 170 46
65 171 47
65 172 47
65 173 47
65 174 47
65 175 61
65 176 80
65 177 82
65 178 93
65 179 93
65 180 82
65 181 56
65 182 71
65 183 71
65 184 69
65 185 69
65 186 69
65 187 69
65 188 69
65 189 67
65 190 67
65 191 67
65 192 67
65 193 64
66 122 65
66 123 79
66 124 79
66 125 64
66 126 65
66 127 61
66 128 51
66 129 51
66 130 47
66 131 61
66 132 56
66 133 56
66 134 56
66 135 56
66 136 35
66 144 30
66 145 30
66 146 30
66 147 48
66 148 48
66 149 65
66 150 64
66 151 54
66 152 65
66 153 75
66 154 75
66 155 75
66 156 78
66 157 72
66 158 71
66 159 72
66 160 72
66 161 71
66 162 79
66 163 79
66 164 100
66 165 100
66 166 89
66 167 89
66 168 69
66 169 47
66 170 47
66 171 46
66 172 47
66 173 47
66 174 47
66 175 46
66 176 61
66 177 82
66 178 93
66 179 93
66 180 93
66 181 56
66 182 56
66 183 71
66 184 56
66 185 69
66 186 69
66 187 69
66 188 54
66 189 54
66 190 67
66 191 67
66 192 67
66 193 67
66 194 64
67 121 64
67 122 88
67 123 79
67 124 68
67 125 65
67 126 61
67 127 61
67 128 47
67 129 47
67 130 56
67 131 56
67 132 57
67 133 44
67 134 36
67 135 36
67 146 30
67 147 48
67 148 48
67 149 49
67 150 55
67 151 56
67 152 56
67 153 66
67 154 66
67 155 71
67 156 82
67 157 61
67 158 72
67 159 72
67 160 72
67 161 72
67 162 72
67 163 77
67 164 79
67 165 100
67 166 89
67 167 89
67 168 69
67 169 47
67 170 47
67 171 47
67 172 47
67 173 46
67 174 47
67 175 47
67 176 46
67 177 48
67 178 82
67 179 93
67 180 93
67 181 81
67 182 56
67 183 56
67 184 56
67 185 56
67 186 69
67 187 69
67 188 54
67 189 54
67 190 67
67 191 67
67 192 67
67 193 67
67 194 64
68 120 65
68 121 66
68 122 66
68 123 79
68 124 60
68 125 51
68 126 51
68 127 47
68 128 48
68 129 47
68 130 44
68 131 36
68 132 35
68 133 37
68 134 36
68 147 31
68 148 30
68 149 30
68 150 56
68 151 81
68 152 56
68 153 66
68 154 66
68 155 66
68 156 82
68 157 65
68 158 75
68 159 75
68 160 75
68 161 75
68 162 72
68 163 78
68 164 80
68 165 80
68 166 100
68 167 89
68 168 87
68 169 47
68 170 47
68 171 47
68 172 46
68 173 47
68 174 47
68 175 46
68 176 46
68 177 48
68 178 82
68 179 82
68 180 93
68 181 81
68 182 56
68 183 56
68 184 56
68 185 56
68 186 56
68 187 54
68 188 54
68 189 54
68 190 54
68 191 67
68 192 67
68 193 67
68 194 64
68 195 64
69 119 67
69 120 67
69 121 53
69 122 79
69 123 65
69 124 61
69 125 51
69 126 70
69 127 37
69 128 36
69 129 37
69 130 37
69 131 36
69 132 36
69 133 27
69 148 30
69 149 30
69 150 48
69 151 50
69 152 68
69 153 66
69 154 73
69 155 67
69 156 81
69 157 68
69 158 68
69 159 69
69 160 75
69 161 75
69 162 75
69 163 74
69 164 78
69 165 80
69 166 80
69 167 101
69 168 87
69 169 47
69 170 47
69 171 47
69 172 47
69 173 47
69 174 47
69 175 47
69 176 46
69 177 48
69 178 48
69 179 82
69 180 93
69 181 81
69 182 56
69 183 56
69 184 50
69 185 56
69 186 56
69 187 49
69 188 54
69 189 54
69 190 54
69 191 68
69 192 68
69 193 68
69 194 65
69 195 65
70 118 67
70 119 67
70 120 53
70 121 98
70 122 79
70 123 69
70 124 57
70 125 36
70 126 37
70 127 37
70 128 37
70 129 37
70 130 36
70 131 27
70 148 30
70 149 30
70 150 48
70 151 48
70 152 50
70 153 73
70 154 83
70 155 88
70 156 95
70 157 69
70 158 68
70 159 68
70 160 68
70 161 68
70 162 73
70 163 73
70 164 73
70 165 80
70 166 80
70 167 101
70 168 87
70 169 47
70 170 47
70 171 47
70 172 47
70 173 47
70 174 47
70 175 47
70 176 46
70 177 48
70 178 48
70 179 48
70 180 82
70 181 81
70 182 56
70 183 50
70 184 50
70 185 50
70 186 56
70 187 50
70 188 54
70 189 54
70 190 54
70 191 68
70 192 68
70 193 68
70 194 65
70 195 65
70 196 65
71 117 65
71 118 67
71 119 53
71 120 60
71 121 56
71 122 69
71 123 57
71 124 36
71 125 36
71 126 37
71 127 37
71 128 37
71 129 27
71 149 30
71 150 30
71 151 48
71 152 48
71 153 63
71 154 63
71 155 63
71 156 95
71 157 92
71 158 83
71 159 69
71 160 68
71 161 68
71 162 66
71 163 71
71 164 73
71 165 73
71 166 80
71 167 80
71 168 101
71 169 72
71 170 47
71 171 47
71 172 47
71 173 47
71 174 47
71 175 47
71 176 46
71 177 48
71 178 48
71 179 48
71 180 48
71 181 77
71 182 56
71 183 50
71 184 50
71 185 50
71 186 56
71 187 50
71 188 50
71 189 54
71 190 54
71 191 54
71 192 68
71 193 68
71 194 65
71 195 65
71 196 65
72 116 65
72 117 66
72 118 67
72 119 56
72 120 56
72 121 81
72 122 69
72 123 56
72 124 36
72 125 36
72 126 36
72 127 49
72 150 30
72 151 48
72 152 48
72 153 63
72 154 63
72 155 63
72 156 63
72 157 93
72 158 73
72 159 73
72 160 76
72 161 91
72 162 66
72 163 66
72 164 72
72 165 73
72 166 87
72 167 83
72 168 80
72 169 72
72 170 47
72 171 47
72 172 47
72 173 47
72 174 47
72 175 47
72 176 48
72 177 48
72 178 48
72 179 48
72 180 48
72 181 77
72 182 50
72 183 50
72 184 50
72 185 50
72 186 50
72 187 50
72 188 50
72 189 54
72 190 54
72 191 54
72 192 68
72 193 68
72 194 65
72 195 65
72 196 65
73 116 65
73 117 53
73 118 70
73 119 56
73 120 57
73 121 81
73 122 56
73 123 36
73 124 36
73 125 36
73 152 31
73 153 49
73 154 49
73 155 60
73 156 61
73 157 64
73 158 64
73 159 64
73 160 64
73 161 77
73 162 76
73 163 90
73 164 66
73 165 72
73 166 74
73 167 87
73 168 85
73 169 88
73 170 47
73 171 47
73 172 47
73 173 47
73 174 47
73 175 47
73 176 48
73 177 48
73 178 48
73 179 48
73 180 48
73 181 47
73 182 77
73 183 50
73 184 50
73 185 50
73 186 49
73 187 50
73 188 50
73 189 50
73 190 55
73 191 55
73 192 55
73 193 68
73 194 65
73 195 65
73 196 65
74 115 65
74 116 53
74 117 48
74 118 56
74 119 56
74 120 57
74 121 66
74 122 36
74 123 36
74 124 36
74 153 46
74 154 46
74 155 46
74 156 51
74 157 65
74 158 73
74 159 65
74 160 65
74 161 65
74 162 68
74 163 67
74 164 80
74 165 65
74 166 72
74 167 74
74 168 76
74 169 81
74 170 69
74 171 47
74 172 47
74 173 47
74 174 47
74 175 48
74 176 48
74 177 48
74 178 48
74 179 48
74 180 48
74 181 47
74 182 59
74 183 49
74 184 50
74 185 50
74 186 49
74 187 50
74 188 50
74 189 50
74 190 55
74 191 55
74 192 55
74 193 55
74 194 68
74 195 65
74 196 65
75 115 53
75 116 53
75 117 56
75 118 66
75 119 56
75 120 56
75 121 66
75 122 36
75 123 36
75 124 37
75 153 28
75 154 46
75 155 45
75 156 46
75 157 46
75 158 50
75 159 70
75 160 62
75 161 65
75 162 77
75 163 67
75 164 78
75 165 81
75 166 68
75 167 71
75 168 77
75 169 77
75 170 72
75 171 68
75 172 47
75 173 47
75 174 48
75 175 48
75 176 48
75 177 48
75 178 48
75 179 48
75 180 48
75 181 47
75 182 59
75 183 49
75 184 50
75 185 49
75 186 49
75 187 50
75 188 50
75 189 50
75 190 49
75 191 55
75 192 55
75 193 55
75 194 68
75 195 65
75 196 65
76 114 67
76 115 53
76 116 53
76 117 56
76 118 56
76 119 57
76 120 57
76 121 73
76 122 36
76 123 37
76 153 28
76 154 45
76 155 45
76 156 45
76 157 46
76 158 46
76 159 46
76 160 50
76 161 76
76 162 76
76 163 86
76 164 96
76 165 81
76 166 91
76 167 67
76 168 72
76 169 77
76 170 75
76 171 69
76 172 69
76 173 47
76 174 49
76 175 48
76 176 48
76 177 48
76 178 48
76 179 48
76 180 48
76 181 47
76 182 59
76 183 49
76 184 49
76 185 49
76 186 50
76 187 50
76 188 50
76 189 50
76 190 49
76 191 55
76 192 55
76 193 55
76 194 54
76 195 65
76 196 65
77 114 53
77 115 53
77 116 97
77 117 56
77 118 57
77 119 57
77 120 57
77 121 44
77 122 37
77 123 36
77 153 28
77 154 46
77 155 46
77 156 45
77 157 44
77 158 46
77 159 46
77 160 46
77 161 46
77 162 45
77 163 40
77 164 58
77 165 67
77 166 97
77 167 67
77 168 68
77 169 77
77 170 67
77 171 72
77 172 69
77 173 70
77 174 49
77 175 49
77 176 48
77 177 48
77 178 48
77 179 48
77 180 48
77 181 47
77 182 47
77 183 48
77 184 49
77 185 50
77 186 50
77 187 50
77 188 50
77 189 50
77 190 49
77 191 49
77 192 55
77 193 55
77 194 54
77 195 65
77 196 65
78 113 67
78 114 53
78 115 53
78 116 57
78 117 56
78 118 57
78 119 57
78 120 70
78 121 37
78 122 37
78 123 36
78 124 27
78 153 28
78 154 45
78 155 46
78 156 45
78 157 44
78 158 44
78 159 45
78 160 45
78 161 46
78 162 45
78 163 41
78 164 51
78 165 58
78 166 58
78 167 77
78 168 84
78 169 57
78 170 67
78 171 77
78 172 74
78 173 70
78 174 49
78 175 49
78 176 48
78 177 48
78 178 48
78 179 48
78 180 48
78 181 47
78 182 47
78 183 48
78 184 49
78 185 50
78 186 50
78 187 50
78 188 50
78 189 50
78 190 49
78 191 49
78 192 55
78 193 55
78 194 55
78 195 65
78 196 65
79 113 53
79 114 53
79 115 48
79 116 56
79 117 57
79 118 57
79 119 82
79 120 57
79 121 37
79 122 37
79 123 37
79 124 27
79 154 46
79 155 46
79 156 46
79 157 44
79 158 45
79 159 45
79 160 45
79 161 46
79 162 45
79 163 42
79 164 45
79 165 51
79 166 50
79 167 57
79 168 88
79 169 83
79 170 68
79 171 77
79 172 73
79 173 70
79 174 49
79 175 49
79 176 48
79 177 48
79 178 48
79 179 48
79 180 48
79 181 47
79 182 47
79 183 46
79 184 49
79 185 50
79 186 50
79 187 50
79 188 50
79 189 49
79 190 49
79 191 55
79 192 55
79 193 55
79 194 68
79 195 65
80 112 65
80 113 53
80 114 53
80 115 74
80 116 57
80 117 56
80 118 66
80 119 58
80 120 44
80 121 37
80 122 37
80 123 37
80 154 29
80 155 46
80 156 46
80 157 45
80 158 45
80 159 45
80 160 45
80 161 45
80 162 46
80 163 42
80 164 42
80 165 52
80 166 50
80 167 50
80 168 50
80 169 81
80 170 53
80 171 64
80 172 73
80 173 70
80 174 49
80 175 48
80 176 48
80 177 48
80 178 47
80 179 48
80 180 48
80 181 47
80 182 47
80 183 46
80 184 50
80 185 49
80 186 50
80 187 49
80 188 49
80 189 49
80 190 49
80 191 55
80 192 55
80 193 55
80 194 68
80 195 65
81 112 67
81 113 53
81 114 53
81 115 57
81 116 57
81 117 57
81 118 71
81 119 57
81 120 44
81 121 36
81 122 37
81 123 37
81 154 29
81 155 46
81 156 46
81 157 45
81 158 45
81 159 45
81 160 45
81 161 45
81 162 45
81 163 43
81 164 43
81 165 52
81 166 50
81 167 50
81 168 51
81 169 51
81 170 81
81 171 64
81 172 72
81 173 70
81 174 70
81 175 48
81 176 48
81 177 48
81 178 48
81 179 48
81 180 48
81 181 47
81 182 46
81 183 46
81 184 47
81 185 49
81 186 49
81 187 49
81 188 49
81 189 49
81 190 49
81 191 55
81 192 55
81 193 55
81 194 68
81 195 65
82 112 53
82 113 53
82 114 48
82 115 57
82 116 56
82 117 71
82 118 57
82 119 56
82 120 37
82 121 36
82 122 37
82 154 29
82 155 46
82 156 46
82 157 45
82 158 45
82 159 45
82 160 45
82 161 46
82 162 44
82 163 44
82 164 44
82 165 44
82 166 50
82 167 51
82 168 51
82 169 51
82 170 52
82 171 59
82 172 63
82 173 69
82 174 69
82 175 47
82 176 47
82 177 48
82 178 48
82 179 48
82 180 48
82 181 47
82 182 46
82 183 46
82 184 47
82 185 49
82 186 49
82 187 49
82 188 49
82 189 49
82 190 49
82 191 55
82 192 55
82 193 69
82 194 68
82 195 65
83 112 53
83 113 53
83 114 48
83 115 56
83 116 66
83 117 56
83 118 56
83 119 44
83 120 37
83 121 36
83 122 37
83 155 46
83 156 47
83 157 46
83 158 45
83 159 45
83 160 46
83 161 46
83 162 45
83 163 44
83 164 45
83 165 46
83 166 54
83 167 51
83 168 51
83 169 51
83 170 51
83 171 52
83 172 63
83 173 72
83 174 69
83 175 47
83 176 47
83 177 48
83 178 48
83 179 48
83 180 47
83 181 46
83 182 46
83 183 46
83 184 47
83 185 48
83 186 49
83 187 50
83 188 50
83 189 50
83 190 49
83 191 55
83 192 55
83 193 53
83 194 69
84 111 67
84 112 53
84 113 48
84 114 48
84 115 56
84 116 56
84 117 56
84 118 56
84 119 44
84 120 37
84 121 37
84 122 36
84 155 46
84 156 47
84 157 46
84 158 46
84 159 46
84 160 46
84 161 46
84 162 45
84 163 45
84 164 46
84 165 46
84 166 48
84 167 51
84 168 51
84 169 51
84 170 51
84 171 51
84 172 63
84 173 71
84 174 69
84 175 47
84 176 47
84 177 47
84 178 47
84 179 48
84 180 46
84 181 46
84 182 46
84 183 46
84 184 47
84 185 47
84 186 49
84 187 49
84 188 50
84 189 50
84 190 47
84 191 47
84 192 47
84 193 53
84 194 53
84 195 61
85 111 67
85 112 53
85 113 48
85 114 48
85 115 66
85 116 56
85 117 56
85 118 56
85 119 36
85 120 36
85 121 37
85 122 22
85 155 46
85 156 46
85 157 46
85 158 46
85 159 46
85 160 46
85 161 46
85 162 45
85 163 46
85 164 46
85 165 46
85 166 46
85 167 51
85 168 51
85 169 51
85 170 51
85 171 51
85 172 58
85 173 63
85 174 69
85 175 47
85 176 47
85 177 47
85 178 47
85 179 47
85 180 47
85 181 47
85 182 46
85 183 47
85 184 47
85 185 47
85 186 49
85 187 49
85 188 50
85 189 47
85 190 48
85 191 48
85 192 48
85 193 53
85 194 53
85 195 66
85 196 61
86 111 67
86 112 48
86 113 48
86 114 96
86 115 56
86 116 56
86 117 56
86 118 56
86 119 36
86 120 37
86 121 37
86 155 29
86 156 46
86 157 46
86 158 45
86 159 47
86 160 47
86 161 46
86 162 45
86 163 46
86 164 46
86 165 46
86 166 46
86 167 78
86 168 51
86 169 51
86 170 51
86 171 51
86 172 57
86 173 63
86 174 47
86 175 47
86 176 47
86 177 47
86 178 47
86 179 47
86 180 47
86 181 46
86 182 47
86 183 47
86 184 47
86 185 47
86 186 48
86 187 49
86 188 48
86 189 48
86 190 48
86 191 48
86 192 48
86 193 53
86 194 53
86 195 53
86 196 61
87 111 67
87 112 48
87 113 48
87 114 96
87 115 56
87 116 56
87 117 56
87 118 56
87 119 36
87 120 37
87 121 37
87 156 46
87 157 46
87 158 46
87 159 47
87 160 47
87 161 47
87 162 46
87 163 46
87 164 46
87 165 46
87 166 42
87 167 67
87 168 52
87 169 51
87 170 52
87 171 51
87 172 52
87 173 74
87 174 74
87 175 47
87 176 47
87 177 47
87 178 47
87 179 47
87 180 48
87 181 47
87 182 47
87 183 47
87 184 47
87 185 47
87 186 48
87 187 47
87 188 48
87 189 48
87 190 62
87 191 48
87 192 53
87 193 53
87 194 53
87 195 66
87 196 61
88 110 65
88 111 72
88 112 48
88 113 48
88 114 61
88 115 56
88 116 56
88 117 56
88 118 51
88 119 36
88 120 37
88 121 37
88 156 46
88 157 46
88 158 46
88 159 47
88 160 47
88 161 47
88 162 47
88 163 46
88 164 47
88 165 46
88 166 43
88 167 67
88 168 52
88 169 51
88 170 51
88 171 53
88 172 54
88 173 74
88 174 74
88 175 47
88 176 47
88 177 47
88 178 48
88 179 48
88 180 48
88 181 48
88 182 47
88 183 47
88 184 47
88 185 47
88 186 46
88 187 46
88 188 48
88 189 48
88 190 62
88 191 48
88 192 54
88 193 53
88 194 53
88 195 66
88 196 61
89 110 65
89 111 68
89 112 48
89 113 48
89 114 56
89 115 56
89 116 56
89 117 56
89 118 51
89 119 37
89 120 37
89 121 37
89 156 46
89 157 46
89 158 46
89 159 47
89 160 47
89 161 48
89 162 47
89 163 47
89 164 47
89 165 43
89 166 43
89 167 67
89 168 52
89 169 52
89 170 53
89 171 53
89 172 64
89 173 74
89 174 74
89 175 74
89 176 48
89 177 48
89 178 48
89 179 48
89 180 48
89 181 48
89 182 48
89 183 47
89 184 47
89 185 47
89 186 46
89 187 46
89 188 47
89 189 48
89 190 48
89 191 48
89 192 54
89 193 54
89 194 54
89 195 66
89 196 61
90 110 65
90 111 68
90 112 47
90 113 78
90 114 56
90 115 56
90 116 56
90 117 56
90 118 56
90 119 36
90 120 37
90 121 23
90 156 46
90 157 46
90 158 47
90 159 47
90 160 48
90 161 48
90 162 47
90 163 47
90 164 47
90 165 43
90 166 43
90 167 62
90 168 53
90 169 53
90 170 53
90 171 53
90 172 64
90 173 75
90 174 75
90 175 75
90 176 48
90 177 48
90 178 48
90 179 48
90 180 48
90 181 48
90 182 48
90 183 47
90 184 47
90 185 46
90 186 46
90 187 46
90 188 48
90 189 48
90 190 48
90 191 54
90 192 54
90 193 54
90 194 66
90 195 66
91 110 65
91 111 68
91 112 48
91 113 77
91 114 56
91 115 56
91 116 71
91 117 56
91 118 56
91 119 37
91 120 37
91 156 29
91 157 58
91 158 47
91 159 47
91 160 47
91 161 48
91 162 47
91 163 47
91 164 44
91 165 43
91 166 43
91 167 54
91 168 53
91 169 53
91 170 52
91 171 54
91 172 64
91 173 64
91 174 75
91 175 74
91 176 76
91 177 48
91 178 48
91 179 48
91 180 48
91 181 48
91 182 48
91 183 47
91 184 47
91 185 47
91 186 47
91 187 46
91 188 48
91 189 48
91 190 48
91 191 54
91 192 54
91 193 54
91 194 67
91 195 66
92 110 65
92 111 68
92 112 48
92 113 61
92 114 56
92 115 56
92 116 70
92 117 56
92 118 56
92 119 37
92 120 37
92 156 29
92 157 46
92 158 47
92 159 47
92 160 47
92 161 48
92 162 48
92 163 47
92 164 45
92 165 44
92 166 43
92 167 45
92 168 53
92 169 54
92 170 54
92 171 54
92 172 64
92 173 64
92 174 74
92 175 74
92 176 74
92 177 48
92 178 48
92 179 48
92 180 48
92 181 48
92 182 48
92 183 47
92 184 47
92 185 47
92 186 47
92 187 47
92 188 48
92 189 48
92 190 48
92 191 54
92 192 54
92 193 54
92 194 67
92 195 67
92 196 61
93 110 65
93 111 68
93 112 48
93 113 73
93 114 56
93 115 56
93 116 66
93 117 56
93 118 56
93 119 37
93 120 37
93 157 46
93 158 47
93 159 47
93 160 48
93 161 48
93 162 48
93 163 48
93 164 47
93 165 44
93 166 45
93 167 46
93 168 54
93 169 54
93 170 54
93 171 54
93 172 64
93 173 64
93 174 74
93 175 74
93 176 74
93 177 48
93 178 47
93 179 47
93 180 47
93 181 47
93 182 47
93 183 47
93 184 47
93 185 47
93 186 47
93 187 48
93 188 48
93 189 48
93 190 48
93 191 54
93 192 54
93 193 67
93 194 67
93 195 67
94 110 65
94 111 53
94 112 48
94 113 72
94 114 56
94 115 56
94 116 66
94 117 56
94 118 55
94 119 37
94 120 28
94 157 46
94 158 47
94 159 47
94 160 48
94 161 48
94 162 48
94 163 48
94 164 47
94 165 45
94 166 46
94 167 46
94 168 64
94 169 54
94 170 53
94 171 54
94 172 64
94 173 64
94 174 74
94 175 75
94 176 74
94 177 74
94 178 48
94 179 48
94 180 47
94 181 47
94 182 47
94 183 47
94 184 47
94 185 47
94 186 48
94 187 48
94 188 48
94 189 48
94 190 48
94 191 54
94 192 54
94 193 67
94 194 67
94 195 62
95 110 65
95 111 48
95 112 48
95 113 61
95 114 56
95 115 56
95 116 56
95 117 56
95 118 55
95 119 37
95 120 28
95 157 46
95 158 47
95 159 47
95 160 48
95 161 48
95 162 48
95 163 48
95 164 48
95 165 46
95 166 46
95 167 45
95 168 54
95 169 54
95 170 54
95 171 54
95 172 64
95 173 65
95 174 75
95 175 74
95 176 74
95 177 74
95 178 48
95 179 48
95 180 48
95 181 47
95 182 47
95 183 47
95 184 48
95 185 48
95 186 49
95 187 48
95 188 48
95 189 48
95 190 48
95 191 54
95 192 67
95 193 67
95 194 67
95 195 61
96 110 53
96 111 48
96 112 48
96 113 56
96 114 56
96 115 56
96 116 56
96 117 56
96 118 37
96 119 37
96 120 27
96 157 46
96 158 47
96 159 47
96 160 48
96 161 48
96 162 48
96 163 49
96 164 48
96 165 46
96 166 45
96 167 46
96 168 48
96 169 54
96 170 53
96 171 54
96 172 64
96 173 64
96 174 64
96 175 74
96 176 74
96 177 75
96 178 73
96 179 49
96 180 49
96 181 48
96 182 48
96 183 49
96 184 49
96 185 49
96 186 49
96 187 49
96 188 48
96 189 49
96 190 49
96 191 54
96 192 67
96 193 67
96 194 62
97 110 53
97 111 48
97 112 56
97 113 56
97 114 56
97 115 55
97 116 55
97 117 56
97 118 37
97 119 48
97 157 46
97 158 47
97 159 47
97 160 48
97 161 48
97 162 49
97 163 49
97 164 48
97 165 46
97 166 46
97 167 46
97 168 48
97 169 54
97 170 54
97 171 55
97 172 65
97 173 65
97 174 65
97 175 75
97 176 75
97 177 75
97 178 74
97 179 50
97 180 49
97 181 49
97 182 48
97 183 48
97 184 48
97 185 49
97 186 49
97 187 48
97 188 48
97 189 49
97 190 55
97 191 68
97 192 67
97 193 67
98 109 63
98 110 53
98 111 48
98 112 87
98 113 56
98 114 56
98 115 55
98 116 55
98 117 56
98 118 37
98 119 48
98 157 46
98 158 47
98 159 47
98 160 48
98 161 48
98 162 48
98 163 49
98 164 48
98 165 46
98 166 46
98 167 45
98 168 47
98 169 64
98 170 54
98 171 55
98 172 65
98 173 65
98 174 65
98 175 75
98 176 75
98 177 74
98 178 74
98 179 49
98 180 49
98 181 49
98 182 49
98 183 48
98 184 48
98 185 49
98 186 48
98 187 48
98 188 48
98 189 55
98 190 68
98 191 68
98 192 67
98 193 63
99 109 63
99 110 48
99 111 78
99 112 56
99 113 56
99 114 56
99 115 55
99 116 55
99 117 56
99 118 37
99 119 48
99 157 46
99 158 47
99 159 46
99 160 47
99 161 48
99 162 48
99 163 49
99 164 48
99 165 46
99 166 45
99 167 45
99 168 47
99 169 64
99 170 54
99 171 54
99 172 54
99 173 65
99 174 65
99 175 65
99 176 74
99 177 74
99 178 74
99 179 49
99 180 48
99 181 49
99 182 49
99 183 49
99 184 48
99 185 49
99 186 49
99 187 49
99 188 55
99 189 55
99 190 68
99 191 68
99 192 64
99 193 63
100 109 66
100 110 49
100 111 70
100 112 56
100 113 56
100 114 55
100 115 54
100 116 56
100 117 56
100 118 37
100 119 48
100 157 46
100 158 47
100 159 46
100 160 47
100 161 48
100 162 48
100 163 49
100 164 48
100 165 46
100 166 45
100 167 44
100 168 45
100 169 68
100 170 54
100 171 54
100 172 54
100 173 64
100 174 64
100 175 64
100 176 74
100 177 74
100 178 73
100 179 49
100 180 48
100 181 48
100 182 48
100 183 48
100 184 48
100 185 48
100 186 47
100 187 48
100 188 48
100 189 53
100 190 53
100 191 64
100 192 64
100 193 63
101 108 63
101 109 52
101 110 49
101 111 62
101 112 56
101 113 56
101 114 55
101 115 55
101 116 56
101 117 55
101 118 37
101 119 48
101 157 46
101 158 46
101 159 46
101 160 47
101 161 48
101 162 47
101 163 49
101 164 48
101 165 46
101 166 58
101 167 46
101 168 44
101 169 54
101 170 54
101 171 54
101 172 54
101 173 64
101 174 64
101 175 64
101 176 74
101 177 73
101 178 73
101 179 49
101 180 49
101 181 48
101 182 48
101 183 48
101 184 48
101 185 48
101 186 48
101 187 47
101 188 53
101 189 53
101 190 65
101 191 65
101 192 64
101 193 64
102 108 63
102 109 52
102 110 48
102 111 62
102 112 56
102 113 56
102 114 56
102 115 55
102 116 56
102 117 44
102 118 36
102 119 27
102 157 46
102 158 46
102 159 46
102 160 47
102 161 47
102 162 48
102 163 48
102 164 48
102 165 64
102 166 46
102 167 47
102 168 46
102 169 46
102 170 54
102 171 54
102 172 54
102 173 64
102 174 64
102 175 64
102 176 68
102 177 77
102 178 77
102 179 54
102 180 54
102 181 54
102 182 48
102 183 48
102 184 48
102 185 48
102 186 53
102 187 53
102 188 65
102 189 65
102 190 65
102 191 65
102 192 65
102 193 60
103 108 63
103 109 52
103 110 48
103 111 62
103 112 56
103 113 56
103 114 55
103 115 55
103 116 56
103 117 37
103 118 48
103 157 29
103 158 46
103 159 46
103 160 46
103 161 47
103 162 48
103 163 48
103 164 48
103 165 76
103 166 46
103 167 46
103 168 46
103 169 46
103 170 54
103 171 54
103 172 53
103 173 59
103 174 64
103 175 64
103 176 64
103 177 77
103 178 77
103 179 54
103 180 54
103 181 54
103 182 54
103 183 54
103 184 54
103 185 54
103 186 53
103 187 65
103 188 65
103 189 65
103 190 65
103 191 65
103 192 65
103 193 60
104 108 65
104 109 52
104 110 48
104 111 56
104 112 56
104 113 56
104 114 55
104 115 55
104 116 56
104 117 37
104 118 48
104 157 29
104 158 46
104 159 46
104 160 46
104 161 47
104 162 48
104 163 48
104 164 52
104 165 78
104 166 46
104 167 45
104 168 46
104 169 45
104 170 54
104 171 54
104 172 53
104 173 53
104 174 68
104 175 64
104 176 64
104 177 73
104 178 73
104 179 54
104 180 54
104 181 54
104 182 54
104 183 54
104 184 54
104 185 54
104 186 66
104 187 66
104 188 66
104 189 65
104 190 65
104 191 65
104 192 61
105 108 65
105 109 48
105 110 48
105 111 70
105 112 56
105 113 56
105 114 55
105 115 56
105 116 56
105 117 37
105 118 41
105 158 46
105 159 46
105 160 46
105 161 47
105 162 48
105 163 61
105 164 62
105 165 78
105 166 45
105 167 45
105 168 45
105 169 45
105 170 54
105 171 53
105 172 53
105 173 53
105 174 63
105 175 68
105 176 68
105 177 76
105 178 73
105 179 49
105 180 54
105 181 54
105 182 54
105 183 54
105 184 66
105 185 66
105 186 66
105 187 66
105 188 66
105 189 66
105 190 65
105 191 65
105 192 61
106 107 63
106 108 66
106 109 48
106 110 48
106 111 73
106 112 56
106 113 56
106 114 56
106 115 56
106 116 55
106 117 37
106 158 29
106 159 46
106 160 46
106 161 47
106 162 51
106 163 61
106 164 62
106 165 78
106 166 44
106 167 44
106 168 44
106 169 44
106 170 53
106 171 53
106 172 53
106 173 53
106 174 59
106 175 68
106 176 68
106 177 67
106 178 77
106 179 53
106 180 53
106 181 68
106 182 67
106 183 67
106 184 67
106 185 66
106 186 66
106 187 66
106 188 66
106 189 66
106 190 65
106 191 61
106 192 61
107 107 65
107 108 66
107 109 48
107 110 48
107 111 56
107 112 56
107 113 56
107 114 56
107 115 56
107 116 56
107 117 37
107 158 29
107 159 46
107 160 46
107 161 47
107 162 51
107 163 61
107 164 62
107 165 78
107 166 44
107 167 43
107 168 44
107 169 44
107 170 53
107 171 53
107 172 53
107 173 53
107 174 53
107 175 67
107 176 67
107 177 67
107 178 77
107 179 53
107 180 53
107 181 53
107 182 67
107 183 67
107 184 67
107 185 67
107 186 66
107 187 66
107 188 66
107 189 61
107 190 61
107 191 61
108 107 65
108 108 65
108 109 48
108 110 86
108 111 56
108 112 56
108 113 56
108 114 56
108 115 56
108 116 56
108 117 37
108 159 46
108 160 46
108 161 46
108 162 51
108 163 61
108 164 62
108 165 78
108 166 43
108 167 43
108 168 43
108 169 44
108 170 63
108 171 53
108 172 53
108 173 58
108 174 53
108 175 67
108 176 67
108 177 78
108 178 77
108 179 77
108 180 53
108 181 53
108 182 53
108 183 67
108 184 67
108 185 67
108 186 67
108 187 62
108 188 62
108 189 62
108 190 61
108 191 61
109 107 65
109 108 65
109 109 48
109 110 81
109 111 56
109 112 56
109 113 56
109 114 56
109 115 56
109 116 56
109 117 36
109 159 46
109 160 46
109 161 46
109 162 51
109 163 62
109 164 62
109 165 79
109 166 42
109 167 43
109 168 43
109 169 43
109 170 63
109 171 53
109 172 53
109 173 58
109 174 58
109 175 79
109 176 78
109 177 78
109 178 78
109 179 77
109 180 53
109 181 53
109 182 53
109 183 68
109 184 63
109 185 63
109 186 63
109 187 63
109 188 62
109 189 62
109 190 61
110 107 65
110 108 47
110 109 48
110 110 56
110 111 56
110 112 56
110 113 56
110 114 56
110 115 56
110 116 44
110 117 48
110 159 58
110 160 46
110 161 47
110 162 51
110 163 64
110 164 64
110 165 79
110 166 43
110 167 43
110 168 43
110 169 43
110 170 67
110 171 52
110 172 52
110 173 52
110 174 57
110 175 67
110 176 78
110 177 87
110 178 87
110 179 86
110 180 66
110 181 66
110 182 65
110 183 65
110 184 64
110 185 63
110 186 63
110 187 63
110 188 62
110 189 62
111 107 65
111 108 47
111 109 48
111 110 56
111 111 56
111 112 56
111 113 56
111 114 56
111 115 56
111 116 37
111 117 31
111 159 47
111 160 46
111 161 64
111 162 51
111 163 64
111 164 64
111 165 79
111 166 43
111 167 42
111 168 43
111 169 43
111 170 58
111 171 52
111 172 57
111 173 52
111 174 57
111 175 67
111 176 87
111 177 87
111 178 86
111 179 86
111 180 86
111 181 65
111 182 65
111 183 65
111 184 64
111 185 64
111 186 63
111 187 63
111 188 62
112 106 63
112 107 52
112 108 47
112 109 48
112 110 56
112 111 56
112 112 56
112 113 56
112 114 56
112 115 55
112 116 37
112 159 29
112 160 47
112 161 64
112 162 52
112 163 62
112 164 64
112 165 79
112 166 50
112 167 43
112 168 42
112 169 43
112 170 43
112 171 52
112 172 52
112 173 57
112 174 57
112 175 78
112 176 87
112 177 87
112 178 85
112 179 85
112 180 85
112 181 65
112 182 65
112 183 65
112 184 64
112 185 64
112 186 63
112 187 63
113 106 63
113 107 52
113 108 47
113 109 48
113 110 65
113 111 55
113 112 56
113 113 56
113 114 56
113 115 55
113 116 37
113 159 29
113 160 47
113 161 77
113 162 52
113 163 62
113 164 64
113 165 49
113 166 50
113 167 43
113 168 42
113 169 43
113 170 42
113 171 51
113 172 52
113 173 57
113 174 58
113 175 67
113 176 87
113 177 87
113 178 85
113 179 84
113 180 62
113 181 62
113 182 61
113 183 65
113 184 64
113 185 64
113 186 63
114 106 63
114 107 52
114 108 48
114 109 48
114 110 69
114 111 55
114 112 55
114 113 55
114 114 56
114 115 43
114 116 37
114 160 47
114 161 76
114 162 48
114 163 51
114 164 64
114 165 51
114 166 50
114 167 43
114 168 43
114 169 42
114 170 42
114 171 51
114 172 51
114 173 57
114 174 57
114 175 78
114 176 78
114 177 87
114 178 86
114 179 84
114 180 62
114 181 61
114 182 61
114 183 61
114 184 61
114 185 60
115 106 63
115 107 52
115 108 47
115 109 48
115 110 76
115 111 55
115 112 55
115 113 55
115 114 56
115 115 43
115 116 36
115 160 55
115 161 76
115 162 49
115 163 62
115 164 62
115 165 51
115 166 50
115 167 42
115 168 42
115 169 42
115 170 42
115 171 42
115 172 51
115 173 56
115 174 57
115 175 77
115 176 77
115 177 87
115 178 87
115 179 84
115 180 62
115 181 61
115 182 61
115 183 61
115 184 60
115 185 60
115 186 60
116 106 63
116 107 52
116 108 47
116 109 47
116 110 76
116 111 55
116 112 55
116 113 55
116 114 55
116 115 55
116 116 36
116 160 55
116 161 76
116 162 52
116 163 62
116 164 62
116 165 79
116 166 50
116 167 42
116 168 42
116 169 42
116 170 42
116 171 42
116 172 56
116 173 56
116 174 62
116 175 77
116 176 77
116 177 87
116 178 87
116 179 84
116 180 61
116 181 61
116 182 61
116 183 61
116 184 60
116 185 60
116 186 60
117 106 63
117 107 52
117 108 47
117 109 47
117 110 78
117 111 55
117 112 55
117 113 55
117 114 55
117 115 55
117 116 23
117 160 55
117 161 76
117 162 52
117 163 61
117 164 62
117 165 96
117 166 49
117 167 42
117 168 42
117 169 42
117 170 42
117 171 42
117 172 56
117 173 56
117 174 62
117 175 77
117 176 77
117 177 87
117 178 86
117 179 85
117 180 61
117 181 61
117 182 61
117 183 61
117 184 60
117 185 60
117 186 60
118 105 63
118 106 66
118 107 52
118 108 47
118 109 47
118 110 64
118 111 55
118 112 55
118 113 55
118 114 55
118 115 82
118 159 29
118 160 56
118 161 77
118 162 76
118 163 62
118 164 62
118 165 96
118 166 50
118 167 42
118 168 42
118 169 42
118 170 42
118 171 42
118 172 56
118 173 58
118 174 74
118 175 74
118 176 77
118 177 86
118 178 86
118 179 85
118 180 61
118 181 61
118 182 61
118 183 60
118 184 60
118 185 60
118 186 60
119 105 63
119 106 66
119 107 52
119 108 47
119 109 47
119 110 55
119 111 54
119 112 55
119 113 55
119 114 55
119 115 48
119 159 29
119 160 56
119 161 77
119 162 76
119 163 52
119 164 62
119 165 97
119 166 50
119 167 42
119 168 42
119 169 42
119 170 42
119 171 42
119 172 51
119 173 57
119 174 62
119 175 74
119 176 87
119 177 87
119 178 86
119 179 84
119 180 61
119 181 61
119 182 60
119 183 60
119 184 60
119 185 60
119 186 60
120 104 63
120 105 66
120 106 66
120 107 52
120 108 47
120 109 75
120 110 55
120 111 54
120 112 55
120 113 55
120 114 82
120 115 28
120 159 29
120 160 56
120 161 77
120 162 77
120 163 52
120 164 62
120 165 97
120 166 50
120 167 42
120 168 42
120 169 42
120 170 42
120 171 41
120 172 48
120 173 57
120 174 57
120 175 74
120 176 87
120 177 87
120 178 87
120 179 64
120 180 60
120 181 60
120 182 60
120 183 60
120 184 60
120 185 60
121 104 63
121 105 66
121 106 52
121 107 52
121 108 47
121 109 72
121 110 54
121 111 54
121 112 54
121 113 82
121 114 66
121 158 29
121 159 29
121 160 56
121 161 77
121 162 77
121 163 51
121 164 61
121 165 50
121 166 50
121 167 42
121 168 42
121 169 42
121 170 42
121 171 43
121 172 43
121 173 52
121 174 57
121 175 74
121 176 87
121 177 87
121 178 87
121 179 65
121 180 65
121 181 60
121 182 60
121 183 60
121 184 60
122 104 63
122 105 66
122 106 52
122 107 47
122 108 75
122 109 55
122 110 54
122 111 54
122 112 54
122 113 74
122 114 61
122 158 29
122 159 47
122 160 55
122 161 77
122 162 47
122 163 51
122 164 61
122 165 50
122 166 50
122 167 42
122 168 42
122 169 42
122 170 43
122 171 43
122 172 43
122 173 52
122 174 57
122 175 62
122 176 87
122 177 87
122 178 86
122 179 87
122 180 64
123 104 65
123 105 66
123 106 52
123 107 47
123 108 82
123 109 54
123 110 55
123 111 54
123 112 54
123 113 65
123 114 52
123 158 29
123 159 47
123 160 65
123 161 77
123 162 48
123 163 51
123 164 51
123 165 50
123 166 49
123 167 42
123 168 41
123 169 43
123 170 43
123 171 43
123 172 43
123 173 52
123 174 57
123 175 62
123 176 87
123 177 87
123 178 86
123 179 87
123 180 64
124 104 65
124 105 51
124 106 46
124 107 47
124 108 55
124 109 54
124 110 55
124 111 54
124 112 54
124 113 61
124 114 50
124 158 29
124 159 47
124 160 65
124 161 77
124 162 48
124 163 61
124 164 61
124 165 47
124 166 49
124 167 42
124 168 43
124 169 43
124 170 43
124 171 43
124 172 43
124 173 58
124 174 57
124 175 62
124 176 87
124 177 87
124 178 86
124 179 86
125 103 65
125 104 65
125 105 51
125 106 46
125 107 76
125 108 55
125 109 54
125 110 55
125 111 54
125 112 55
125 113 61
125 114 50
125 159 47
125 160 65
125 161 47
125 162 51
125 163 61
125 164 61
125 165 48
125 166 41
125 167 44
125 168 43
125 169 42
125 170 42
125 171 42
125 172 42
125 173 53
125 174 57
125 175 62
125 176 77
125 177 87
125 178 86
125 179 86
126 103 65
126 104 65
126 105 46
126 106 46
126 107 55
126 108 55
126 109 54
126 110 54
126 111 54
126 112 81
126 113 61
126 114 50
126 115 28
126 159 47
126 160 65
126 161 76
126 162 51
126 163 51
126 164 61
126 165 48
126 166 43
126 167 43
126 168 43
126 169 43
126 170 42
126 171 42
126 172 42
126 173 45
126 174 57
126 175 62
126 176 77
126 177 86
126 178 86
126 179 63
127 102 63
127 103 65
127 104 65
127 105 46
127 106 46
127 107 55
127 108 55
127 109 54
127 110 54
127 111 55
127 112 61
127 113 61
127 114 50
127 115 46
127 159 47
127 160 64
127 161 76
127 162 51
127 163 51
127 164 61
127 165 48
127 166 43
127 167 43
127 168 43
127 169 43
127 170 42
127 171 42
127 172 42
127 173 67
127 174 57
127 175 62
127 176 77
127 177 86
127 178 85
127 179 63
128 102 65
128 103 65
128 104 52
128 105 52
128 106 64
128 107 55
128 108 54
128 109 54
128 110 55
128 111 55
128 112 61
128 113 61
128 114 50
128 115 50
128 116 45
128 159 46
128 160 59
128 161 47
128 162 51
128 163 61
128 164 61
128 165 75
128 166 43
128 167 43
128 168 43
128 169 42
128 170 42
128 171 42
128 172 42
128 173 78
128 174 57
128 175 62
128 176 86
128 177 85
128 178 85
128 179 60
129 102 65
129 103 52
129 104 52
129 105 52
129 106 64
129 107 55
129 108 68
129 109 54
129 110 55
129 111 55
129 112 69
129 113 61
129 114 50
129 115 50
129 116 45
129 159 46
129 160 59
129 161 48
129 162 51
129 163 61
129 164 62
129 165 75
129 166 43
129 167 43
129 168 42
129 169 42
129 170 42
129 171 42
129 172 42
129 173 52
129 174 57
129 175 62
129 176 86
129 177 85
129 178 85
129 179 60
130 103 52
130 104 52
130 105 52
130 106 52
130 107 55
130 108 54
130 109 54
130 110 55
130 111 55
130 112 69
130 113 61
130 114 50
130 115 46
130 116 46
130 117 46
130 159 46
130 160 59
130 161 48
130 162 51
130 163 61
130 164 70
130 165 43
130 166 42
130 167 42
130 168 42
130 169 41
130 170 42
130 171 42
130 172 42
130 173 57
130 174 61
130 175 86
130 176 85
130 177 85
130 178 85
131 103 65
131 104 52
131 105 52
131 106 52
131 107 60
131 108 55
131 109 55
131 110 55
131 111 55
131 112 82
131 113 65
131 114 50
131 115 46
131 116 46
131 117 46
131 118 28
131 159 46
131 160 47
131 161 48
131 162 51
131 163 61
131 164 70
131 165 43
131 166 42
131 167 42
131 168 42
131 169 41
131 170 41
131 171 42
131 172 51
131 173 56
131 174 72
131 175 85
131 176 85
131 177 85
131 178 62
132 104 52
132 105 52
132 106 52
132 107 52
132 108 60
132 109 55
132 110 55
132 111 54
132 112 55
132 113 65
132 114 46
132 115 46
132 116 46
132 117 45
132 118 46
132 159 58
132 160 47
132 161 47
132 162 48
132 163 48
132 164 61
132 165 42
132 166 42
132 167 42
132 168 42
132 169 42
132 170 41
132 171 66
132 172 56
132 173 56
132 174 85
132 175 85
132 176 85
132 177 86
132 178 62
133 104 63
133 105 52
133 106 52
133 107 52
133 108 51
133 109 55
133 110 55
133 111 55
133 112 55
133 113 69
133 114 54
133 115 46
133 116 46
133 117 45
133 118 46
133 119 28
133 159 58
133 160 47
133 161 48
133 162 48
133 163 48
133 164 69
133 165 74
133 166 42
133 167 42
133 168 42
133 169 42
133 170 41
133 171 56
133 172 56
133 173 72
133 174 85
133 175 85
133 176 86
133 177 86
134 105 63
134 106 51
134 107 51
134 108 51
134 109 60
134 110 60
134 111 55
134 112 55
134 113 82
134 114 54
134 115 45
134 116 45
134 117 46
134 118 46
134 119 46
134 159 47
134 160 48
134 161 48
134 162 48
134 163 48
134 164 51
134 165 75
134 166 42
134 167 42
134 168 42
134 169 42
134 170 51
134 171 56
134 172 72
134 173 85
134 174 85
134 175 86
134 176 86
134 177 86
135 106 65
135 107 51
135 108 51
135 109 51
135 110 65
135 111 55
135 112 55
135 113 55
135 114 54
135 115 45
135 116 45
135 117 45
135 118 45
135 119 46
135 120 28
135 159 47
135 160 48
135 161 48
135 162 48
135 163 48
135 164 48
135 165 66
135 166 42
135 167 42
135 168 42
135 169 42
135 170 69
135 171 56
135 172 85
135 173 85
135 174 87
135 175 86
135 176 86
136 106 62
136 107 51
136 108 51
136 109 51
136 110 69
136 111 54
136 112 55
136 113 55
136 114 65
136 115 45
136 116 45
136 117 45
136 118 45
136 119 46
136 120 46
136 159 47
136 160 47
136 161 48
136 162 48
136 163 48
136 164 49
136 165 66
136 166 42
136 167 42
136 168 42
136 169 69
136 170 69
136 171 84
136 172 84
136 173 84
136 174 85
136 175 85
136 176 85
137 106 62
137 107 51
137 108 51
137 109 51
137 110 69
137 111 55
137 112 55
137 113 55
137 114 81
137 115 45
137 116 45
137 117 45
137 118 45
137 119 45
137 120 46
137 121 28
137 159 47
137 160 47
137 161 48
137 162 48
137 163 48
137 164 49
137 165 62
137 166 41
137 167 41
137 168 42
137 169 69
137 170 79
137 171 85
137 172 84
137 173 84
137 174 85
137 175 85
138 106 62
138 107 65
138 108 51
138 109 51
138 110 55
138 111 64
138 112 54
138 113 55
138 114 80
138 115 48
138 116 45
138 117 45
138 118 45
138 119 45
138 120 46
138 121 28
138 159 47
138 160 47
138 161 48
138 162 48
138 163 48
138 164 49
138 165 62
138 166 42
138 167 42
138 168 61
138 169 69
138 170 85
138 171 85
138 172 84
138 173 85
138 174 85
138 175 61
139 106 62
139 107 64
139 108 51
139 109 51
139 110 60
139 111 55
139 112 55
139 113 55
139 114 69
139 115 54
139 116 45
139 117 45
139 118 45
139 119 45
139 120 46
139 121 46
139 159 29
139 160 47
139 161 48
139 162 48
139 163 48
139 164 49
139 165 62
139 166 75
139 167 42
139 168 56
139 169 79
139 170 85
139 171 85
139 172 85
139 173 85
140 106 64
140 107 64
140 108 65
140 109 46
140 110 60
140 111 55
140 112 55
140 113 54
140 114 69
140 115 56
140 116 45
140 117 45
140 118 45
140 119 46
140 120 46
140 121 46
140 122 28
140 159 29
140 160 47
140 161 48
140 162 48
140 163 48
140 164 51
140 165 62
140 166 75
140 167 62
140 168 79
140 169 85
140 170 85
140 171 85
140 172 85
140 173 62
141 106 62
141 107 64
141 108 65
141 109 46
141 110 76
141 111 55
141 112 55
141 113 54
141 114 81
141 115 55
141 116 45
141 117 45
141 118 45
141 119 45
141 120 46
141 121 46
141 122 46
141 159 29
141 160 47
141 161 48
141 162 48
141 163 48
141 164 51
141 165 70
141 166 52
141 167 56
141 168 79
141 169 85
141 170 85
141 171 85
141 172 62
142 107 64
142 108 64
142 109 52
142 110 75
142 111 55
142 112 64
142 113 55
142 114 81
142 115 57
142 116 54
142 117 45
142 118 45
142 119 46
142 120 46
142 121 46
142 122 46
142 160 59
142 161 48
142 162 48
142 163 48
142 164 51
142 165 63
142 166 57
142 167 78
142 168 79
142 169 85
142 170 85
142 171 85
142 172 62
143 107 64
143 108 64
143 109 52
143 110 46
143 111 64
143 112 55
143 113 68
143 114 90
143 115 69
143 116 59
143 117 45
143 118 45
143 119 46
143 120 46
143 121 46
143 122 46
143 123 46
143 160 47
143 161 48
143 162 48
143 163 51
143 164 51
143 165 78
143 166 56
143 167 79
143 168 79
143 169 85
143 170 85
143 171 62
144 107 63
144 108 64
144 109 52
144 110 52
144 111 75
144 112 67
144 113 68
144 114 91
144 115 95
144 116 58
144 117 47
144 118 46
144 119 46
144 120 46
144 121 47
144 122 46
144 123 46
144 160 41
144 161 48
144 162 48
144 163 51
144 164 60
144 165 77
144 166 68
144 167 79
144 168 85
144 169 85
144 170 86
144 171 62
145 107 63
145 108 64
145 109 64
145 110 52
145 111 46
145 112 71
145 113 91
145 114 81
145 115 97
145 116 81
145 117 54
145 118 46
145 119 46
145 120 46
145 121 47
145 122 46
145 123 29
145 160 41
145 161 48
145 162 48
145 163 61
145 164 60
145 165 78
145 166 68
145 167 79
145 168 87
145 169 85
145 170 62
145 171 62
146 107 63
146 108 63
146 109 64
146 110 52
146 111 66
146 112 63
146 113 91
146 114 82
146 115 78
146 116 87
146 117 60
146 118 55
146 119 50
146 120 46
146 121 46
146 122 46
146 160 42
146 161 48
146 162 48
146 163 76
146 164 61
146 165 78
146 166 79
146 167 87
146 168 62
146 169 62
146 170 62
146 171 62
147 107 63
147 108 63
147 109 63
147 110 66
147 111 66
147 112 53
147 113 88
147 114 82
147 115 78
147 116 65
147 117 77
147 118 61
147 119 60
147 120 56
147 121 46
147 122 47
147 160 48
147 161 48
147 162 48
147 163 69
147 164 61
147 165 72
147 166 87
147 167 62
147 168 62
147 169 62
147 170 62
148 108 63
148 109 63
148 110 66
148 111 66
148 112 53
148 113 53
148 114 78
148 115 64
148 116 56
148 117 54
148 118 69
148 119 69
148 120 55
148 121 49
148 122 46
148 160 60
148 161 48
148 162 51
148 163 61
148 164 60
148 165 81
148 166 62
148 167 62
148 168 62
148 169 62
148 170 62
149 109 63
149 110 66
149 111 66
149 112 67
149 113 53
149 114 48
149 115 59
149 116 55
149 117 65
149 118 55
149 119 65
149 120 56
149 121 55
149 122 46
149 160 60
149 161 48
149 162 51
149 163 67
149 164 78
149 165 81
149 166 62
149 167 62
149 168 62
149 169 62
149 170 61
150 110 63
150 111 67
150 112 67
150 113 53
150 114 53
150 115 48
150 116 46
150 117 55
150 118 65
150 119 56
150 120 55
150 121 55
150 122 49
150 160 47
150 161 48
150 162 60
150 163 80
150 164 57
150 165 81
150 166 62
150 167 62
150 168 62
150 169 61
151 111 65
151 112 67
151 113 67
151 114 53
151 115 47
151 116 47
151 117 46
151 118 55
151 119 55
151 120 56
151 121 55
151 122 55
151 160 47
151 161 61
151 162 69
151 163 56
151 164 62
151 165 97
151 166 61
151 167 61
152 112 65
152 113 65
152 114 66
152 115 47
152 116 46
152 117 46
152 118 47
152 119 55
152 120 56
152 121 55
152 122 49
152 160 47
152 161 61
152 162 56
152 163 56
152 164 61
152 165 75
153 113 65
153 114 66
153 115 47
153 116 47
153 117 46
153 118 46
153 119 56
153 120 56
153 121 55
153 122 29
153 160 47
153 161 61
153 162 56
153 163 61
153 164 61
153 165 65
154 114 65
154 115 46
154 116 47
154 117 47
154 118 46
154 119 56
154 120 56
154 121 55
154 159 29
154 160 59
154 161 61
154 162 56
154 163 61
154 164 61
154 165 65
155 114 51
155 115 46
155 116 47
155 117 47
155 118 46
155 119 55
155 120 56
155 121 55
155 159 30
155 160 59
155 161 47
155 162 56
155 163 61
155 164 61
155 165 49
156 114 51
156 115 46
156 116 46
156 117 47
156 118 76
156 119 56
156 120 56
156 121 47
156 159 29
156 160 47
156 161 47
156 162 56
156 163 61
156 164 62
156 165 49
157 114 52
157 115 46
157 116 46
157 117 46
157 118 60
157 119 56
157 120 56
157 121 29
157 159 47
157 160 47
157 161 47
157 162 56
157 163 61
157 164 62
157 165 49
157 166 68
158 113 62
158 114 52
158 115 46
158 116 46
158 117 46
158 118 60
158 119 56
158 120 56
158 159 47
158 160 47
158 161 47
158 162 55
158 163 56
158 164 62
158 165 49
158 166 68
159 113 63
159 114 52
159 115 46
159 116 46
159 117 46
159 118 47
159 119 56
159 120 56
159 159 47
159 160 47
159 161 56
159 162 55
159 163 56
159 164 62
159 165 49
159 166 66
160 113 64
160 114 47
160 115 46
160 116 46
160 117 46
160 118 47
160 119 56
160 120 55
160 159 47
160 160 48
160 161 69
160 162 56
160 163 56
160 164 62
160 165 49
161 113 64
161 114 46
161 115 46
161 116 46
161 117 46
161 118 47
161 119 65
161 120 55
161 159 47
161 160 48
161 161 55
161 162 56
161 163 56
161 164 57
161 165 49
162 113 64
162 114 52
162 115 46
162 116 64
162 117 46
162 118 47
162 119 65
162 120 56
162 160 47
162 161 55
162 162 56
162 163 56
162 164 57
162 165 49
163 113 65
163 114 52
163 115 47
163 116 64
163 117 46
163 118 47
163 119 65
163 120 61
163 160 48
163 161 55
163 162 56
163 163 56
163 164 70
163 165 49
164 113 66
164 114 52
164 115 47
164 116 64
164 117 47
164 118 48
164 119 65
164 120 47
164 160 48
164 161 55
164 162 56
164 163 56
164 164 78
164 165 49
164 166 68
165 113 52
165 114 52
165 115 47
165 116 47
165 117 47
165 118 48
165 119 56
165 120 75
165 138 29
165 139 29
165 160 48
165 161 55
165 162 56
165 163 56
165 164 78
165 165 49
165 166 49
166 113 52
166 114 46
166 115 47
166 116 47
166 117 47
166 118 48
166 119 56
166 120 75
166 137 29
166 138 29
166 139 48
166 140 30
166 141 38
166 142 33
166 143 16
166 159 30
166 160 48
166 161 56
166 162 56
166 163 56
166 164 78
166 165 49
166 166 49
167 113 52
167 114 46
167 115 47
167 116 46
167 117 47
167 118 48
167 119 56
167 120 47
167 136 29
167 137 29
167 138 29
167 139 48
167 140 51
167 141 39
167 142 38
167 143 39
167 159 48
167 160 48
167 161 81
167 162 56
167 163 57
167 164 78
167 165 48
167 166 49
168 113 52
168 114 46
168 115 47
168 116 46
168 117 47
168 118 48
168 119 56
168 120 60
168 136 29
168 137 29
168 138 47
168 139 51
168 140 51
168 141 67
168 142 51
168 143 38
168 144 31
168 159 48
168 160 48
168 161 80
168 162 56
168 163 57
168 164 88
168 165 49
168 166 48
169 113 66
169 114 46
169 115 47
169 116 46
169 117 48
169 118 48
169 119 56
169 120 72
169 136 29
169 137 29
169 138 47
169 139 51
169 140 61
169 141 75
169 142 71
169 143 69
169 144 50
169 159 48
169 160 48
169 161 80
169 162 56
169 163 57
169 164 88
169 165 49
169 166 48
170 113 63
170 114 46
170 115 47
170 116 64
170 117 48
170 118 48
170 119 81
170 120 56
170 136 29
170 137 29
170 138 50
170 139 61
170 140 61
170 141 56
170 142 57
170 143 71
170 144 51
170 159 48
170 160 48
170 161 65
170 162 56
170 163 57
170 164 78
170 165 48
170 166 67
171 113 63
171 114 46
171 115 47
171 116 47
171 117 48
171 118 48
171 119 48
171 120 43
171 136 29
171 137 28
171 138 50
171 139 60
171 140 61
171 141 56
171 142 57
171 143 57
171 144 52
171 158 48
171 159 48
171 160 48
171 161 56
171 162 56
171 163 57
171 164 48
171 165 48
171 166 66
172 113 63
172 114 46
172 115 47
172 116 47
172 117 47
172 118 48
172 119 48
172 120 55
172 136 29
172 137 47
172 138 50
172 139 60
172 140 65
172 141 56
172 142 57
172 143 57
172 144 57
172 145 31
172 158 48
172 159 48
172 160 50
172 161 56
172 162 56
172 163 57
172 164 48
172 165 68
173 113 63
173 114 46
173 115 46
173 116 47
173 117 47
173 118 47
173 119 48
173 120 55
173 135 29
173 136 48
173 137 47
173 138 60
173 139 61
173 140 56
173 141 56
173 142 56
173 143 57
173 144 57
173 145 31
173 158 48
173 159 48
173 160 87
173 161 56
173 162 57
173 163 71
173 164 48
173 165 66
174 113 65
174 114 46
174 115 46
174 116 47
174 117 55
174 118 47
174 119 48
174 120 79
174 134 29
174 135 29
174 136 58
174 137 47
174 138 60
174 139 60
174 140 70
174 141 75
174 142 78
174 143 57
174 144 58
174 145 31
174 158 48
174 159 48
174 160 81
174 161 56
174 162 57
174 163 78
174 164 54
175 113 52
175 114 46
175 115 46
175 116 47
175 117 56
175 118 47
175 119 48
175 120 85
175 134 29
175 135 63
175 136 47
175 137 69
175 138 60
175 139 73
175 140 90
175 141 61
175 142 96
175 143 57
175 144 57
175 145 49
175 146 31
175 157 48
175 158 48
175 159 48
175 160 81
175 161 56
175 162 57
175 163 78
175 164 54
176 113 66
176 114 46
176 115 46
176 116 47
176 117 56
176 118 48
176 119 48
176 120 79
176 134 47
176 135 64
176 136 47
176 137 69
176 138 60
176 139 65
176 140 82
176 141 65
176 142 48
176 143 56
176 144 57
176 145 49
176 146 31
176 157 48
176 158 48
176 159 48
176 160 81
176 161 56
176 162 57
176 163 78
176 164 54
177 113 64
177 114 52
177 115 46
177 116 47
177 117 76
177 118 48
177 119 48
177 120 86
177 134 47
177 135 47
177 136 55
177 137 76
177 138 100
177 139 65
177 140 85
177 141 78
177 142 48
177 143 74
177 144 57
177 145 50
177 146 31
177 157 48
177 158 48
177 159 48
177 160 56
177 161 57
177 162 57
177 163 48
177 164 66
178 113 63
178 114 52
178 115 46
178 116 47
178 117 76
178 118 48
178 119 47
178 120 85
178 133 29
178 134 47
178 135 47
178 136 77
178 137 77
178 138 56
178 139 65
178 140 65
178 141 48
178 142 48
178 143 48
178 144 57
178 145 52
178 146 50
178 157 48
178 158 48
178 159 81
178 160 56
178 161 56
178 162 57
178 163 48
178 164 66
179 113 63
179 114 52
179 115 46
179 116 47
179 117 76
179 118 48
179 119 47
179 120 77
179 133 47
179 134 47
179 135 47
179 136 77
179 137 66
179 138 56
179 139 92
179 140 78
179 141 48
179 142 48
179 143 48
179 144 57
179 145 52
179 146 50
179 157 48
179 158 48
179 159 81
179 160 56
179 161 56
179 162 48
179 163 49
180 113 63
180 114 52
180 115 46
180 116 47
180 117 55
180 118 48
180 119 48
180 120 84
180 133 47
180 134 47
180 135 47
180 136 49
180 137 82
180 138 56
180 139 96
180 140 78
180 141 48
180 142 49
180 143 48
180 144 57
180 145 52
180 146 50
180 147 31
180 157 47
180 158 50
180 159 56
180 160 56
180 161 57
180 162 48
180 163 49
181 113 63
181 114 61
181 115 46
181 116 47
181 117 55
181 118 48
181 119 48
181 120 65
181 121 48
181 132 47
181 133 47
181 134 47
181 135 50
181 136 56
181 137 56
181 138 56
181 139 48
181 140 64
181 141 48
181 142 48
181 143 48
181 144 67
181 145 52
181 146 49
181 147 31
181 156 42
181 157 48
181 158 66
181 159 56
181 160 66
181 161 57
181 162 48
181 163 49
182 113 63
182 114 62
182 115 46
182 116 46
182 117 55
182 118 48
182 119 48
182 120 65
182 121 70
182 132 47
182 133 47
182 134 47
182 135 50
182 136 62
182 137 56
182 138 71
182 139 48
182 140 67
182 141 48
182 142 48
182 143 49
182 144 82
182 145 52
182 146 49
182 147 50
182 156 48
182 157 48
182 158 56
182 159 56
182 160 57
182 161 66
182 162 48
182 163 49
183 114 62
183 115 46
183 116 47
183 117 55
183 118 47
183 119 48
183 120 65
183 121 73
183 131 29
183 132 47
183 133 47
183 134 47
183 135 50
183 136 57
183 137 56
183 138 71
183 139 72
183 140 65
183 141 48
183 142 48
183 143 49
183 144 82
183 145 58
183 146 50
183 147 31
183 155 30
183 156 48
183 157 47
183 158 56
183 159 56
183 160 56
183 161 48
183 162 48
183 163 49
184 114 61
184 115 47
184 116 47
184 117 75
184 118 47
184 119 48
184 120 60
184 121 48
184 122 50
184 131 47
184 132 47
184 133 47
184 134 47
184 135 84
184 136 57
184 137 56
184 138 79
184 139 72
184 141 54
184 142 48
184 143 49
184 144 68
184 145 58
184 146 50
184 147 31
184 155 77
184 156 48
184 157 50
184 158 56
184 159 56
184 160 56
184 161 48
184 162 48
184 163 69
185 115 47
185 116 47
185 117 47
185 118 47
185 119 48
185 120 77
185 121 48
185 122 66
185 131 47
185 132 47
185 133 59
185 134 48
185 135 60
185 136 62
185 137 56
185 138 79
185 139 48
185 141 68
185 142 48
185 143 50
185 144 68
185 145 58
185 146 50
185 147 31
185 155 48
185 156 48
185 157 50
185 158 56
185 159 56
185 160 56
185 161 56
185 162 48
185 163 69
186 115 46
186 116 47
186 117 47
186 118 55
186 119 47
186 120 77
186 121 38
186 122 66
186 131 47
186 132 47
186 133 59
186 134 48
186 135 47
186 136 66
186 137 56
186 138 48
186 139 48
186 141 68
186 142 48
186 143 49
186 144 75
186 145 58
186 146 50
186 154 29
186 155 48
186 156 48
186 157 50
186 158 56
186 159 56
186 160 56
186 161 56
186 162 49
186 163 69
187 115 46
187 116 46
187 117 47
187 118 75
187 119 47
187 120 95
187 121 35
187 122 30
187 131 29
187 132 47
187 133 59
187 134 47
187 135 47
187 136 66
187 137 57
187 138 48
187 139 48
187 140 65
187 142 48
187 143 50
187 144 50
187 145 58
187 146 50
187 154 29
187 155 48
187 156 48
187 157 57
187 158 56
187 159 56
187 160 56
187 161 56
187 162 49
187 163 66
188 115 58
188 116 46
188 117 47
188 118 47
188 119 47
188 120 76
188 121 35
188 122 30
188 131 29
188 132 47
188 133 75
188 134 47
188 135 47
188 136 82
188 137 57
188 138 48
188 139 48
188 140 65
188 142 48
188 143 49
188 144 50
188 145 58
188 146 50
188 155 77
188 156 47
188 157 69
188 158 56
188 159 56
188 160 56
188 161 56
188 162 49
189 115 78
189 116 46
189 117 47
189 118 59
189 119 47
189 120 48
189 121 35
189 122 30
189 131 29
189 132 47
189 133 75
189 134 65
189 135 48
189 136 56
189 137 57
189 138 48
189 139 48
189 140 65
189 142 48
189 143 49
189 144 49
189 145 58
189 146 50
189 155 48
189 156 48
189 157 81
189 158 56
189 159 56
189 160 56
189 161 56
189 162 49
190 115 87
190 116 46
190 117 47
190 118 47
190 119 48
190 120 48
190 121 37
190 122 30
190 131 47
190 132 75
190 133 47
190 134 47
190 135 51
190 136 66
190 137 57
190 138 48
190 139 47
190 142 54
190 143 49
190 144 49
190 145 58
190 146 50
190 155 48
190 156 48
190 157 81
190 158 56
190 159 56
190 160 56
190 161 67
190 162 49
191 115 87
191 116 47
191 117 47
191 118 47
191 119 48
191 120 48
191 121 37
191 122 48
191 131 47
191 132 75
191 133 47
191 134 47
191 135 56
191 136 57
191 137 79
191 138 48
191 142 68
191 143 49
191 144 48
191 145 58
191 146 50
191 155 29
191 156 48
191 157 56
191 158 56
191 159 56
191 160 56
191 161 71
191 162 48
192 115 87
192 116 47
192 117 47
192 118 47
192 119 48
192 120 48
192 121 37
192 122 48
192 131 47
192 132 75
192 133 47
192 134 51
192 135 82
192 136 57
192 137 79
192 143 49
192 144 48
192 145 90
192 146 69
192 156 48
192 157 56
192 158 56
192 159 57
192 160 57
192 161 48
192 162 48
193 115 59
193 116 47
193 117 47
193 118 48
193 119 47
193 120 48
193 121 37
193 122 49
193 131 55
193 132 75
193 133 47
193 134 66
193 135 82
193 136 57
193 137 64
193 143 68
193 144 49
193 145 49
193 146 58
193 147 54
193 156 48
193 157 56
193 158 56
193 159 56
193 160 56
193 161 48
193 162 48
194 115 59
194 116 59
194 117 47
194 118 48
194 119 48
194 120 61
194 121 38
194 131 50
194 132 74
194 133 47
194 134 70
194 135 82
194 136 79
194 144 49
194 145 61
194 146 58
194 147 54
194 148 31
194 156 48
194 157 70
194 158 56
194 159 56
194 160 56
194 161 48
194 162 65
195 115 59
195 116 47
195 117 47
195 118 48
195 119 48
195 120 61
195 121 35
195 131 28
195 132 75
195 133 47
195 134 56
195 135 83
195 136 106
195 144 49
195 145 66
195 146 58
195 147 39
195 148 31
195 149 30
195 156 61
195 157 51
195 158 56
195 159 56
195 160 56
195 161 48
195 162 65
196 115 47
196 116 47
196 117 48
196 118 48
196 119 48
196 120 48
196 121 35
196 131 29
196 132 47
196 133 48
196 134 77
196 135 98
196 136 91
196 144 74
196 145 49
196 146 58
196 147 39
196 148 31
196 149 31
196 155 48
196 156 78
196 157 48
196 158 56
196 159 56
196 160 56
196 161 48
196 162 48
197 114 62
197 115 47
197 116 46
197 117 48
197 118 48
197 119 48
197 120 48
197 121 35
197 122 30
197 131 29
197 132 47
197 133 48
197 134 77
197 135 71
197 136 37
197 137 68
197 144 74
197 145 80
197 146 58
197 147 31
197 148 31
197 155 60
197 156 47
197 157 47
197 158 61
197 159 56
197 160 56
197 161 48
197 162 48
198 114 69
198 115 75
198 116 46
198 117 48
198 118 48
198 119 48
198 120 48
198 121 38
198 122 30
198 131 47
198 132 47
198 133 48
198 134 77
198 135 50
198 136 95
198 137 70
198 144 74
198 145 89
198 146 58
198 147 31
198 155 60
198 156 48
198 157 47
198 158 48
198 159 56
198 160 56
198 161 49
198 162 48
198 163 67
199 114 52
199 115 76
199 116 47
199 117 48
199 118 48
199 119 48
199 120 49
199 121 38
199 131 47
199 132 47
199 133 48
199 134 77
199 135 48
199 136 103
199 137 70
199 144 66
199 145 84
199 146 58
199 154 48
199 155 77
199 156 48
199 157 48
199 158 48
199 159 56
199 160 66
199 161 48
199 162 49
199 163 67
200 114 52
200 115 75
200 116 47
200 117 48
200 118 48
200 119 48
200 120 48
200 121 38
200 131 55
200 132 47
200 133 47
200 134 77
200 135 48
200 136 88
200 137 47
200 144 49
200 145 93
200 146 53
200 154 48
200 155 77
200 156 47
200 157 48
200 158 48
200 159 56
200 160 66
200 161 49
200 162 49
200 163 67
201 114 52
201 115 76
201 116 47
201 117 48
201 118 48
201 119 48
201 120 48
201 121 60
201 131 55
201 132 47
201 133 47
201 134 77
201 135 48
201 136 72
201 137 47
201 138 68
201 143 68
201 144 49
201 145 80
201 146 50
201 155 77
201 156 47
201 157 47
201 158 48
201 159 56
201 160 75
201 161 49
201 162 49
201 163 69
202 113 63
202 114 52
202 115 47
202 116 48
202 117 48
202 118 48
202 119 48
202 120 48
202 121 60
202 131 63
202 132 47
202 133 65
202 134 77
202 135 48
202 136 52
202 137 47
202 138 68
202 143 69
202 144 79
202 145 100
202 146 68
202 155 48
202 156 47
202 157 47
202 158 48
202 159 57
202 160 71
202 161 49
202 162 49
202 163 69
203 113 64
203 114 47
203 115 47
203 116 47
203 117 48
203 118 48
203 119 48
203 120 48
203 121 65
203 131 63
203 132 47
203 133 65
203 134 48
203 135 48
203 136 52
203 137 46
203 143 67
203 144 79
203 145 105
203 146 59
203 155 29
203 156 47
203 157 47
203 158 50
203 159 56
203 160 71
203 161 49
203 162 49
203 163 69
204 113 64
204 114 47
204 115 47
204 116 47
204 117 48
204 118 48
204 119 48
204 120 48
204 121 77
204 122 31
204 131 63
204 132 47
204 133 65
204 134 48
204 135 48
204 136 66
204 137 46
204 143 67
204 144 79
204 145 98
204 146 59
204 156 47
204 157 48
204 158 50
204 159 57
204 160 71
204 161 49
204 162 49
205 113 64
205 114 47
205 115 76
205 116 48
205 117 48
205 118 48
205 119 48
205 120 49
205 121 77
205 122 31
205 131 59
205 132 47
205 133 48
205 134 48
205 135 48
205 136 62
205 137 46
205 143 67
205 144 68
205 145 72
205 146 59
205 156 47
205 157 48
205 158 50
205 159 57
205 160 72
205 161 49
205 162 55
206 114 52
206 115 76
206 116 47
206 117 48
206 118 47
206 119 48
206 120 48
206 121 57
206 131 59
206 132 47
206 133 51
206 134 48
206 135 49
206 136 62
206 137 46
206 143 55
206 144 50
206 145 73
206 156 48
206 157 48
206 158 48
206 159 57
206 160 58
206 161 49
206 162 55
207 114 52
207 115 55
207 116 47
207 117 47
207 118 47
207 119 48
207 120 49
207 121 75
207 130 29
207 131 47
207 132 47
207 133 51
207 134 48
207 135 49
207 136 62
207 137 37
207 143 55
207 144 50
207 145 73
207 155 30
207 156 48
207 157 48
207 158 48
207 159 58
207 160 57
207 161 49
207 162 69
208 114 52
208 115 47
208 116 47
208 117 48
208 118 47
208 119 48
208 120 49
208 121 76
208 130 29
208 131 47
208 132 48
208 133 83
208 134 48
208 135 49
208 136 49
208 137 36
208 138 68
208 143 96
208 144 50
208 145 69
208 146 32
208 155 30
208 156 48
208 157 48
208 158 48
208 159 50
208 160 79
208 161 49
209 114 46
209 115 47
209 116 48
209 117 47
209 118 48
209 119 48
209 120 49
209 121 68
209 130 29
209 131 47
209 132 48
209 133 84
209 134 48
209 135 49
209 136 49
209 137 76
209 138 68
209 143 96
209 144 68
209 145 60
209 146 48
209 155 30
209 156 48
209 157 48
209 158 48
209 159 83
209 160 79
209 161 49
210 114 46
210 115 48
210 116 48
210 117 48
210 118 48
210 119 49
210 120 78
210 121 51
210 130 29
210 131 47
210 132 48
210 133 48
210 134 49
210 135 48
210 136 49
210 137 98
210 138 69
210 143 67
210 144 58
210 145 51
210 146 71
210 155 42
210 156 48
210 157 49
210 158 49
210 159 57
210 160 49
210 161 55
211 114 47
211 115 48
211 116 47
211 117 48
211 118 48
211 119 49
211 120 78
211 121 51
211 130 29
211 131 64
211 132 56
211 133 48
211 134 49
211 135 48
211 136 49
211 137 99
211 138 69
211 143 68
211 144 58
211 145 51
211 146 82
211 155 56
211 156 48
211 157 49
211 158 52
211 159 79
211 160 49
211 161 68
212 114 47
212 115 48
212 116 48
212 117 48
212 118 49
212 119 49
212 120 78
212 121 50
212 130 29
212 131 64
212 132 56
212 133 49
212 134 49
212 135 50
212 136 49
212 137 99
212 138 69
212 143 68
212 144 55
212 145 81
212 146 81
212 155 57
212 156 49
212 157 49
212 158 83
212 159 49
212 160 49
213 113 63
213 114 47
213 115 47
213 116 48
213 117 48
213 118 49
213 119 50
213 120 79
213 121 51
213 130 29
213 131 59
213 132 57
213 133 49
213 134 49
213 135 50
213 136 50
213 137 77
213 138 69
213 143 70
213 144 55
213 145 101
213 146 81
213 155 43
213 156 49
213 157 49
213 158 79
213 159 49
213 160 70
214 113 65
214 114 47
214 115 47
214 116 48
214 117 49
214 118 49
214 119 78
214 120 79
214 121 51
214 122 24
214 130 29
214 131 76
214 132 77
214 133 49
214 134 48
214 135 50
214 136 50
214 137 78
214 138 70
214 143 67
214 144 55
214 145 114
214 146 50
214 156 86
214 157 49
214 158 79
214 159 49
215 113 59
215 114 47
215 115 56
215 116 47
215 117 49
215 118 49
215 119 78
215 120 79
215 121 82
215 122 24
215 130 29
215 131 83
215 132 77
215 133 48
215 134 49
215 135 50
215 136 63
215 137 78
215 138 70
215 143 68
215 144 84
215 145 87
215 146 50
215 156 30
215 157 49
215 158 108
215 159 49
216 113 59
216 114 47
216 115 56
216 116 47
216 117 49
216 118 49
216 119 79
216 120 63
216 121 59
216 122 38
216 130 29
216 131 60
216 132 77
216 133 48
216 134 49
216 135 50
216 136 63
216 137 70
216 144 84
216 145 86
216 157 86
216 158 73
216 159 49
217 113 71
217 114 47
217 115 51
217 116 47
217 117 49
217 118 49
217 119 79
217 120 65
217 121 60
217 122 39
217 130 29
217 131 47
217 132 77
217 133 49
217 134 49
217 135 50
217 136 63
217 137 82
217 144 85
217 145 91
217 157 31
217 158 53
217 159 49
218 114 47
218 115 69
218 116 47
218 117 49
218 118 49
218 119 80
218 120 64
218 121 60
218 122 38
218 130 29
218 131 48
218 132 77
218 133 49
218 134 50
218 135 50
218 136 50
218 137 90
218 144 91
218 145 73
218 157 31
218 158 100
218 159 55
219 114 59
219 115 77
219 116 47
219 117 49
219 118 49
219 119 80
219 120 51
219 121 51
219 122 38
219 131 48
219 132 49
219 133 49
219 134 50
219 135 50
219 136 50
219 137 69
219 143 68
219 144 59
219 145 60
219 157 31
219 158 103
219 159 87
220 114 64
220 115 77
220 116 48
220 117 49
220 118 49
220 119 49
220 120 51
220 121 50
220 122 46
220 123 38
220 131 62
220 132 49
220 133 50
220 134 50
220 135 63
220 136 77
220 143 69
220 144 51
220 145 59
220 157 31
220 158 113
220 159 48
221 114 64
221 115 61
221 116 48
221 117 49
221 118 49
221 119 49
221 120 73
221 121 50
221 122 51
221 123 37
221 124 24
221 130 48
221 131 62
221 132 49
221 133 50
221 134 69
221 135 81
221 143 70
221 144 50
221 145 68
221 157 47
221 158 91
221 159 70
222 114 88
222 115 51
222 116 48
222 117 49
222 118 50
222 119 50
222 120 50
222 121 63
222 122 63
222 123 54
222 124 37
222 130 48
222 131 66
222 132 49
222 133 69
222 134 65
222 135 99
222 143 68
222 144 63
222 145 99
222 157 48
222 158 103
223 114 89
223 115 51
223 116 48
223 117 49
223 118 49
223 119 49
223 120 49
223 121 50
223 122 50
223 123 50
223 124 64
223 125 28
223 130 48
223 131 78
223 132 49
223 133 68
223 134 117
223 144 80
223 145 50
223 146 54
223 157 42
223 158 94
224 113 65
224 114 69
224 115 48
224 116 48
224 117 49
224 118 49
224 119 49
224 120 49
224 121 49
224 122 49
224 123 49
224 124 80
224 125 48
224 126 28
224 129 49
224 130 49
224 131 77
224 132 68
224 133 69
224 144 68
224 145 68
224 146 98
224 157 63
225 113 89
225 114 69
225 115 47
225 116 48
225 117 48
225 118 49
225 119 49
225 120 49
225 121 49
225 122 49
225 123 49
225 124 80
225 125 38
225 126 28
225 129 49
225 130 62
225 131 78
225 132 68
225 133 106
225 145 75
225 146 68
225 147 17
225 157 88
226 113 89
226 114 47
226 115 60
226 116 48
226 117 48
226 118 48
226 119 48
226 120 49
226 121 49
226 122 49
226 123 49
226 124 80
226 125 38
226 126 27
226 128 30
226 129 49
226 130 61
226 131 78
226 132 68
226 146 80
226 147 48
226 156 39
226 157 70
227 113 64
227 114 48
227 115 47
227 116 48
227 117 48
227 118 48
227 119 48
227 120 49
227 121 48
227 122 49
227 123 49
227 124 76
227 125 38
227 126 27
227 128 48
227 129 62
227 130 95
227 131 78
227 132 89
227 146 67
227 147 109
227 156 92
228 114 66
228 115 47
228 116 56
228 117 48
228 118 48
228 119 48
228 120 49
228 121 49
228 122 49
228 123 50
228 124 67
228 125 37
228 127 29
228 128 61
228 129 64
228 130 77
228 131 68
228 132 94
228 147 100
228 148 17
228 155 84
228 156 97
229 114 64
229 115 47
229 116 76
229 117 47
229 118 48
229 119 48
229 120 49
229 121 49
229 122 49
229 123 50
229 124 89
229 125 52
229 126 31
229 127 60
229 128 71
229 129 80
229 130 58
229 131 91
229 147 111
229 148 16
229 154 78
229 155 98
229 156 93
230 115 66
230 116 75
230 117 59
230 118 48
230 119 48
230 120 49
230 121 49
230 122 49
230 123 79
230 124 95
230 125 79
230 126 53
230 127 78
230 128 95
230 129 58
230 130 70
230 131 112
230 147 93
230 148 37
230 153 75
230 154 95
230 155 101
230 156 93
231 116 63
231 117 55
231 118 47
231 119 48
231 120 49
231 121 49
231 122 49
231 123 79
231 124 104
231 125 87
231 126 85
231 127 94
231 128 57
231 129 57
231 130 70
231 131 83
231 147 93
231 148 37
231 152 27
231 153 73
231 154 111
231 155 109
231 156 66
232 116 64
232 117 75
232 118 47
232 119 48
232 120 48
232 121 48
232 122 49
232 123 78
232 124 97
232 125 78
232 126 107
232 127 56
232 128 56
232 129 57
232 130 76
232 131 67
232 147 92
232 148 47
232 152 27
232 153 77
232 154 111
232 155 140
233 116 63
233 117 46
233 118 47
233 119 60
233 120 48
233 121 48
233 122 48
233 123 70
233 124 67
233 125 87
233 126 78
233 127 56
233 128 56
233 129 57
233 130 107
233 131 67
233 148 100
233 149 23
233 152 22
233 153 62
233 154 110
233 155 131
234 117 47
234 118 47
234 119 59
234 120 48
234 121 48
234 122 78
234 123 85
234 124 57
234 125 68
234 126 56
234 127 56
234 128 56
234 129 73
234 130 96
234 148 123
234 149 40
234 150 23
234 151 22
234 152 22
234 153 42
234 154 92
234 155 122
234 156 66
235 116 87
235 117 47
235 118 47
235 119 59
235 120 59
235 121 60
235 122 97
235 123 80
235 124 70
235 125 84
235 126 55
235 127 56
235 128 68
235 129 111
235 148 66
235 149 121
235 150 22
235 151 22
235 152 22
235 153 43
235 154 59
235 155 109
235 156 66
236 116 58
236 117 46
236 118 47
236 119 47
236 120 59
236 121 65
236 122 87
236 123 82
236 124 91
236 125 76
236 126 60
236 127 77
236 128 109
236 149 91
236 150 88
236 151 44
236 152 43
236 153 43
236 154 57
236 155 100
236 156 106
236 157 66
237 116 46
237 117 46
237 118 47
237 119 47
237 120 47
237 121 59
237 122 83
237 123 106
237 124 85
237 125 85
237 126 85
237 127 92
237 128 62
237 150 119
237 151 72
237 152 43
237 153 43
237 154 68
237 155 100
237 156 109
237 157 108
238 116 87
238 117 47
238 118 47
238 119 46
238 120 63
238 121 83
238 122 101
238 123 81
238 124 92
238 125 75
238 126 88
238 127 62
238 150 65
238 151 108
238 152 84
238 153 84
238 154 87
238 155 118
238 156 96
238 157 107
238 158 66
239 117 91
239 118 70
239 119 73
239 120 93
239 121 93
239 122 74
239 123 91
239 124 87
239 125 62
239 126 62
239 151 65
239 152 111
239 153 123
239 154 127
239 155 95
239 156 107
239 157 66
