41 136 70
41 137 75
41 138 110
41 139 67
42 134 70
42 135 96
42 136 64
42 137 57
42 138 57
42 139 36
42 140 36
42 141 61
42 142 90
42 143 85
42 144 53
42 145 36
42 146 36
42 147 36
42 148 36
43 133 70
43 134 66
43 135 56
43 136 57
43 137 36
43 138 36
43 139 36
43 140 36
43 141 16
43 142 16
43 143 31
43 144 81
43 145 98
43 146 37
43 147 36
43 148 36
43 149 36
43 150 36
44 133 83
44 134 80
44 135 56
44 136 43
44 137 36
44 138 36
44 139 39
44 140 16
44 141 16
44 144 45
44 145 87
44 146 96
44 147 37
44 148 37
44 149 37
44 150 37
44 151 36
45 132 70
45 133 96
45 134 57
45 135 57
45 136 36
45 137 36
45 138 36
45 139 16
45 140 16
45 145 62
45 146 81
45 147 37
45 148 37
45 149 37
45 150 37
45 151 37
46 132 55
46 133 97
46 134 57
46 135 65
46 136 36
46 137 36
46 138 39
46 139 16
46 140 16
46 145 45
46 146 87
46 147 75
46 148 37
46 149 37
46 150 37
46 151 37
47 132 79
47 133 84
47 134 57
47 135 67
47 136 37
47 137 36
47 138 16
47 139 16
47 146 88
47 147 71
47 148 37
47 149 37
47 150 37
47 151 51
48 131 55
48 132 79
48 133 81
48 134 54
48 135 37
48 136 37
48 137 36
48 138 16
48 139 16
48 146 67
48 147 67
48 148 37
48 149 37
48 150 37
48 151 51
49 130 68
49 131 50
49 132 79
49 133 80
49 134 57
49 135 37
49 136 36
49 137 17
49 138 17
49 146 67
49 147 51
49 148 75
49 149 37
49 150 37
49 151 37
50 130 55
50 131 92
50 132 70
50 133 75
50 134 36
50 135 36
50 136 37
50 137 17
50 138 17
50 146 79
50 147 49
50 148 57
50 149 37
50 150 37
50 151 34
51 129 70
51 130 55
51 131 87
51 132 57
51 133 36
51 134 36
51 135 37
51 136 37
51 137 17
51 146 73
51 147 50
51 148 57
51 149 37
51 150 37
51 151 34
51 152 34
52 129 70
52 130 71
52 131 62
52 132 57
52 133 36
52 134 37
52 135 37
52 136 17
52 146 80
52 147 79
52 148 50
52 149 37
52 150 37
52 151 34
52 152 34
53 129 70
53 130 71
53 131 52
53 132 57
53 133 37
53 134 37
53 135 36
53 136 17
53 146 80
53 147 62
53 148 62
53 149 74
53 150 37
53 151 34
53 152 34
54 129 68
54 130 92
54 131 62
54 132 37
54 133 37
54 134 37
54 135 36
54 136 17
54 146 71
54 147 62
54 148 67
54 149 74
54 150 37
54 151 34
54 152 34
55 129 68
55 130 107
55 131 62
55 132 37
55 133 36
55 134 36
55 135 37
55 136 17
55 146 69
55 147 82
55 148 78
55 149 37
55 150 37
55 151 34
55 152 34
56 129 68
56 130 74
56 131 62
56 132 37
56 133 37
56 134 37
56 135 54
56 136 17
56 137 17
56 145 31
56 146 70
56 147 82
56 148 96
56 149 37
56 150 37
56 151 34
56 152 34
57 129 68
57 130 74
57 131 49
57 132 37
57 133 37
57 134 37
57 135 37
57 136 37
57 137 17
57 145 43
57 146 62
57 147 80
57 148 75
57 149 37
57 150 37
57 151 34
58 129 68
58 130 85
58 131 50
58 132 44
58 133 37
58 134 37
58 135 37
58 136 37
58 137 17
58 138 17
58 145 50
58 146 67
58 147 57
58 148 37
58 149 37
58 150 37
58 151 34
59 130 79
59 131 62
59 132 67
59 133 37
59 134 37
59 135 37
59 136 37
59 137 37
59 138 17
59 145 70
59 146 50
59 147 75
59 148 37
59 149 37
59 150 37
59 151 34
60 130 68
60 131 62
60 132 50
60 133 44
60 134 37
60 135 37
60 136 36
60 137 37
60 138 17
60 144 62
60 145 67
60 146 51
60 147 75
60 148 37
60 149 37
60 150 34
61 131 62
61 132 50
61 133 57
61 134 37
61 135 37
61 136 36
61 137 36
61 138 17
61 144 70
61 145 80
61 146 57
61 147 37
61 148 37
61 149 37
61 150 34
62 131 109
62 132 62
62 133 50
62 134 44
62 135 37
62 136 37
62 137 37
62 138 17
62 144 71
62 145 80
62 146 57
62 147 37
62 148 37
62 149 37
63 131 93
63 132 62
63 133 49
63 134 57
63 135 36
63 136 38
63 137 18
63 138 17
63 144 71
63 145 80
63 146 50
63 147 76
63 148 37
63 149 37
64 131 92
64 132 62
64 133 49
64 134 37
64 135 38
64 136 17
64 137 17
64 144 38
64 145 88
64 146 50
64 147 77
64 148 37
64 149 37
65 131 71
65 132 52
65 133 57
65 134 38
65 135 17
65 144 32
65 145 74
65 146 51
65 147 51
65 148 76
65 149 37
66 130 94
66 131 64
66 132 51
66 133 17
66 134 17
66 145 32
66 146 62
66 147 51
66 148 51
66 149 38
66 150 33
67 129 77
67 130 73
67 131 54
67 132 17
67 146 32
67 147 101
67 148 51
67 149 51
67 150 37
68 128 64
68 129 60
68 130 51
68 148 32
68 149 105
68 150 89
68 151 99
69 123 73
69 124 73
69 125 52
69 126 69
69 127 65
69 128 54
69 129 31
69 149 32
69 150 39
69 151 73
69 152 89
69 153 72
69 154 62
69 155 73
69 156 81
69 157 51
69 158 70
70 118 55
70 119 55
70 120 55
70 121 87
70 122 65
70 123 69
70 124 65
70 125 49
70 126 46
70 127 28
70 128 32
70 129 31
70 149 32
70 150 32
70 151 31
70 152 31
70 153 39
70 154 46
70 155 78
70 156 46
70 157 46
70 158 76
70 159 39
71 116 55
71 117 55
71 118 56
71 119 56
71 120 75
71 121 76
71 122 46
71 123 28
71 124 11
71 125 11
71 126 28
71 127 31
71 128 32
71 129 8
71 149 32
71 150 31
71 151 31
71 152 31
71 153 32
71 154 31
71 155 31
71 156 45
71 157 95
71 158 78
71 159 63
71 160 40
72 115 54
72 116 55
72 117 56
72 118 56
72 119 75
72 120 75
72 121 45
72 122 28
72 123 11
72 124 11
72 125 11
72 126 11
72 127 31
72 128 8
72 129 8
72 149 32
72 150 31
72 151 31
72 152 31
72 153 31
72 154 31
72 155 31
72 156 31
72 157 31
72 158 52
72 159 53
72 160 80
72 161 51
73 115 54
73 116 55
73 117 56
73 118 94
73 119 75
73 120 62
73 121 31
73 122 28
73 123 11
73 124 11
73 125 11
73 126 11
73 127 6
73 128 8
73 129 7
73 130 7
73 150 31
73 151 31
73 152 31
73 153 31
73 154 31
73 155 31
73 156 31
73 157 31
73 158 31
73 159 52
73 160 52
73 161 67
73 162 34
73 176 54
73 177 55
73 178 55
73 179 55
74 114 54
74 115 54
74 116 54
74 117 56
74 118 75
74 119 75
74 120 44
74 121 28
74 122 28
74 123 12
74 124 11
74 125 11
74 126 11
74 127 11
74 128 7
74 129 7
74 130 7
74 131 7
74 132 10
74 133 10
74 150 31
74 151 31
74 152 31
74 153 31
74 154 31
74 155 31
74 156 31
74 157 31
74 158 31
74 159 31
74 160 48
74 161 64
74 162 80
74 163 62
74 164 54
74 165 54
74 175 55
74 176 55
74 177 55
74 178 55
74 179 55
75 115 54
75 116 54
75 117 98
75 118 75
75 119 64
75 120 31
75 121 28
75 122 12
75 123 11
75 124 11
75 125 11
75 126 11
75 127 10
75 128 10
75 129 10
75 130 6
75 131 7
75 132 13
75 133 10
75 134 10
75 135 10
75 142 28
75 150 38
75 151 38
75 152 38
75 153 38
75 154 31
75 155 31
75 156 31
75 157 31
75 158 31
75 159 31
75 160 53
75 161 76
75 162 64
75 163 80
75 164 63
75 165 54
75 166 54
75 174 55
75 175 55
75 176 55
75 177 55
75 178 55
75 179 55
75 192 55
76 115 54
76 116 54
76 117 96
76 118 74
76 119 45
76 120 28
76 121 29
76 122 14
76 123 12
76 124 12
76 125 11
76 126 11
76 127 11
76 128 10
76 129 10
76 130 9
76 131 9
76 132 10
76 133 12
76 134 12
76 135 10
76 136 10
76 137 9
76 141 6
76 142 8
76 143 8
76 144 9
76 145 8
76 146 8
76 149 31
76 150 38
76 151 38
76 152 38
76 153 38
76 154 37
76 155 30
76 156 30
76 157 30
76 158 31
76 159 31
76 160 31
76 161 47
76 162 64
76 163 63
76 164 80
76 165 63
76 166 54
76 167 54
76 172 55
76 173 55
76 174 55
76 175 55
76 176 55
76 177 55
76 178 55
76 179 55
76 183 55
76 184 55
76 189 56
76 190 56
76 191 56
76 192 56
76 193 56
76 194 55
77 116 99
77 117 74
77 118 66
77 119 44
77 120 29
77 121 13
77 122 13
77 123 13
77 124 13
77 125 11
77 126 11
77 127 10
77 128 10
77 129 9
77 130 9
77 131 9
77 132 10
77 133 10
77 134 9
77 135 9
77 136 9
77 137 11
77 138 10
77 139 10
77 140 10
77 141 8
77 142 8
77 143 8
77 144 8
77 145 8
77 146 9
77 147 10
77 148 31
77 149 31
77 150 38
77 151 37
77 152 37
77 153 37
77 154 37
77 155 37
77 156 30
77 157 30
77 158 30
77 159 30
77 160 31
77 161 47
77 162 54
77 163 63
77 164 64
77 165 76
77 166 93
77 167 54
77 171 55
77 172 55
77 173 55
77 174 55
77 175 55
77 176 55
77 177 55
77 178 55
77 179 55
77 181 56
77 182 56
77 183 56
77 184 56
77 185 55
77 186 55
77 187 56
77 188 56
77 189 56
77 190 56
77 191 56
77 192 56
77 193 56
77 194 56
77 195 55
78 114 55
78 115 55
78 116 98
78 117 75
78 118 70
78 119 39
78 120 15
78 121 15
78 122 15
78 123 12
78 124 12
78 125 13
78 126 10
78 127 10
78 128 10
78 129 10
78 130 9
78 131 10
78 132 10
78 133 9
78 134 9
78 135 9
78 136 9
78 137 9
78 138 9
78 139 8
78 140 8
78 141 8
78 142 8
78 143 8
78 144 8
78 145 7
78 146 7
78 147 6
78 148 31
78 149 30
78 150 37
78 151 37
78 152 37
78 153 37
78 154 37
78 155 37
78 156 30
78 157 30
78 160 5
78 161 47
78 162 47
78 163 67
78 164 62
78 165 58
78 166 76
78 167 81
78 169 55
78 170 55
78 171 55
78 172 55
78 173 55
78 174 55
78 175 55
78 176 55
78 177 55
78 178 55
78 179 55
78 180 57
78 181 57
78 182 57
78 183 57
78 184 56
78 185 77
78 186 77
78 187 57
78 188 57
78 189 56
78 190 56
78 191 56
78 192 77
78 193 77
78 194 77
78 195 77
78 196 77
78 197 57
78 198 57
78 199 57
78 200 57
78 201 57
79 113 55
79 114 55
79 115 56
79 116 61
79 117 69
79 118 70
79 119 34
79 120 15
79 121 15
79 122 14
79 123 14
79 124 14
79 125 12
79 126 12
79 127 11
79 128 10
79 129 10
79 130 10
79 131 9
79 132 10
79 133 9
79 134 9
79 135 9
79 136 9
79 137 9
79 138 8
79 139 11
79 140 11
79 141 9
79 142 8
79 143 8
79 144 8
79 145 8
79 146 7
79 147 6
79 148 5
79 149 30
79 150 37
79 151 36
79 152 37
79 153 36
79 154 36
79 155 36
79 156 30
79 157 30
79 159 5
79 160 30
79 161 44
79 162 61
79 163 56
79 164 55
79 165 58
79 166 59
79 167 58
79 168 44
79 169 67
79 170 66
79 171 55
79 172 55
79 173 55
79 174 55
79 175 55
79 176 55
79 177 55
79 178 77
79 179 77
79 180 77
79 181 57
79 182 57
79 183 77
79 184 78
79 185 77
79 186 77
79 187 57
79 188 57
79 189 57
79 190 78
79 191 78
79 192 78
79 193 77
79 194 62
79 195 62
79 196 62
79 197 40
79 198 46
79 199 59
79 200 59
79 201 57
79 202 57
80 112 55
80 113 55
80 114 56
80 115 92
80 116 53
80 117 74
80 118 39
80 119 15
80 120 15
80 121 14
80 122 14
80 123 14
80 124 14
80 125 13
80 126 13
80 127 12
80 128 11
80 129 11
80 130 9
80 131 9
80 132 9
80 133 9
80 134 9
80 135 9
80 136 11
80 137 11
80 138 10
80 139 11
80 140 10
80 141 9
80 142 7
80 143 8
80 144 8
80 145 7
80 146 7
80 147 6
80 148 5
80 149 29
80 150 36
80 151 36
80 152 36
80 153 36
80 154 36
80 155 29
80 156 29
80 159 5
80 160 30
80 161 45
80 162 80
80 163 55
80 164 67
80 165 51
80 166 50
80 167 50
80 168 39
80 169 40
80 170 64
80 171 71
80 172 66
80 173 65
80 174 65
80 175 65
80 176 51
80 177 70
80 178 70
80 179 70
80 180 70
80 181 77
80 182 78
80 183 78
80 184 78
80 185 78
80 186 77
80 187 77
80 188 78
80 189 78
80 190 78
80 191 78
80 192 78
80 193 63
80 194 62
80 195 40
80 196 40
80 197 40
80 198 40
80 199 46
80 200 59
80 201 59
80 202 57
81 110 54
81 111 55
81 112 55
81 113 55
81 114 44
81 115 89
81 116 58
81 117 58
81 118 34
81 119 15
81 120 15
81 121 15
81 122 14
81 123 14
81 124 13
81 125 13
81 126 13
81 127 12
81 128 12
81 129 12
81 130 12
81 131 11
81 132 11
81 133 11
81 134 11
81 135 10
81 136 11
81 137 10
81 138 10
81 139 10
81 140 10
81 141 9
81 142 8
81 143 9
81 144 8
81 145 7
81 146 7
81 147 7
81 148 8
81 149 29
81 150 36
81 151 36
81 152 36
81 153 36
81 154 29
81 155 29
81 156 29
81 160 28
81 161 59
81 162 79
81 163 55
81 164 54
81 165 51
81 166 51
81 167 50
81 168 51
81 169 53
81 170 65
81 171 65
81 172 64
81 173 64
81 174 63
81 175 69
81 176 69
81 177 51
81 178 51
81 179 51
81 180 70
81 181 70
81 182 80
81 183 80
81 184 79
81 185 66
81 186 66
81 187 66
81 188 66
81 189 63
81 190 63
81 191 63
81 192 41
81 193 41
81 194 41
81 195 40
81 196 40
81 197 40
81 198 40
81 199 46
81 200 59
81 201 59
81 202 57
82 109 54
82 110 55
82 111 55
82 112 55
82 113 56
82 114 44
82 115 92
82 116 59
82 117 53
82 118 15
82 119 15
82 120 15
82 121 15
82 122 14
82 123 14
82 124 13
82 125 13
82 126 12
82 127 13
82 128 12
82 129 12
82 130 12
82 131 12
82 132 11
82 133 11
82 134 11
82 135 11
82 136 11
82 137 12
82 138 12
82 139 11
82 140 10
82 141 10
82 142 8
82 143 9
82 144 9
82 145 9
82 146 8
82 147 7
82 148 7
82 149 7
82 150 36
82 151 36
82 152 36
82 153 30
82 154 29
82 160 31
82 161 59
82 162 65
82 163 53
82 164 54
82 165 67
82 166 52
82 167 52
82 168 52
82 169 53
82 170 53
82 171 65
82 172 65
82 173 64
82 174 64
82 175 63
82 176 62
82 177 62
82 178 38
82 179 38
82 180 38
82 181 38
82 182 40
82 183 40
82 184 40
82 185 40
82 186 40
82 187 40
82 188 40
82 189 40
82 190 40
82 191 41
82 192 41
82 193 41
82 194 41
82 195 41
82 196 40
82 197 40
82 198 40
82 199 46
82 200 46
82 201 59
82 202 59
82 203 57
83 109 55
83 110 55
83 111 55
83 112 55
83 113 56
83 114 56
83 115 64
83 116 59
83 117 22
83 118 20
83 119 11
83 120 11
83 121 11
83 122 10
83 123 14
83 124 13
83 125 13
83 126 12
83 127 12
83 128 12
83 129 12
83 130 12
83 131 12
83 132 11
83 133 11
83 134 11
83 135 11
83 136 12
83 137 12
83 138 11
83 139 11
83 140 11
83 141 10
83 142 9
83 143 7
83 144 9
83 145 9
83 146 7
83 147 7
83 148 7
83 149 7
83 150 28
83 151 29
83 152 30
83 153 29
83 160 63
83 161 60
83 162 52
83 163 53
83 164 54
83 165 54
83 166 63
83 167 52
83 168 51
83 169 45
83 170 53
83 171 53
83 172 65
83 173 64
83 174 64
83 175 64
83 176 63
83 177 62
83 178 39
83 179 39
83 180 38
83 181 38
83 182 40
83 183 40
83 184 40
83 185 40
83 186 40
83 187 40
83 188 40
83 189 40
83 190 40
83 191 39
83 192 41
83 193 41
83 194 41
83 195 41
83 196 40
83 197 40
83 198 40
83 199 47
83 200 46
83 201 59
83 202 59
83 203 59
83 207 57
83 208 57
84 109 55
84 110 55
84 111 55
84 112 55
84 113 56
84 114 56
84 115 54
84 116 59
84 117 20
84 118 20
84 119 11
84 120 11
84 121 10
84 122 10
84 123 10
84 124 9
84 125 9
84 126 9
84 127 12
84 128 12
84 129 12
84 130 12
84 131 11
84 132 11
84 133 11
84 134 11
84 135 11
84 136 12
84 137 11
84 138 11
84 139 11
84 140 11
84 141 10
84 142 10
84 143 8
84 144 5
84 145 7
84 146 7
84 147 5
84 148 7
84 149 7
84 150 8
84 151 29
84 152 29
84 153 5
84 160 60
84 161 46
84 162 52
84 163 52
84 164 53
84 165 54
84 166 67
84 167 53
84 168 54
84 169 45
84 170 44
84 171 53
84 172 53
84 173 65
84 174 64
84 175 64
84 176 64
84 177 63
84 178 39
84 179 39
84 180 39
84 181 38
84 182 40
84 183 40
84 184 40
84 185 40
84 186 40
84 187 40
84 188 40
84 189 40
84 190 40
84 191 40
84 192 41
84 193 41
84 194 41
84 195 41
84 196 41
84 197 40
84 198 40
84 199 47
84 200 47
84 201 59
84 202 59
84 203 59
84 204 58
84 205 57
84 206 57
84 207 57
84 208 57
84 209 57
85 109 54
85 110 55
85 111 55
85 112 55
85 113 56
85 114 87
85 115 58
85 116 36
85 117 20
85 118 20
85 119 11
85 120 11
85 121 10
85 122 10
85 123 9
85 124 10
85 125 9
85 126 9
85 127 9
85 128 9
85 129 9
85 130 11
85 131 11
85 132 11
85 133 10
85 134 10
85 135 10
85 136 12
85 137 12
85 138 11
85 139 11
85 140 10
85 141 10
85 142 9
85 143 9
85 144 8
85 145 5
85 146 7
85 147 5
85 148 7
85 149 7
85 150 7
85 151 5
85 152 5
85 153 5
85 160 58
85 161 55
85 162 52
85 163 51
85 164 53
85 165 53
85 166 53
85 167 52
85 168 53
85 169 45
85 170 44
85 171 44
85 172 44
85 173 53
85 174 65
85 175 64
85 176 64
85 177 64
85 178 39
85 179 39
85 180 39
85 181 38
85 182 40
85 183 40
85 184 40
85 185 40
85 186 40
85 187 40
85 188 40
85 189 40
85 190 40
85 191 39
85 192 41
85 193 41
85 194 41
85 195 41
85 196 41
85 197 40
85 198 40
85 199 47
85 200 47
85 201 46
85 202 59
85 203 59
85 204 59
85 205 58
85 206 57
85 207 57
85 208 57
85 209 57
86 110 55
86 111 55
86 112 55
86 113 56
86 114 70
86 115 70
86 116 20
86 117 20
86 118 20
86 119 11
86 120 11
86 121 10
86 122 10
86 123 10
86 124 9
86 125 9
86 126 9
86 127 9
86 128 8
86 129 8
86 130 8
86 131 8
86 132 8
86 133 10
86 134 10
86 135 10
86 136 10
86 137 11
86 138 11
86 139 10
86 140 10
86 141 9
86 142 9
86 143 8
86 144 8
86 145 7
86 146 5
86 147 5
86 148 7
86 149 7
86 150 5
86 152 5
86 153 5
86 159 49
86 160 46
86 161 51
86 162 53
86 163 51
86 164 52
86 165 54
86 166 53
86 167 81
86 168 54
86 169 45
86 170 45
86 171 44
86 172 44
86 173 44
86 174 43
86 175 53
86 176 53
86 177 64
86 178 63
86 179 39
86 180 38
86 181 41
86 182 40
86 183 40
86 184 40
86 185 40
86 186 40
86 187 40
86 188 40
86 189 40
86 190 40
86 191 39
86 192 41
86 193 41
86 194 41
86 195 41
86 196 41
86 197 40
86 198 47
86 199 47
86 200 47
86 201 47
86 202 59
86 203 59
86 204 59
86 205 59
86 206 58
86 207 57
86 208 57
86 209 57
87 111 55
87 112 55
87 113 55
87 114 79
87 115 72
87 116 20
87 117 20
87 118 12
87 119 11
87 120 10
87 121 10
87 122 10
87 123 10
87 124 9
87 125 9
87 126 9
87 127 8
87 128 8
87 129 8
87 130 8
87 131 8
87 132 8
87 133 7
87 134 8
87 135 10
87 136 8
87 137 10
87 138 9
87 139 9
87 140 7
87 141 8
87 142 8
87 143 8
87 144 8
87 145 5
87 147 5
87 148 7
87 149 5
87 150 5
87 159 49
87 160 53
87 161 51
87 162 53
87 163 51
87 164 52
87 165 53
87 166 53
87 167 67
87 168 54
87 169 45
87 170 45
87 171 44
87 172 44
87 173 44
87 174 44
87 175 44
87 176 44
87 177 53
87 178 52
87 179 39
87 180 38
87 181 40
87 182 40
87 183 40
87 184 41
87 185 40
87 186 40
87 187 40
87 188 40
87 189 40
87 190 39
87 191 41
87 192 41
87 193 41
87 194 41
87 195 41
87 196 41
87 197 40
87 198 47
87 199 47
87 200 47
87 201 47
87 202 59
87 203 59
87 204 59
87 205 59
87 206 59
87 207 57
87 208 57
88 112 54
88 113 55
88 114 71
88 115 83
88 116 20
88 117 20
88 118 12
88 119 11
88 120 10
88 121 10
88 122 10
88 123 10
88 124 9
88 125 9
88 126 9
88 127 8
88 128 8
88 129 8
88 130 8
88 131 8
88 132 7
88 133 7
88 134 8
88 135 8
88 136 7
88 137 8
88 138 6
88 139 8
88 140 7
88 141 7
88 142 7
88 143 7
88 144 5
88 149 5
88 150 5
88 151 5
88 153 5
88 158 49
88 159 54
88 160 54
88 161 51
88 162 51
88 163 51
88 164 52
88 165 53
88 166 53
88 167 67
88 168 82
88 169 45
88 170 45
88 171 45
88 172 44
88 173 44
88 174 44
88 175 44
88 176 44
88 177 43
88 178 52
88 179 39
88 180 40
88 181 41
88 182 40
88 183 40
88 184 40
88 185 40
88 186 40
88 187 40
88 188 40
88 189 40
88 190 41
88 191 41
88 192 41
88 193 41
88 194 41
88 195 41
88 196 41
88 197 47
88 198 47
88 199 47
88 200 47
88 201 47
88 202 59
88 203 59
88 204 59
88 205 59
88 206 59
88 207 58
88 208 57
89 113 108
89 114 66
89 115 85
89 116 35
89 117 20
89 118 11
89 119 11
89 120 10
89 121 9
89 122 10
89 123 9
89 124 9
89 125 9
89 126 8
89 127 8
89 128 8
89 129 8
89 130 8
89 131 8
89 132 7
89 133 7
89 134 8
89 135 7
89 136 7
89 137 6
89 138 6
89 139 5
89 140 7
89 141 7
89 142 7
89 143 5
89 144 5
89 149 5
89 150 5
89 151 5
89 157 29
89 158 49
89 159 52
89 160 53
89 161 50
89 162 51
89 163 51
89 164 51
89 165 51
89 166 53
89 167 53
89 168 79
89 169 54
89 170 45
89 171 45
89 172 45
89 173 45
89 174 44
89 175 44
89 176 44
89 177 44
89 178 39
89 179 41
89 180 41
89 181 41
89 182 40
89 183 41
89 184 40
89 185 40
89 186 40
89 187 40
89 188 40
89 189 41
89 190 41
89 191 41
89 192 41
89 193 41
89 194 41
89 195 40
89 196 47
89 197 47
89 198 47
89 199 47
89 200 47
89 201 46
89 202 59
89 203 59
89 204 59
89 205 59
89 206 58
89 207 58
90 113 70
90 114 66
90 115 87
90 116 35
90 119 10
90 120 10
90 121 9
90 122 9
90 123 9
90 124 8
90 128 8
90 129 8
90 130 8
90 131 7
90 132 7
90 133 7
90 134 7
90 135 7
90 136 6
90 137 6
90 138 6
90 139 5
90 140 5
90 141 5
90 142 5
90 143 5
90 144 5
90 145 5
90 151 5
90 155 5
90 156 5
90 157 30
90 158 50
90 159 47
90 160 53
90 161 50
90 162 50
90 163 51
90 164 52
90 165 51
90 166 53
90 167 52
90 168 67
90 169 82
90 170 46
90 171 45
90 172 45
90 173 45
90 174 45
90 175 45
90 176 45
90 177 44
90 178 39
90 179 41
90 180 41
90 181 41
90 182 41
90 183 41
90 184 41
90 185 40
90 186 40
90 187 40
90 188 41
90 189 41
90 190 41
90 191 41
90 192 41
90 193 41
90 194 41
90 195 47
90 196 47
90 197 47
90 198 47
90 199 47
90 200 46
90 201 46
90 202 59
90 203 59
90 204 59
90 205 59
90 206 58
90 207 58
91 113 66
91 114 66
91 115 59
91 116 17
91 131 8
91 132 7
91 133 7
91 134 5
91 135 6
91 136 6
91 137 6
91 138 5
91 139 5
91 140 5
91 141 5
91 142 5
91 143 5
91 144 5
91 150 5
91 151 5
91 154 5
91 155 7
91 156 9
91 157 39
91 158 46
91 159 48
91 160 62
91 161 51
91 162 50
91 163 50
91 164 51
91 165 51
91 166 51
91 167 53
91 168 66
91 169 82
91 170 46
91 171 46
91 172 46
91 173 46
91 174 46
91 175 45
91 176 45
91 177 40
91 178 42
91 179 42
91 180 41
91 181 41
91 182 41
91 183 40
91 184 40
91 185 40
91 186 40
91 187 42
91 188 41
91 189 41
91 190 47
91 191 47
91 192 47
91 193 47
91 194 47
91 195 47
91 196 47
91 197 47
91 198 47
91 199 47
91 200 46
91 201 59
91 202 59
91 203 59
91 204 59
91 205 58
91 206 58
92 113 66
92 114 66
92 115 53
92 116 17
92 134 5
92 135 6
92 136 6
92 137 5
92 138 5
92 139 5
92 140 5
92 141 5
92 142 5
92 143 5
92 144 5
92 150 5
92 151 5
92 152 6
92 153 5
92 154 5
92 155 5
92 156 9
92 157 10
92 158 59
92 159 46
92 160 66
92 161 50
92 162 50
92 163 51
92 164 52
92 165 51
92 166 51
92 167 53
92 168 67
92 169 79
92 170 81
92 171 46
92 172 46
92 173 46
92 174 46
92 175 46
92 176 41
92 177 42
92 178 42
92 179 42
92 180 42
92 181 41
92 182 41
92 183 41
92 184 41
92 185 40
92 186 42
92 187 41
92 188 48
92 189 48
92 190 48
92 191 47
92 192 47
92 193 47
92 194 47
92 195 47
92 196 47
92 197 47
92 198 46
92 199 46
92 200 59
92 201 59
92 202 59
92 203 59
92 204 58
92 205 58
93 113 70
93 114 60
93 115 46
93 116 17
93 136 6
93 137 5
93 138 5
93 139 5
93 140 5
93 141 5
93 142 5
93 143 5
93 150 5
93 151 7
93 153 7
93 155 5
93 156 5
93 157 7
93 158 60
93 159 39
93 160 57
93 161 69
93 162 51
93 163 60
93 164 60
93 165 52
93 166 51
93 167 51
93 168 53
93 169 67
93 170 81
93 171 47
93 172 47
93 173 46
93 174 46
93 175 46
93 176 41
93 177 43
93 178 43
93 179 43
93 180 42
93 181 42
93 182 41
93 183 41
93 184 43
93 185 42
93 186 42
93 187 48
93 188 48
93 189 48
93 190 48
93 191 47
93 192 47
93 193 47
93 194 47
93 195 59
93 196 59
93 197 59
93 198 59
93 199 59
93 200 59
93 201 59
93 202 59
93 203 58
94 113 70
94 114 59
94 115 37
94 116 17
94 137 5
94 138 5
94 139 5
94 140 5
94 141 5
94 142 5
94 143 5
94 150 5
94 151 5
94 152 5
94 153 5
94 154 5
94 155 5
94 156 5
94 157 5
94 158 51
94 159 38
94 160 39
94 161 79
94 162 88
94 163 89
94 164 89
94 165 76
94 166 60
94 167 52
94 168 51
94 169 67
94 170 82
94 171 47
94 172 47
94 173 47
94 174 46
94 175 43
94 176 43
94 177 43
94 178 43
94 179 43
94 180 43
94 181 42
94 182 41
94 183 44
94 184 43
94 185 43
94 186 42
94 187 49
94 188 48
94 189 48
94 190 48
94 191 61
94 192 60
94 193 58
94 197 58
94 198 58
94 199 58
94 200 58
95 113 66
95 114 79
95 115 38
95 116 17
95 141 5
95 142 5
95 150 7
95 151 7
95 152 5
95 153 6
95 154 6
95 155 5
95 156 5
95 157 5
95 158 29
95 159 38
95 160 58
95 161 91
95 162 71
95 163 68
95 164 68
95 165 68
95 166 68
95 167 84
95 168 84
95 169 81
95 170 79
95 171 76
95 172 43
95 173 44
95 174 44
95 175 44
95 176 44
95 177 43
95 178 43
95 179 43
95 180 43
95 181 41
95 182 44
95 183 44
95 184 44
95 185 43
95 186 49
95 187 49
95 188 49
95 189 62
95 190 61
95 191 59
96 113 69
96 114 70
96 115 38
96 116 17
96 150 7
96 151 7
96 152 6
96 153 5
96 154 6
96 155 5
96 156 6
96 157 5
96 158 29
96 159 38
96 160 89
96 161 45
96 162 46
96 163 29
96 164 31
96 165 31
96 166 31
96 167 41
96 168 41
96 169 57
96 170 81
96 171 89
96 172 50
96 173 50
96 174 60
96 175 44
96 176 44
96 177 43
96 178 43
96 179 43
96 180 44
96 181 44
96 182 44
96 183 44
96 184 50
96 185 50
96 186 49
96 187 63
96 188 63
96 189 61
97 112 72
97 113 69
97 114 60
97 115 38
97 116 17
97 150 7
97 151 7
97 152 7
97 153 5
97 154 5
97 155 6
97 156 6
97 157 5
97 158 29
97 159 65
97 160 45
97 161 45
97 162 29
97 163 29
97 164 31
97 165 31
97 166 31
97 167 42
97 168 41
97 169 58
97 170 63
97 171 69
97 172 61
97 173 61
97 174 63
97 175 63
97 176 59
97 177 43
97 178 44
97 179 44
97 180 50
97 181 50
97 182 50
97 183 50
97 184 50
97 185 49
97 186 63
97 187 62
98 112 58
98 113 69
98 114 38
98 115 17
98 116 17
98 151 7
98 152 5
98 153 5
98 154 5
98 156 5
98 158 5
98 159 62
98 160 45
98 161 45
98 162 29
98 163 29
98 164 31
98 165 31
98 166 31
98 167 41
98 168 41
98 169 57
98 170 56
98 171 69
98 177 61
98 178 63
98 179 63
98 180 63
98 181 61
98 182 61
98 183 61
98 184 61
99 112 88
99 113 69
99 114 38
99 115 17
99 156 5
99 159 68
99 160 45
99 161 46
99 162 29
99 163 31
99 164 31
99 165 30
99 166 29
99 167 29
99 168 39
99 169 56
99 170 63
99 171 63
100 112 75
100 113 77
100 114 38
100 115 17
100 155 5
100 159 68
100 160 46
100 161 46
100 162 29
100 163 30
100 164 29
100 165 28
100 166 28
100 167 27
100 168 39
100 169 56
100 170 63
100 171 63
100 172 68
101 112 80
101 113 59
101 114 17
101 115 17
101 159 68
101 160 46
101 161 46
101 162 30
101 163 29
101 164 29
101 165 28
101 166 27
101 167 27
101 168 39
101 169 56
101 170 63
101 171 63
101 172 55
102 112 80
102 113 46
102 114 17
102 159 68
102 160 46
102 161 46
102 162 30
102 163 29
102 164 28
102 165 27
102 166 27
102 167 27
102 168 39
102 169 40
102 170 56
102 171 63
102 172 62
102 173 68
103 112 91
103 113 38
103 114 17
103 159 64
103 160 47
103 161 48
103 162 30
103 163 29
103 164 28
103 165 27
103 166 27
103 167 27
103 168 39
103 169 39
103 170 56
103 171 63
103 172 63
103 173 68
104 111 36
104 112 66
104 113 38
104 114 17
104 159 64
104 160 46
104 161 61
104 162 30
104 163 29
104 164 28
104 165 27
104 166 27
104 167 27
104 168 39
104 169 39
104 170 56
104 171 56
104 172 63
104 173 68
104 174 63
105 111 35
105 112 70
105 113 38
105 114 17
105 159 80
105 160 46
105 161 61
105 162 30
105 163 30
105 164 29
105 165 27
105 166 27
105 167 27
105 168 40
105 169 56
105 170 56
105 171 56
105 172 63
105 173 68
105 174 63
105 175 63
106 111 78
106 112 59
106 113 38
106 114 17
106 159 92
106 160 46
106 161 46
106 162 30
106 163 30
106 164 27
106 165 27
106 166 27
106 167 27
106 168 27
106 169 56
106 170 56
106 171 56
106 172 62
106 173 62
106 174 63
106 175 63
106 176 63
107 111 103
107 112 46
107 113 38
107 114 17
107 159 86
107 160 46
107 161 46
107 162 75
107 163 27
107 164 27
107 165 27
107 166 27
107 167 27
107 168 27
107 169 56
107 170 56
107 171 56
107 172 63
107 173 62
107 174 63
107 175 63
107 176 63
107 177 63
108 111 130
108 112 46
108 113 38
108 114 18
108 159 64
108 160 46
108 161 46
108 162 74
108 163 27
108 164 27
108 165 27
108 166 27
108 167 27
108 168 27
108 169 56
108 170 56
108 171 56
108 172 62
108 173 62
108 174 66
108 175 63
108 176 63
108 177 63
108 178 63
109 111 93
109 112 59
109 113 38
109 114 18
109 160 49
109 161 49
109 162 76
109 163 34
109 164 27
109 165 27
109 166 27
109 167 27
109 168 27
109 169 56
109 170 56
109 171 56
109 172 62
109 173 62
109 174 72
109 175 63
109 176 63
109 177 63
109 178 63
109 179 63
110 110 35
110 111 65
110 112 56
110 113 38
110 114 17
110 160 52
110 161 49
110 162 76
110 163 34
110 164 34
110 165 27
110 166 27
110 167 27
110 168 27
110 169 40
110 170 56
110 171 58
110 172 62
110 173 62
110 174 73
110 175 63
110 176 63
110 177 63
110 178 63
110 179 63
111 110 65
111 111 60
111 112 56
111 113 38
111 114 17
111 160 83
111 161 49
111 162 36
111 163 36
111 164 33
111 165 33
111 166 33
111 167 27
111 168 27
111 169 39
111 170 58
111 171 58
111 172 62
111 173 62
111 174 72
111 175 66
111 176 63
111 177 63
111 178 63
111 179 63
112 110 65
112 111 60
112 112 38
112 113 38
112 114 17
112 160 78
112 161 50
112 162 36
112 163 36
112 164 36
112 165 33
112 166 33
112 167 33
112 168 33
112 169 43
112 170 58
112 171 58
112 172 62
112 173 62
112 174 54
112 175 66
112 176 66
112 177 63
112 178 63
112 179 63
112 180 61
113 110 60
113 111 60
113 112 38
113 113 38
113 114 17
113 160 74
113 161 50
113 162 36
113 163 36
113 164 36
113 165 35
113 166 34
113 167 33
113 168 33
113 169 43
113 170 43
113 171 58
113 172 62
113 173 62
113 174 54
113 175 66
113 176 66
113 177 66
113 178 62
113 179 62
113 180 61
114 109 35
114 110 74
114 111 38
114 112 38
114 113 38
114 114 17
114 160 64
114 161 49
114 162 76
114 163 36
114 164 36
114 165 35
114 166 35
114 167 33
114 168 33
114 169 33
114 170 43
114 171 58
114 172 62
114 173 61
114 174 54
114 175 54
114 176 66
114 177 65
114 178 65
114 179 65
114 180 61
115 109 79
115 110 80
115 111 38
115 112 38
115 113 38
115 114 17
115 160 51
115 161 49
115 162 76
115 163 36
115 164 36
115 165 36
115 166 35
115 167 33
115 168 33
115 169 33
115 170 43
115 171 58
115 172 58
115 173 61
115 174 54
115 175 53
115 176 65
115 177 65
115 178 65
115 179 65
115 180 65
116 109 65
116 110 87
116 111 38
116 112 38
116 113 38
116 114 17
116 160 51
116 161 51
116 162 76
116 163 37
116 164 36
116 165 36
116 166 35
116 167 35
116 168 33
116 169 33
116 170 43
116 171 58
116 172 58
116 173 61
116 174 53
116 175 53
116 176 65
116 177 65
116 178 65
116 179 65
116 180 65
116 181 65
117 109 86
117 110 59
117 111 38
117 112 37
117 113 37
117 160 51
117 161 69
117 162 37
117 163 37
117 164 37
117 165 35
117 166 35
117 167 35
117 168 34
117 169 32
117 170 43
117 171 58
117 172 58
117 173 61
117 174 53
117 175 53
117 176 65
117 177 65
117 178 65
117 179 65
117 180 65
117 181 66
118 109 58
118 110 38
118 111 38
118 112 37
118 113 37
118 160 51
118 161 74
118 162 38
118 163 37
118 164 37
118 165 37
118 166 36
118 167 35
118 168 34
118 169 34
118 170 42
118 171 58
118 172 58
118 173 61
118 174 53
118 175 53
118 176 65
118 177 65
118 178 65
118 179 65
118 180 65
118 181 66
119 109 60
119 110 38
119 111 38
119 112 37
119 113 37
119 160 54
119 161 73
119 162 37
119 163 37
119 164 37
119 165 36
119 166 36
119 167 36
119 168 34
119 169 34
119 170 50
119 171 58
119 172 58
119 173 58
119 174 61
119 175 53
119 176 53
119 177 64
119 178 65
119 179 65
119 180 65
119 181 66
120 109 82
120 110 38
120 111 37
120 112 37
120 113 37
120 114 17
120 160 73
120 161 51
120 162 37
120 163 37
120 164 36
120 165 36
120 166 36
120 167 36
120 168 36
120 169 34
120 170 50
120 171 50
120 172 64
120 173 58
120 174 61
120 175 72
120 176 53
120 177 64
120 178 64
120 179 65
120 180 65
120 181 65
121 109 63
121 110 38
121 111 37
121 112 37
121 113 37
121 114 17
121 160 100
121 161 51
121 162 36
121 163 38
121 164 36
121 165 36
121 166 36
121 167 36
121 168 36
121 169 33
121 170 50
121 171 50
121 172 64
121 173 64
121 174 61
121 175 61
121 176 53
121 177 53
121 178 64
121 179 64
121 180 64
121 181 64
122 108 74
122 109 44
122 110 38
122 111 37
122 112 37
122 113 17
122 160 86
122 161 50
122 162 38
122 163 38
122 164 38
122 165 36
122 166 36
122 167 36
122 168 36
122 169 36
122 170 50
122 171 50
122 172 64
122 173 63
122 174 75
122 175 61
122 176 71
122 177 53
122 178 53
122 179 64
122 180 64
123 108 110
123 109 44
123 110 38
123 111 37
123 112 37
123 113 17
123 160 64
123 161 51
123 162 39
123 163 39
123 164 39
123 165 39
123 166 36
123 167 36
123 168 36
123 169 36
123 170 63
123 171 50
123 172 63
123 173 63
123 174 75
123 175 75
123 176 71
123 177 52
123 178 52
123 179 64
123 180 63
124 108 64
124 109 44
124 110 37
124 111 37
124 112 37
124 113 17
124 160 54
124 161 50
124 162 39
124 163 39
124 164 39
124 165 39
124 166 39
124 167 36
124 168 36
124 169 36
124 170 63
124 171 63
124 172 63
124 173 63
124 174 75
124 175 75
124 176 74
124 177 85
124 178 52
124 179 63
124 180 63
124 181 59
125 107 99
125 108 45
125 109 38
125 110 37
125 111 37
125 112 17
125 160 32
125 161 50
125 162 39
125 163 39
125 164 39
125 165 38
125 166 38
125 167 36
125 168 36
125 169 36
125 170 63
125 171 62
125 172 49
125 173 63
125 174 74
125 175 74
125 176 75
125 177 83
125 178 52
125 179 63
125 180 63
125 181 59
126 107 95
126 108 45
126 109 55
126 110 38
126 111 38
126 161 51
126 162 39
126 163 38
126 164 38
126 165 38
126 166 38
126 167 38
126 168 36
126 169 36
126 170 62
126 171 62
126 172 62
126 173 63
126 174 74
126 175 75
126 176 75
126 177 83
126 178 52
126 179 63
126 180 63
126 181 59
127 107 89
127 108 45
127 109 38
127 110 38
127 111 17
127 160 58
127 161 68
127 162 38
127 163 38
127 164 38
127 165 38
127 166 38
127 167 38
127 168 38
127 169 36
127 170 62
127 171 62
127 172 62
127 173 63
127 174 74
127 175 74
127 176 74
127 177 83
127 178 68
127 179 63
127 180 63
127 181 63
128 107 102
128 108 68
128 109 38
128 110 38
128 111 17
128 160 113
128 161 38
128 162 38
128 163 38
128 164 38
128 165 38
128 166 38
128 167 38
128 168 38
128 169 35
128 170 62
128 171 62
128 172 62
128 173 78
128 174 74
128 175 74
128 176 74
128 177 83
128 178 68
128 179 63
128 180 63
128 181 62
129 108 69
129 109 38
129 110 17
129 111 17
129 160 82
129 161 38
129 162 38
129 163 51
129 164 52
129 165 38
129 166 38
129 167 38
129 168 38
129 169 35
129 170 62
129 171 62
129 172 62
129 173 78
129 174 74
129 175 74
129 176 78
129 177 94
129 178 67
129 179 63
129 180 63
129 181 62
130 108 127
130 109 48
130 110 38
130 111 17
130 116 18
130 117 19
130 159 62
130 160 95
130 161 38
130 162 38
130 163 51
130 164 58
130 165 43
130 166 38
130 167 38
130 168 38
130 169 39
130 170 62
130 171 62
130 172 78
130 173 78
130 174 75
130 175 74
130 176 83
130 177 67
130 178 67
130 179 63
130 180 63
130 181 62
131 109 95
131 110 37
131 111 17
131 115 18
131 116 18
131 117 19
131 118 16
131 159 111
131 160 100
131 161 38
131 162 38
131 163 58
131 164 58
131 165 43
131 166 38
131 167 38
131 168 38
131 169 39
131 170 62
131 171 62
131 172 78
131 173 75
131 174 75
131 175 80
131 176 94
131 177 67
131 178 67
131 179 63
131 180 63
131 181 63
132 109 117
132 110 70
132 111 37
132 112 17
132 115 18
132 116 18
132 117 19
132 118 38
132 159 102
132 160 78
132 161 38
132 162 38
132 163 43
132 164 43
132 165 43
132 166 38
132 167 38
132 168 39
132 169 57
132 170 61
132 171 62
132 172 78
132 173 75
132 174 75
132 175 84
132 176 67
132 177 67
132 178 67
132 179 63
132 180 63
132 181 63
133 110 70
133 111 37
133 112 17
133 114 17
133 115 18
133 116 18
133 117 39
133 118 39
133 119 24
133 159 73
133 160 59
133 161 38
133 162 38
133 163 38
133 164 43
133 165 43
133 166 38
133 167 38
133 168 39
133 169 57
133 170 61
133 171 77
133 172 78
133 173 75
133 174 79
133 175 83
133 176 67
133 177 67
133 178 67
133 179 63
133 180 63
133 181 63
134 110 93
134 111 59
134 112 37
134 113 16
134 114 18
134 115 17
134 116 39
134 117 39
134 118 39
134 159 69
134 160 59
134 161 38
134 162 38
134 163 38
134 164 38
134 165 38
134 166 38
134 167 38
134 168 57
134 169 57
134 170 61
134 171 77
134 172 74
134 173 74
134 174 79
134 175 94
134 176 67
134 177 67
134 178 66
134 179 63
134 180 63
134 181 62
134 182 62
135 110 88
135 111 74
135 112 37
135 113 16
135 115 18
135 116 18
135 117 39
135 118 39
135 159 51
135 160 80
135 161 38
135 162 38
135 163 38
135 164 38
135 165 38
135 166 38
135 167 56
135 168 57
135 169 57
135 170 77
135 171 77
135 172 74
135 173 74
135 174 82
135 175 66
135 176 67
135 177 66
135 178 61
135 179 62
135 180 62
135 181 62
135 182 62
136 110 99
136 111 81
136 112 38
136 113 37
136 115 18
136 116 18
136 117 18
136 118 18
136 159 51
136 160 82
136 161 38
136 162 38
136 163 38
136 164 38
136 165 38
136 166 38
136 167 56
136 168 56
136 169 56
136 170 78
136 171 74
136 172 74
136 173 74
136 174 66
136 175 66
136 176 66
136 177 66
136 179 62
136 180 62
136 181 62
136 182 62
137 111 77
137 112 45
137 113 37
137 115 18
137 116 18
137 117 18
137 118 18
137 159 59
137 160 81
137 161 38
137 162 38
137 163 38
137 164 38
137 165 38
137 166 56
137 167 56
137 168 56
137 169 77
137 170 38
137 171 74
137 172 74
137 173 94
137 174 66
137 175 66
137 176 66
137 177 66
137 179 61
137 180 62
137 181 62
137 182 62
138 111 72
138 112 59
138 113 38
138 116 18
138 117 19
138 118 18
138 159 90
138 160 51
138 161 38
138 162 38
138 163 38
138 164 38
138 165 38
138 166 56
138 167 56
138 168 56
138 169 38
138 170 38
138 171 74
138 172 82
138 173 66
138 174 66
138 175 66
138 176 66
138 177 66
138 180 62
138 181 62
138 182 62
139 111 118
139 112 58
139 113 38
139 114 17
139 116 18
139 117 18
139 118 19
139 159 108
139 160 51
139 161 38
139 162 38
139 163 38
139 164 38
139 165 56
139 166 56
139 167 56
139 168 38
139 169 38
139 170 38
139 171 78
139 172 82
139 173 66
139 174 66
139 175 66
139 176 66
139 177 66
139 180 62
139 181 62
139 182 62
140 111 98
140 112 58
140 113 59
140 114 17
140 115 18
140 116 18
140 117 18
140 118 19
140 159 108
140 160 51
140 161 38
140 162 38
140 163 38
140 164 38
140 165 56
140 166 56
140 167 56
140 168 38
140 169 38
140 170 38
140 171 82
140 172 66
140 173 66
140 174 66
140 175 66
140 176 66
140 177 66
140 180 62
140 181 62
141 111 98
141 112 60
141 113 59
141 114 52
141 115 24
141 116 19
141 117 19
141 118 19
141 159 64
141 160 81
141 161 38
141 162 38
141 163 38
141 164 38
141 165 56
141 166 56
141 167 38
141 168 38
141 169 38
141 170 48
141 171 53
141 172 66
141 173 66
141 174 66
141 175 66
141 176 66
141 177 66
142 111 73
142 112 85
142 113 69
142 114 74
142 115 25
142 116 19
142 117 19
142 118 19
142 159 64
142 160 81
142 161 38
142 162 38
142 163 38
142 164 56
142 165 56
142 166 56
142 167 38
142 168 39
142 169 39
142 170 49
142 171 48
142 172 66
142 173 66
142 174 66
142 175 66
142 176 66
142 177 66
142 178 66
143 112 73
143 113 77
143 114 70
143 115 47
143 116 25
143 117 19
143 118 20
143 159 64
143 160 59
143 161 38
143 162 38
143 163 38
143 164 56
143 165 56
143 166 56
143 167 38
143 168 39
143 169 39
143 170 49
143 171 48
143 173 66
143 174 66
143 175 66
143 176 66
143 177 66
143 178 66
144 112 59
144 113 70
144 114 70
144 115 65
144 116 25
144 117 19
144 118 20
144 159 101
144 160 51
144 161 38
144 162 38
144 163 38
144 164 56
144 165 56
144 166 56
144 167 38
144 168 38
144 169 39
144 170 49
144 171 53
144 174 66
144 175 66
144 176 66
144 177 66
144 178 66
145 112 79
145 113 80
145 114 86
145 115 79
145 116 41
145 117 26
145 118 19
145 158 32
145 159 116
145 160 51
145 161 38
145 162 38
145 163 38
145 164 56
145 165 63
145 166 63
145 167 35
145 168 38
145 169 38
145 170 48
145 171 70
145 174 66
145 175 66
145 176 66
145 177 66
146 113 81
146 114 80
146 115 70
146 116 47
146 117 26
146 118 19
146 158 31
146 159 116
146 160 51
146 161 38
146 162 38
146 163 56
146 164 63
146 165 63
146 166 63
146 167 35
146 168 35
146 169 53
146 170 53
146 171 70
146 175 66
146 176 66
146 177 66
147 113 72
147 114 70
147 115 79
147 116 46
147 117 41
147 118 24
147 158 31
147 159 102
147 160 51
147 161 38
147 162 38
147 163 56
147 164 63
147 165 63
147 166 76
147 167 35
147 168 35
147 169 53
147 170 53
147 176 66
148 114 64
148 115 79
148 116 70
148 117 41
148 118 40
148 119 17
148 159 82
148 160 51
148 161 38
148 162 38
148 163 56
148 164 63
148 165 70
148 166 70
148 167 34
148 168 53
148 169 53
149 115 83
149 116 81
149 117 64
149 118 38
149 119 38
149 120 17
149 158 31
149 159 82
149 160 58
149 161 38
149 162 38
149 163 56
149 164 72
149 165 70
150 116 51
150 117 69
150 118 38
150 119 38
150 120 38
150 121 17
150 158 31
150 159 76
150 160 64
150 161 38
150 162 38
150 163 56
150 164 70
150 165 70
151 116 72
151 117 93
151 118 38
151 119 37
151 120 38
151 121 17
151 158 31
151 159 64
151 160 64
151 161 38
151 162 38
151 163 77
151 164 70
151 165 70
152 117 73
152 118 38
152 119 38
152 120 38
152 121 38
152 158 31
152 159 68
152 160 64
152 161 38
152 162 38
152 163 77
152 164 70
153 117 51
153 118 38
153 119 38
153 120 38
153 121 38
153 158 38
153 159 76
153 160 51
153 161 38
153 162 77
153 163 77
153 164 70
154 116 70
154 117 51
154 118 38
154 119 38
154 120 38
154 121 17
154 158 63
154 159 100
154 160 51
154 161 77
154 162 77
154 163 77
154 164 70
155 116 69
155 117 51
155 118 38
155 119 38
155 120 38
155 158 63
155 159 88
155 160 51
155 161 77
155 162 77
155 163 77
156 116 64
156 117 69
156 118 38
156 119 38
156 120 38
156 158 38
156 159 70
156 160 51
156 161 38
156 162 77
156 163 35
157 116 64
157 117 69
157 118 38
157 119 38
157 120 38
157 158 31
157 159 78
157 160 51
157 161 56
157 162 38
157 163 35
158 116 64
158 117 69
158 118 38
158 119 38
158 120 38
158 158 31
158 159 86
158 160 82
158 161 86
158 162 38
158 163 35
159 116 72
159 117 69
159 118 38
159 119 38
159 120 38
159 158 31
159 159 64
159 160 82
159 161 77
159 162 38
159 163 35
160 116 72
160 117 59
160 118 38
160 119 38
160 120 38
160 158 31
160 159 64
160 160 82
160 161 38
160 162 38
160 163 35
161 116 72
161 117 59
161 118 38
161 119 38
161 120 38
161 159 64
161 160 82
161 161 38
161 162 38
161 163 35
162 116 64
162 117 59
162 118 38
162 119 38
162 120 38
162 159 64
162 160 82
162 161 38
162 162 38
162 163 35
163 116 64
163 117 59
163 118 38
163 119 38
163 120 38
163 159 39
163 160 76
163 161 77
163 162 38
163 163 35
164 116 64
164 117 59
164 118 38
164 119 38
164 120 17
164 143 17
164 144 17
164 159 31
164 160 77
164 161 78
164 162 38
164 163 35
165 116 64
165 117 59
165 118 38
165 119 38
165 142 18
165 143 18
165 144 17
165 145 17
165 160 73
165 161 100
165 162 38
165 163 35
166 116 64
166 117 59
166 118 38
166 119 38
166 142 18
166 143 18
166 144 18
166 145 17
166 160 80
166 161 100
166 162 38
166 163 34
167 116 64
167 117 59
167 118 38
167 119 38
167 142 18
167 143 18
167 144 18
167 145 18
167 160 90
167 161 82
167 162 38
167 163 34
168 116 64
168 117 59
168 118 38
168 119 38
168 142 18
168 143 18
168 144 18
168 159 32
168 160 51
168 161 82
168 162 38
168 163 34
169 116 64
169 117 44
169 118 38
169 119 38
169 120 17
169 142 17
169 143 18
169 144 18
169 159 65
169 160 51
169 161 82
169 162 38
170 116 64
170 117 53
170 118 38
170 119 38
170 120 17
170 141 17
170 142 24
170 143 17
170 144 18
170 145 18
170 159 73
170 160 51
170 161 78
170 162 38
171 116 64
171 117 51
171 118 38
171 119 38
171 120 17
171 140 52
171 141 38
171 142 38
171 143 38
171 144 38
171 145 18
171 158 32
171 159 64
171 160 52
171 161 77
171 162 38
172 116 70
172 117 51
172 118 38
172 119 38
172 120 17
172 139 52
172 140 38
172 141 38
172 142 38
172 143 38
172 144 38
172 145 18
172 158 54
172 159 64
172 160 52
172 161 56
172 162 38
173 116 71
173 117 64
173 118 38
173 119 38
173 120 17
173 138 45
173 139 62
173 140 51
173 141 41
173 142 38
173 143 38
173 144 38
173 145 17
173 146 18
173 157 32
173 158 65
173 159 91
173 160 52
173 161 56
173 162 35
174 117 82
174 118 38
174 119 38
174 120 41
174 137 65
174 138 95
174 139 68
174 140 73
174 141 51
174 142 38
174 143 39
174 144 38
174 145 39
174 146 17
174 157 51
174 158 65
174 159 69
174 160 59
174 161 78
174 162 35
175 117 87
175 118 38
175 119 38
175 120 41
175 137 105
175 138 65
175 139 82
175 140 64
175 141 54
175 142 52
175 143 39
175 144 38
175 145 39
175 146 17
175 157 51
175 158 65
175 159 69
175 160 59
175 161 101
175 162 35
176 117 87
176 118 38
176 119 38
176 120 56
176 136 119
176 137 87
176 138 78
176 139 73
176 140 83
176 141 64
176 142 51
176 143 39
176 144 39
176 145 39
176 146 17
176 147 18
176 157 32
176 158 65
176 159 82
176 160 59
176 161 101
176 162 35
177 117 69
177 118 38
177 119 39
177 120 38
177 136 53
177 137 78
177 138 36
177 139 70
177 140 52
177 141 64
177 142 54
177 143 51
177 144 39
177 145 38
177 146 39
177 147 18
177 158 64
177 159 82
177 160 60
177 161 101
177 162 35
178 117 82
178 118 59
178 119 39
178 120 38
178 135 55
178 136 71
178 137 36
178 141 65
178 142 73
178 143 52
178 144 39
178 145 39
178 146 39
178 147 18
178 158 73
178 159 83
178 160 101
178 161 78
178 162 35
179 117 82
179 118 54
179 119 39
179 120 38
179 135 111
179 136 39
179 137 36
179 141 84
179 142 65
179 143 52
179 144 39
179 145 39
179 146 39
179 147 18
179 157 32
179 158 73
179 159 83
179 160 101
179 161 39
180 117 82
180 118 54
180 119 39
180 120 38
180 135 71
180 136 36
180 141 72
180 142 65
180 143 52
180 144 39
180 145 39
180 146 39
180 147 39
180 157 54
180 158 73
180 159 87
180 160 118
180 161 36
181 117 82
181 118 59
181 119 39
181 120 38
181 134 40
181 135 80
181 136 36
181 142 65
181 143 55
181 144 39
181 145 39
181 146 39
181 147 39
181 157 74
181 158 65
181 159 87
181 160 79
181 161 36
182 117 51
182 118 63
182 119 46
182 120 38
182 134 89
182 135 39
182 136 72
182 142 73
182 143 74
182 144 46
182 145 39
182 146 39
182 147 18
182 157 74
182 158 70
182 159 60
182 160 79
182 161 36
183 117 72
183 118 75
183 119 46
183 120 39
183 133 33
183 134 120
183 135 39
183 136 72
183 142 70
183 143 66
183 144 60
183 145 39
183 146 39
183 147 18
183 157 74
183 158 70
183 159 102
183 160 39
183 161 36
184 118 64
184 119 45
184 120 57
184 133 89
184 134 54
184 135 39
184 143 65
184 144 66
184 145 40
184 146 39
184 147 18
184 157 66
184 158 66
184 159 79
184 160 39
184 161 36
185 118 81
185 119 59
185 120 38
185 132 33
185 133 87
185 134 71
185 135 39
185 143 51
185 144 73
185 145 46
185 146 39
185 147 39
185 157 66
185 158 66
185 159 39
185 160 39
185 161 36
186 118 51
186 119 76
186 120 38
186 132 33
186 133 66
186 134 39
186 135 39
186 143 70
186 144 64
186 145 48
186 146 40
186 147 39
186 157 40
186 158 74
186 159 39
186 160 39
186 161 36
187 118 57
187 119 64
187 120 45
187 133 66
187 134 80
187 135 39
187 144 51
187 145 59
187 146 40
187 147 40
187 148 18
187 157 55
187 158 74
187 159 39
187 160 39
187 161 36
188 118 57
188 119 64
188 120 45
188 133 66
188 134 80
188 135 36
188 144 57
188 145 74
188 146 40
188 147 40
188 148 18
188 157 55
188 158 88
188 159 39
188 160 57
188 161 36
189 118 57
189 119 77
189 120 59
189 133 69
189 134 80
189 135 54
189 145 63
189 146 39
189 147 40
189 148 18
189 157 55
189 158 84
189 159 39
189 160 57
189 161 36
190 118 57
190 119 64
190 120 59
190 121 28
190 133 101
190 134 88
190 145 63
190 146 38
190 147 40
190 148 18
190 157 55
190 158 79
190 159 39
190 160 57
190 161 35
191 118 51
191 119 51
191 120 59
191 121 50
191 132 40
191 133 114
191 145 63
191 146 38
191 147 57
191 148 19
191 157 55
191 158 79
191 159 39
191 160 39
192 118 81
192 119 51
192 120 59
192 121 38
192 132 67
192 133 126
192 145 99
192 146 51
192 147 38
192 148 39
192 157 101
192 158 78
192 159 38
192 160 35
193 117 71
193 118 64
193 119 51
193 120 46
193 121 38
193 132 83
193 133 73
193 145 70
193 146 51
193 147 37
193 148 39
193 149 18
193 157 116
193 158 78
193 159 56
193 160 35
194 117 71
194 118 64
194 119 51
194 120 38
194 121 38
194 132 106
194 145 70
194 146 54
194 147 55
194 148 38
194 149 18
194 157 103
194 158 78
194 159 39
194 160 35
195 117 82
195 118 72
195 119 58
195 120 38
195 121 38
195 132 96
195 145 72
195 146 81
195 147 57
195 148 38
195 149 18
195 157 70
195 158 79
195 159 39
195 160 39
196 117 82
196 118 51
196 119 39
196 120 38
196 132 100
196 133 79
196 145 72
196 146 101
196 147 43
196 148 39
196 149 18
196 157 54
196 158 52
196 159 38
196 160 39
197 117 82
197 118 51
197 119 38
197 120 38
197 132 55
197 133 80
197 146 104
197 147 38
197 148 39
197 149 18
197 157 39
197 158 84
197 159 39
197 160 39
198 117 82
198 118 59
198 119 38
198 120 38
198 132 56
198 133 80
198 146 102
198 147 39
198 148 39
198 157 39
198 158 84
198 159 79
198 160 35
199 117 85
199 118 60
199 119 38
199 120 23
199 132 55
199 133 89
199 146 75
199 147 38
199 148 18
199 157 60
199 158 84
199 159 79
199 160 35
200 117 82
200 118 54
200 119 39
200 120 41
200 132 39
200 133 72
200 146 55
200 147 39
200 148 18
200 157 69
200 158 90
200 159 38
200 160 35
201 117 52
201 118 72
201 119 39
201 120 56
201 132 34
201 133 72
201 146 74
201 147 39
201 148 18
201 157 94
201 158 70
201 159 39
202 117 52
202 118 72
202 119 41
202 120 56
202 132 54
202 133 57
202 146 80
202 147 42
202 148 18
202 156 52
202 157 93
202 158 74
202 159 35
203 117 52
203 118 85
203 119 52
203 120 56
203 121 24
203 132 56
203 133 81
203 146 91
203 147 66
203 148 18
203 156 52
203 157 86
203 158 39
203 159 35
204 117 52
204 118 69
204 119 70
204 120 38
204 121 24
204 132 56
204 133 77
204 146 95
204 147 53
204 148 39
204 156 32
204 157 103
204 158 39
204 159 35
205 116 72
205 117 84
205 118 70
205 119 65
205 120 38
205 121 24
205 132 33
205 133 67
205 146 78
205 147 53
205 148 39
205 157 103
205 158 39
205 159 35
205 160 35
206 116 74
206 117 84
206 118 55
206 119 83
206 120 39
206 133 86
206 146 78
206 147 46
206 148 39
206 157 76
206 158 39
206 159 35
206 160 35
207 116 74
207 117 84
207 118 52
207 119 91
207 120 39
207 132 46
207 133 89
207 146 65
207 147 52
207 148 39
207 157 48
207 158 111
207 159 36
207 160 35
208 116 59
208 117 104
208 118 55
208 119 83
208 120 18
208 132 49
208 133 62
208 146 88
208 147 52
208 148 65
208 157 32
208 158 96
208 159 78
208 160 36
209 116 59
209 117 103
209 118 55
209 119 60
209 120 18
209 132 79
209 133 62
209 146 74
209 147 54
209 148 66
209 157 33
209 158 92
209 159 79
209 160 36
210 116 74
210 117 87
210 118 52
210 119 79
210 132 78
210 133 86
210 146 74
210 147 65
210 148 60
210 149 18
210 156 32
210 157 70
210 158 100
210 159 79
211 116 74
211 117 86
211 118 91
211 119 39
211 132 78
211 133 54
211 147 74
211 148 46
211 149 18
211 156 40
211 157 76
211 158 132
211 159 36
212 117 84
212 118 90
212 119 39
212 132 53
212 133 74
212 147 103
212 148 47
212 149 24
212 156 54
212 157 106
212 158 109
212 159 73
213 117 84
213 118 47
213 119 39
213 132 72
213 147 104
213 148 60
213 149 24
213 156 54
213 157 122
213 158 109
213 159 73
214 117 84
214 118 39
214 119 39
214 132 114
214 147 108
214 148 76
214 149 24
214 156 40
214 157 80
214 158 132
214 159 100
215 117 83
215 118 39
215 119 39
215 132 120
215 147 102
215 148 85
215 149 24
215 157 42
215 158 105
215 159 109
216 117 83
216 118 60
216 119 39
216 132 74
216 147 53
216 148 55
216 149 24
216 158 49
216 159 115
217 117 66
217 118 53
217 119 39
217 147 102
217 148 56
217 149 61
217 159 104
218 117 73
218 118 53
218 119 39
218 120 24
218 131 25
218 147 100
218 148 81
218 149 60
218 159 55
219 117 107
219 118 53
219 119 39
219 120 24
219 131 60
219 147 132
219 148 81
219 149 60
219 158 33
219 159 33
219 160 73
220 118 55
220 119 66
220 120 24
220 131 115
220 147 132
220 148 96
220 158 33
220 159 33
220 160 73
221 118 108
221 119 66
221 120 24
221 130 34
221 131 102
221 147 128
221 148 86
221 157 33
221 158 33
221 159 64
222 119 70
222 120 24
222 130 63
222 147 115
222 148 94
222 157 33
222 158 33
222 159 105
223 119 130
223 120 53
223 129 66
223 130 115
223 147 72
223 148 75
223 158 33
223 159 127
224 120 106
224 121 25
224 129 62
224 130 126
224 148 73
224 149 33
224 158 80
224 159 73
225 120 89
225 121 76
225 128 42
225 129 88
225 130 100
225 148 110
225 149 73
225 158 114
226 120 72
226 121 125
226 122 67
226 128 45
226 129 126
226 148 72
226 149 74
226 150 29
226 158 141
227 120 72
227 121 108
227 122 113
227 127 33
227 128 73
227 129 141
227 149 130
227 150 81
227 151 29
227 157 92
227 158 100
228 120 73
228 121 100
228 122 123
228 123 102
228 124 33
228 125 33
228 126 55
228 127 66
228 128 104
228 129 118
228 149 72
228 150 137
228 151 125
228 152 60
228 155 40
228 156 81
228 157 140
229 121 99
229 122 100
229 123 147
229 124 130
229 125 90
229 126 63
229 127 113
229 128 124
229 129 72
229 149 72
229 150 140
229 151 144
229 152 128
229 153 106
229 154 91
229 155 104
229 156 122
229 157 118
229 158 72
230 121 98
230 122 99
230 123 131
230 124 137
230 125 127
230 126 129
230 127 127
230 128 137
230 129 72
230 149 99
230 150 147
230 151 144
230 152 133
230 153 126
230 154 126
230 155 118
230 156 132
230 157 99
230 158 72
231 121 71
231 122 117
231 123 135
231 124 140
231 125 127
231 126 128
231 127 127
231 128 137
231 129 72
231 149 99
231 150 143
231 151 137
231 152 126
231 153 126
231 154 117
231 155 116
231 156 107
231 157 99
231 158 72
232 121 71
232 122 129
232 123 132
232 124 145
232 125 126
232 126 127
232 127 127
232 128 137
232 149 99
232 150 136
232 151 125
232 152 125
232 153 125
232 154 107
232 155 118
232 156 116
232 157 72
232 158 72
233 120 71
233 121 98
233 122 139
233 123 139
233 124 135
233 125 126
233 126 126
233 127 126
233 128 127
233 149 72
233 150 124
233 151 125
233 152 125
233 153 117
233 154 118
233 155 121
233 156 116
233 157 72
233 158 71
234 120 71
234 121 109
234 122 127
234 123 134
234 124 125
234 125 125
234 126 125
234 127 134
234 128 96
234 150 134
234 151 131
234 152 131
234 153 124
234 154 118
234 155 119
234 156 71
234 157 71
235 120 53
235 121 122
235 122 133
235 123 124
235 124 124
235 125 124
235 126 125
235 127 129
235 150 115
235 151 136
235 152 130
235 153 123
235 154 127
235 155 115
235 156 71
235 157 70
236 121 106
236 122 133
236 123 124
236 124 124
236 125 124
236 126 138
236 151 136
236 152 130
236 153 130
236 154 124
236 155 115
236 156 70
237 122 119
237 123 127
237 124 127
237 125 138
237 151 114
237 152 126
237 153 121
237 154 123
237 155 70
238 123 70
238 151 70
238 152 114
238 153 128
238 154 70
239 152 70
239 153 70
